       time             b_x              b_y              b_z              F_x              F_y              F_z
  0.00000000e+00   7.69485273e-05   5.48781972e-05  -4.34135926e-04   1.53961276e-18  -2.05988526e-18   1.25033313e-20
  8.00000000e-08   7.69954230e-05   5.50684342e-05  -4.30569454e-04   1.54890886e-18  -2.05386429e-18   1.42968861e-20
  1.60000000e-07   7.69062819e-05   5.50130815e-05  -4.25941258e-04   1.55160845e-18  -2.04415196e-18   1.61368215e-20
  2.40000000e-07   7.68194028e-05   5.49593433e-05  -4.21312789e-04   1.55416877e-18  -2.03459330e-18   1.79686091e-20
  3.20000000e-07   7.67347896e-05   5.49072222e-05  -4.16684054e-04   1.55659140e-18  -2.02518915e-18   1.97924619e-20
  4.00000000e-07   7.66524462e-05   5.48567210e-05  -4.12055057e-04   1.55887791e-18  -2.01594031e-18   2.16085936e-20
  4.80000000e-07   7.65723762e-05   5.48078423e-05  -4.07425802e-04   1.56102983e-18  -2.00684756e-18   2.34172181e-20
  5.60000000e-07   7.64945830e-05   5.47605883e-05  -4.02796294e-04   1.56304866e-18  -1.99791165e-18   2.52185497e-20
  6.40000000e-07   7.64190696e-05   5.47149614e-05  -3.98166538e-04   1.56493590e-18  -1.98913329e-18   2.70128033e-20
  7.20000000e-07   7.56239077e-05   5.36096573e-05  -3.91415464e-04   1.54014937e-18  -1.96251319e-18   2.87736571e-20
  8.00000000e-07   7.56436218e-05   5.35955724e-05  -3.86887320e-04   1.54243677e-18  -1.95634044e-18   3.05626914e-20
  8.80000000e-07   7.56656024e-05   5.35831142e-05  -3.82358980e-04   1.54460784e-18  -1.95032049e-18   3.23503251e-20
  9.60000000e-07   7.56898525e-05   5.35722848e-05  -3.77830448e-04   1.54666372e-18  -1.94445399e-18   3.41367568e-20
  1.04000000e-06   7.57163751e-05   5.35630862e-05  -3.73301728e-04   1.54860551e-18  -1.93874157e-18   3.59221858e-20
  1.12000000e-06   7.57451730e-05   5.35555203e-05  -3.68772824e-04   1.55043428e-18  -1.93318382e-18   3.77068120e-20
  1.20000000e-06   7.57762489e-05   5.35495889e-05  -3.64243738e-04   1.55215109e-18  -1.92778133e-18   3.94908360e-20
  1.28000000e-06   7.58096052e-05   5.35452936e-05  -3.59714474e-04   1.55375697e-18  -1.92253465e-18   4.12744590e-20
  1.36000000e-06   7.58452441e-05   5.35426360e-05  -3.55185036e-04   1.55525293e-18  -1.91744430e-18   4.30578828e-20
  1.44000000e-06   7.76413182e-05   5.54751069e-05  -3.50057394e-04   1.60184005e-18  -1.95373439e-18   4.56649372e-20
  1.52000000e-06   7.75623664e-05   5.53873801e-05  -3.45425666e-04   1.60104174e-18  -1.94600155e-18   4.74679779e-20
  1.60000000e-06   7.74857661e-05   5.53013620e-05  -3.40793824e-04   1.60012457e-18  -1.93843910e-18   4.92630870e-20
  1.68000000e-06   7.74115161e-05   5.52170516e-05  -3.36161871e-04   1.59908978e-18  -1.93104721e-18   5.10504977e-20
  1.76000000e-06   7.73396154e-05   5.51344481e-05  -3.31529813e-04   1.59793859e-18  -1.92382607e-18   5.28304430e-20
  1.84000000e-06   7.72700623e-05   5.50535503e-05  -3.26897651e-04   1.59667217e-18  -1.91677583e-18   5.46031552e-20
  1.92000000e-06   7.72028553e-05   5.49743570e-05  -3.22265390e-04   1.59529168e-18  -1.90989661e-18   5.63688658e-20
  2.00000000e-06   7.71379925e-05   5.48968669e-05  -3.17633032e-04   1.59379825e-18  -1.90318851e-18   5.81278058e-20
  2.08000000e-06   7.55055262e-05   5.39466716e-05  -3.14738154e-04   1.57320718e-18  -1.86003440e-18   5.85984594e-20
  2.16000000e-06   7.54732229e-05   5.39386274e-05  -3.10051947e-04   1.57293789e-18  -1.85433764e-18   6.02939775e-20
  2.24000000e-06   7.54431925e-05   5.39322470e-05  -3.05365670e-04   1.57256058e-18  -1.84880728e-18   6.19868619e-20
  2.32000000e-06   7.54154343e-05   5.39275300e-05  -3.00679328e-04   1.57207624e-18  -1.84344354e-18   6.36773249e-20
  2.40000000e-06   7.53899479e-05   5.39244760e-05  -2.95992922e-04   1.57148581e-18  -1.83824659e-18   6.53655783e-20
  2.48000000e-06   7.53667323e-05   5.39230844e-05  -2.91306457e-04   1.57079022e-18  -1.83321661e-18   6.70518336e-20
  2.56000000e-06   7.53457868e-05   5.39233544e-05  -2.86619936e-04   1.56999037e-18  -1.82835372e-18   6.87363016e-20
  2.64000000e-06   7.53271101e-05   5.39252851e-05  -2.81933361e-04   1.56908714e-18  -1.82365804e-18   7.04191929e-20
  2.72000000e-06   7.53107011e-05   5.39288757e-05  -2.77246737e-04   1.56808136e-18  -1.81912968e-18   7.21007174e-20
  2.80000000e-06   7.40337807e-05   5.27247826e-05  -2.70920551e-04   1.53663167e-18  -1.78478040e-18   7.25692214e-20
  2.88000000e-06   7.40491980e-05   5.27372493e-05  -2.66421843e-04   1.53567865e-18  -1.78133711e-18   7.42167124e-20
  2.96000000e-06   7.40668490e-05   5.27513331e-05  -2.61923132e-04   1.53463342e-18  -1.77805349e-18   7.58648901e-20
  3.04000000e-06   7.40867320e-05   5.27670327e-05  -2.57424423e-04   1.53349660e-18  -1.77492958e-18   7.75139533e-20
  3.12000000e-06   7.41088455e-05   5.27843470e-05  -2.52925717e-04   1.53226881e-18  -1.77196539e-18   7.91641002e-20
  3.20000000e-06   7.41331876e-05   5.28032744e-05  -2.48427017e-04   1.53095064e-18  -1.76916093e-18   8.08155287e-20
  3.28000000e-06   7.41597562e-05   5.28238138e-05  -2.43928326e-04   1.52954264e-18  -1.76651618e-18   8.24684361e-20
  3.36000000e-06   7.41885494e-05   5.28459634e-05  -2.39429646e-04   1.52804536e-18  -1.76403111e-18   8.41230197e-20
  3.44000000e-06   7.65021346e-05   5.46109164e-05  -2.34592015e-04   1.56714184e-18  -1.81553127e-18   8.84167765e-20
  3.52000000e-06   7.63723444e-05   5.45449310e-05  -2.30019184e-04   1.56330778e-18  -1.80944828e-18   8.99805319e-20
  3.60000000e-06   7.62448536e-05   5.44805922e-05  -2.25446411e-04   1.55937468e-18  -1.80353521e-18   9.15367336e-20
  3.68000000e-06   7.61196564e-05   5.44178958e-05  -2.20873698e-04   1.55534338e-18  -1.79779168e-18   9.30856107e-20
  3.76000000e-06   7.59967470e-05   5.43568378e-05  -2.16301048e-04   1.55121467e-18  -1.79221731e-18   9.46273900e-20
  3.84000000e-06   7.58761194e-05   5.42974137e-05  -2.11728463e-04   1.54698933e-18  -1.78681166e-18   9.61622965e-20
  3.92000000e-06   7.57577676e-05   5.42396191e-05  -2.07155946e-04   1.54266811e-18  -1.78157433e-18   9.76905530e-20
  4.00000000e-06   7.56416852e-05   5.41834497e-05  -2.02583499e-04   1.53825172e-18  -1.77650486e-18   9.92123804e-20
  4.08000000e-06   7.55278658e-05   5.41289007e-05  -1.98011125e-04   1.53374087e-18  -1.77160277e-18   1.00727998e-19
  4.16000000e-06   7.53727028e-05   5.36358876e-05  -1.94317034e-04   1.51990785e-18  -1.76579456e-18   1.02150614e-19
  4.24000000e-06   7.53560942e-05   5.36545368e-05  -1.89661497e-04   1.51676209e-18  -1.76342000e-18   1.03773219e-19
  4.32000000e-06   7.53417106e-05   5.36747637e-05  -1.85006013e-04   1.51352376e-18  -1.76120986e-18   1.05396284e-19
  4.40000000e-06   7.53295473e-05   5.36965648e-05  -1.80350586e-04   1.51019324e-18  -1.75916380e-18   1.07020003e-19
  4.48000000e-06   7.53195993e-05   5.37199368e-05  -1.75695218e-04   1.50677091e-18  -1.75728148e-18   1.08644571e-19
  4.56000000e-06   7.53118617e-05   5.37448759e-05  -1.71039910e-04   1.50325711e-18  -1.75556252e-18   1.10270179e-19
  4.64000000e-06   7.53063291e-05   5.37713785e-05  -1.66384666e-04   1.49965214e-18  -1.75400655e-18   1.11897018e-19
  4.72000000e-06   7.53029963e-05   5.37994409e-05  -1.61729489e-04   1.49595630e-18  -1.75261314e-18   1.13525276e-19
  4.80000000e-06   7.43929196e-05   5.30355496e-05  -1.55350140e-04   1.47101004e-18  -1.73021821e-18   1.13740856e-19
  4.88000000e-06   7.45055029e-05   5.30837542e-05  -1.50778129e-04   1.46760912e-18  -1.73180999e-18   1.15494070e-19
  4.96000000e-06   7.46202516e-05   5.31334899e-05  -1.46206212e-04   1.46412421e-18  -1.73355841e-18   1.17254310e-19
  5.04000000e-06   7.47371606e-05   5.31847528e-05  -1.41634391e-04   1.46055521e-18  -1.73546307e-18   1.19021761e-19
  5.12000000e-06   7.48562247e-05   5.32375395e-05  -1.37062669e-04   1.45690201e-18  -1.73752354e-18   1.20796610e-19
  5.20000000e-06   7.49774384e-05   5.32918460e-05  -1.32491049e-04   1.45316446e-18  -1.73973939e-18   1.22579039e-19
  5.28000000e-06   7.51007960e-05   5.33476684e-05  -1.27919532e-04   1.44934241e-18  -1.74211015e-18   1.24369232e-19
  5.36000000e-06   7.52262921e-05   5.34050029e-05  -1.23348122e-04   1.44543565e-18  -1.74463536e-18   1.26167374e-19
  5.44000000e-06   7.53539207e-05   5.34638453e-05  -1.18776821e-04   1.44144399e-18  -1.74731452e-18   1.27973645e-19
  5.52000000e-06   7.65932293e-05   5.46633603e-05  -1.13423934e-04   1.46302717e-18  -1.77648210e-18   1.31801936e-19
  5.60000000e-06   7.65858760e-05   5.46600174e-05  -1.08819571e-04   1.45728440e-18  -1.77618125e-18   1.33443865e-19
  5.68000000e-06   7.65806585e-05   5.46582094e-05  -1.04215368e-04   1.45145185e-18  -1.77603741e-18   1.35086735e-19
  5.76000000e-06   7.65775680e-05   5.46579302e-05  -9.96113279e-05   1.44552953e-18  -1.77604981e-18   1.36730724e-19
  5.84000000e-06   7.65765957e-05   5.46591733e-05  -9.50074539e-05   1.43951739e-18  -1.77621767e-18   1.38376006e-19
  5.92000000e-06   7.65777323e-05   5.46619323e-05  -9.04037482e-05   1.43341541e-18  -1.77654019e-18   1.40022756e-19
  6.00000000e-06   7.65809688e-05   5.46662007e-05  -8.58002136e-05   1.42722350e-18  -1.77701655e-18   1.41671145e-19
  6.08000000e-06   7.65862957e-05   5.46719716e-05  -8.11968525e-05   1.42094156e-18  -1.77764594e-18   1.43321343e-19
  6.16000000e-06   7.57776292e-05   5.43448884e-05  -7.75673598e-05   1.40829593e-18  -1.75886772e-18   1.43512131e-19
  6.24000000e-06   7.58777713e-05   5.44069894e-05  -7.29336317e-05   1.40304325e-18  -1.76194176e-18   1.45308116e-19
  6.32000000e-06   7.59799464e-05   5.44705755e-05  -6.83000692e-05   1.39770158e-18  -1.76516496e-18   1.47111710e-19
  6.40000000e-06   7.60841465e-05   5.45356410e-05  -6.36666747e-05   1.39227051e-18  -1.76853659e-18   1.48923075e-19
  6.48000000e-06   7.61903634e-05   5.46021801e-05  -5.90334509e-05   1.38674964e-18  -1.77205591e-18   1.50742375e-19
  6.56000000e-06   7.62985888e-05   5.46701869e-05  -5.44004003e-05   1.38113850e-18  -1.77572215e-18   1.52569770e-19
  6.64000000e-06   7.64088143e-05   5.47396554e-05  -4.97675253e-05   1.37543664e-18  -1.77953453e-18   1.54405420e-19
  6.72000000e-06   7.65210313e-05   5.48105794e-05  -4.51348285e-05   1.36964356e-18  -1.78349226e-18   1.56249483e-19
  6.80000000e-06   7.66352311e-05   5.48829527e-05  -4.05023126e-05   1.36375875e-18  -1.78759453e-18   1.58102116e-19
