       time             b_x              b_y              b_z              F_x              F_y              F_z
  0.00000000e+00   7.91063461e-05   5.61201578e-05  -5.32858868e-04   2.07205534e-17   1.31071178e-17   4.45652860e-18
  8.00000000e-08   9.16744277e-05   6.53664136e-05  -4.74140727e-04   2.30971157e-17   5.26857773e-18   5.19213549e-18
  1.60000000e-07   1.04807932e-04   7.45580056e-05  -4.13458803e-04   2.54752141e-17  -2.89164875e-18   5.93628414e-18
  2.40000000e-07   1.21792260e-04   8.62452901e-05  -3.55422266e-04   2.86546315e-17  -1.20492293e-17   6.89524345e-18
  3.20000000e-07   1.32340509e-04   9.42964599e-05  -2.95882823e-04   3.07287747e-17  -1.93708983e-17   7.57074890e-18
  4.00000000e-07   1.48518809e-04   1.06182132e-04  -2.34663693e-04   3.39547998e-17  -2.85446601e-17   8.57394478e-18
  4.80000000e-07   1.60176907e-04   1.14472949e-04  -1.75078978e-04   3.60878942e-17  -3.62505628e-17   9.31430186e-18
  5.60000000e-07   1.72288194e-04   1.22380784e-04  -1.14936181e-04   3.80762220e-17  -4.41611172e-17   1.00543740e-17
  6.40000000e-07   1.86959296e-04   1.33561872e-04  -5.42117504e-05   4.10182026e-17  -5.29218537e-17   1.10749505e-17
