       time             b_x              b_y              b_z              F_x              F_y              F_z
  0.00000000e+00  -4.48806242e-03  -2.61324879e-03  -2.38211367e-02   1.00054999e-16  -3.91763139e-17  -1.45532781e-17
  8.00000000e-08  -4.42624140e-03  -2.57738265e-03  -2.35849068e-02   1.03806683e-16  -1.93622864e-17  -1.73657424e-17
  1.60000000e-07  -4.37258308e-03  -2.54628354e-03  -2.33454808e-02   1.03975480e-16   2.95089723e-19  -1.95066793e-17
  2.40000000e-07  -4.32717691e-03  -2.51998948e-03  -2.31030710e-02   1.00770915e-16   1.91368837e-17  -2.09616429e-17
  3.20000000e-07  -4.28984253e-03  -2.49838194e-03  -2.28579800e-02   9.45057479e-17   3.65851318e-17  -2.17350094e-17
  4.00000000e-07  -4.26015250e-03  -2.48119955e-03  -2.26105856e-02   8.55745432e-17   5.21567315e-17  -2.18469292e-17
  4.80000000e-07  -4.23746173e-03  -2.46805549e-03  -2.23613245e-02   7.44312189e-17   6.54718969e-17  -2.13309240e-17
  5.60000000e-07  -4.22094159e-03  -2.45845773e-03  -2.21106741e-02   6.15666979e-17   7.62574966e-17  -2.02320954e-17
  6.40000000e-07  -4.20961738e-03  -2.45183096e-03  -2.18591340e-02   4.74876527e-17   8.43458096e-17  -1.86057927e-17
  7.20000000e-07  -4.14110185e-03  -2.41153396e-03  -2.17031609e-02   3.15318157e-17   9.16765480e-17  -1.62030578e-17
  8.00000000e-07  -4.14458262e-03  -2.41324362e-03  -2.14942400e-02   1.61515600e-17   9.42423266e-17  -1.36953513e-17
  8.80000000e-07  -4.14944120e-03  -2.41569663e-03  -2.12859303e-02   9.35720827e-19   9.41214452e-17  -1.08640578e-17
  9.60000000e-07  -4.15465843e-03  -2.41830010e-03  -2.10785540e-02  -1.36972647e-17   9.14644629e-17  -7.79375398e-18
  1.04000000e-06  -4.15924477e-03  -2.42047993e-03  -2.08723912e-02  -2.73764533e-17   8.64835007e-17  -4.57380309e-18
  1.12000000e-06  -4.16226569e-03  -2.42169546e-03  -2.06676751e-02  -3.97852492e-17   7.94405386e-17  -1.29593746e-18
  1.20000000e-06  -4.16286384e-03  -2.42145222e-03  -2.04645869e-02  -5.06658158e-17   7.06354926e-17   1.94845968e-18
  1.28000000e-06  -4.16027748e-03  -2.41931242e-03  -2.02632551e-02  -5.98212176e-17   6.03944615e-17   5.07123822e-18
  1.36000000e-06  -4.15385500e-03  -2.41490328e-03  -2.00637544e-02  -6.71155145e-17   4.90584603e-17   7.99036291e-18
  1.44000000e-06  -4.00445697e-03  -2.32751928e-03  -1.99932256e-02  -7.54092452e-17   4.05475352e-17   1.03834125e-17
  1.52000000e-06  -3.99602345e-03  -2.32196695e-03  -1.98278081e-02  -7.94559324e-17   2.75257360e-17   1.27898111e-17
  1.60000000e-06  -3.98309810e-03  -2.31378926e-03  -1.96638562e-02  -8.14627574e-17   1.42851314e-17   1.48201536e-17
  1.68000000e-06  -3.96553084e-03  -2.30290558e-03  -1.95012758e-02  -8.14814400e-17   1.15305772e-18   1.64328623e-17
  1.76000000e-06  -3.94328607e-03  -2.28930182e-03  -1.93399434e-02  -7.96091004e-17  -1.15655339e-17   1.76007989e-17
  1.84000000e-06  -3.91643807e-03  -2.27302756e-03  -1.91797111e-02  -7.59823756e-17  -2.35941344e-17   1.83115577e-17
  1.92000000e-06  -3.88516400e-03  -2.25419185e-03  -1.90204119e-02  -7.07710270e-17  -3.46895495e-17   1.85671030e-17
  2.00000000e-06  -3.84973484e-03  -2.23295781e-03  -1.88618642e-02  -6.41712492e-17  -4.46455573e-17   1.83828033e-17
  2.08000000e-06  -3.81050468e-03  -2.20953631e-03  -1.87038773e-02  -5.63988823e-17  -5.32953488e-17   1.77859493e-17
  2.16000000e-06  -3.61701575e-03  -2.09867386e-03  -1.86643593e-02  -5.06250924e-17  -5.71374572e-17   1.62354700e-17
  2.24000000e-06  -3.58079865e-03  -2.07746634e-03  -1.85293033e-02  -4.15662244e-17  -6.34783704e-17   1.51497578e-17
  2.32000000e-06  -3.54242105e-03  -2.05502636e-03  -1.83942454e-02  -3.18976060e-17  -6.83087840e-17   1.37744766e-17
  2.40000000e-06  -3.50234957e-03  -2.03162672e-03  -1.82590330e-02  -2.18478786e-17  -7.15927153e-17   1.21566450e-17
  2.48000000e-06  -3.46107242e-03  -2.00755221e-03  -1.81235212e-02  -1.16407973e-17  -7.33300468e-17   1.03458670e-17
  2.56000000e-06  -3.41908830e-03  -1.98309316e-03  -1.79875749e-02  -1.49053161e-18  -7.35541540e-17   8.39251540e-18
  2.64000000e-06  -3.37689573e-03  -1.95853926e-03  -1.78510708e-02   8.40245468e-18  -7.23288952e-17   6.34610489e-18
  2.72000000e-06  -3.33498303e-03  -1.93417375e-03  -1.77138994e-02   1.78548888e-17  -6.97450899e-17   4.25391208e-18
  2.80000000e-06  -3.16575522e-03  -1.83599517e-03  -1.76605182e-02   2.48252164e-17  -6.28619521e-17   2.08508501e-18
  2.88000000e-06  -3.13361380e-03  -1.81734366e-03  -1.75401721e-02   3.26840188e-17  -5.83386289e-17   2.05371148e-19
  2.96000000e-06  -3.10277266e-03  -1.79947140e-03  -1.74191006e-02   3.97542261e-17  -5.28576533e-17  -1.62077773e-18
  3.04000000e-06  -3.07353998e-03  -1.78255551e-03  -1.72972718e-02   4.59371420e-17  -4.65619687e-17  -3.36413450e-18
  3.12000000e-06  -3.04618741e-03  -1.76675153e-03  -1.71746676e-02   5.11566639e-17  -3.96027076e-17  -4.99949362e-18
  3.20000000e-06  -3.02094667e-03  -1.75219155e-03  -1.70512838e-02   5.53593745e-17  -3.21355278e-17  -6.50567541e-18
  3.28000000e-06  -2.99800707e-03  -1.73898275e-03  -1.69271298e-02   5.85141369e-17  -2.43171270e-17  -7.86540501e-18
  3.36000000e-06  -2.97751405e-03  -1.72720669e-03  -1.68022280e-02   6.06112423e-17  -1.63020064e-17  -9.06510084e-18
  3.44000000e-06  -2.95956855e-03  -1.71691892e-03  -1.66766128e-02   6.16611654e-17  -8.23953517e-18  -1.00946058e-17
  3.52000000e-06  -2.82651896e-03  -1.63838965e-03  -1.66232043e-02   5.99581979e-17   2.63662241e-18  -1.04548314e-17
  3.60000000e-06  -2.81735732e-03  -1.63312595e-03  -1.65124138e-02   5.87435200e-17   1.01462347e-17  -1.10263446e-17
  3.68000000e-06  -2.81038095e-03  -1.62912528e-03  -1.64012031e-02   5.66403926e-17   1.73022007e-17  -1.14240725e-17
  3.76000000e-06  -2.80552086e-03  -1.62634518e-03  -1.62896347e-02   5.37194762e-17   2.40002766e-17  -1.16481339e-17
  3.84000000e-06  -2.74481783e-03  -1.58990566e-03  -1.62045589e-02   4.91632849e-17   3.15520401e-17  -1.14232686e-17
  3.92000000e-06  -2.72898833e-03  -1.58077062e-03  -1.60962443e-02   4.44779103e-17   3.73020941e-17  -1.12042132e-17
  4.00000000e-06  -2.71476940e-03  -1.57255686e-03  -1.59875759e-02   3.92158687e-17   4.23160205e-17  -1.08213021e-17
  4.08000000e-06  -2.70198658e-03  -1.56516076e-03  -1.58786492e-02   3.34829580e-17   4.65439817e-17  -1.02854667e-17
  4.16000000e-06  -2.69044774e-03  -1.55846877e-03  -1.57695615e-02   2.73870984e-17   4.99516297e-17  -9.60912017e-18
  4.24000000e-06  -2.66794641e-03  -1.54584780e-03  -1.56820262e-02   2.08307891e-17   5.29248746e-17  -8.76093611e-18
  4.32000000e-06  -2.66177470e-03  -1.54207629e-03  -1.55858446e-02   1.43012599e-17   5.46398708e-17  -7.84850512e-18
  4.40000000e-06  -2.65612272e-03  -1.53858675e-03  -1.54898029e-02   7.71517840e-18   5.55185950e-17  -6.83757154e-18
  4.48000000e-06  -2.65078899e-03  -1.53526147e-03  -1.53939741e-02   1.17114163e-18   5.55781865e-17  -5.74455286e-18
  4.56000000e-06  -2.64557207e-03  -1.53198306e-03  -1.52984262e-02  -5.23766570e-18   5.48472735e-17  -4.58664643e-18
  4.64000000e-06  -2.64027341e-03  -1.52863611e-03  -1.52032214e-02  -1.14246102e-17   5.33648435e-17  -3.38160782e-18
  4.72000000e-06  -2.63470010e-03  -1.52510879e-03  -1.51084153e-02  -1.73105579e-17   5.11790307e-17  -2.14750921e-18
  4.80000000e-06  -2.62866737e-03  -1.52129428e-03  -1.50140565e-02  -2.28246316e-17   4.83458485e-17  -9.02480864e-19
  4.88000000e-06  -2.62200084e-03  -1.51709206e-03  -1.49201862e-02  -2.79047805e-17   4.49278908e-17   3.35559566e-19
  4.96000000e-06  -2.57372569e-03  -1.48987767e-03  -1.48627585e-02  -3.32651363e-17   4.20720260e-17   1.54299512e-18
  5.04000000e-06  -2.56713408e-03  -1.48612504e-03  -1.47810806e-02  -3.74768402e-17   3.76193694e-17   2.72652508e-18
  5.12000000e-06  -2.55955721e-03  -1.48178710e-03  -1.46999036e-02  -4.11165898e-17   3.27710108e-17   3.85584859e-18
  5.20000000e-06  -2.55088941e-03  -1.47680409e-03  -1.46192345e-02  -4.41556497e-17   2.76034784e-17   4.91621155e-18
  5.28000000e-06  -2.54104112e-03  -1.47112568e-03  -1.45390736e-02  -4.65745994e-17   2.21943690e-17   5.89427282e-18
  5.36000000e-06  -2.52993952e-03  -1.46471134e-03  -1.44594149e-02  -4.83631046e-17   1.66212373e-17   6.77831126e-18
  5.44000000e-06  -2.51752889e-03  -1.45753059e-03  -1.43802461e-02  -4.95195763e-17   1.09605531e-17   7.55839792e-18
  5.52000000e-06  -2.50377080e-03  -1.44956299e-03  -1.43015493e-02  -5.00507301e-17   5.28673187e-18   8.22652868e-18
  5.60000000e-06  -2.48864403e-03  -1.44079809e-03  -1.42233013e-02  -4.99710590e-17  -3.28750402e-19   8.77671350e-18
  5.68000000e-06  -2.42847374e-03  -1.40331557e-03  -1.41867941e-02  -5.02814936e-17  -4.76929594e-18   9.07887387e-18
  5.76000000e-06  -2.41448493e-03  -1.39452490e-03  -1.41177614e-02  -4.91679216e-17  -1.02529284e-17   9.42168985e-18
  5.84000000e-06  -2.39768158e-03  -1.38412805e-03  -1.40509446e-02  -4.75324446e-17  -1.54678798e-17   9.63473967e-18
  5.92000000e-06  -2.38091756e-03  -1.37393713e-03  -1.39825135e-02  -4.53512845e-17  -2.04342101e-17   9.73022409e-18
  6.00000000e-06  -2.36302309e-03  -1.36309470e-03  -1.39143090e-02  -4.26941734e-17  -2.50652301e-17   9.70609460e-18
  6.08000000e-06  -2.34405890e-03  -1.35163754e-03  -1.38462922e-02  -3.96068695e-17  -2.93159492e-17   9.56684795e-18
  6.16000000e-06  -2.32409670e-03  -1.33960869e-03  -1.37784229e-02  -3.61385352e-17  -3.31477022e-17   9.31851206e-18
  6.24000000e-06  -2.30321795e-03  -1.32705674e-03  -1.37106602e-02  -3.23409704e-17  -3.65283510e-17   8.96845926e-18
  6.32000000e-06  -2.23216680e-03  -1.28658929e-03  -1.36772148e-02  -2.90684251e-17  -3.82638227e-17   8.34346759e-18
  6.40000000e-06  -2.21313203e-03  -1.27567401e-03  -1.36162512e-02  -2.48488545e-17  -4.08348531e-17   7.86455503e-18
  6.48000000e-06  -2.19351827e-03  -1.26442867e-03  -1.35552658e-02  -2.04389732e-17  -4.29074546e-17   7.30982916e-18
  6.56000000e-06  -2.17342078e-03  -1.25290905e-03  -1.34942241e-02  -1.58933378e-17  -4.44720057e-17   6.68895736e-18
  6.64000000e-06  -2.15293819e-03  -1.24117281e-03  -1.34330927e-02  -1.12661028e-17  -4.55250994e-17   6.01199892e-18
  6.72000000e-06  -2.13217129e-03  -1.22927879e-03  -1.33718399e-02  -6.61039800e-18  -4.60693235e-17   5.28921552e-18
  6.80000000e-06  -2.11122190e-03  -1.21728631e-03  -1.33104357e-02  -1.97774822e-18  -4.61129753e-17   4.53089295e-18
  6.88000000e-06  -2.09019167e-03  -1.20525457e-03  -1.32488522e-02   2.58245948e-18  -4.56697185e-17   3.74717754e-18
  6.96000000e-06  -2.06918102e-03  -1.19324191e-03  -1.31870640e-02   7.02345738e-18  -4.47581905e-17   2.94793017e-18
  7.04000000e-06  -2.00195217e-03  -1.15444718e-03  -1.31533975e-02   1.05682063e-17  -4.23391218e-17   2.10753427e-18
  7.12000000e-06  -1.98377733e-03  -1.14412353e-03  -1.30977758e-02   1.45806275e-17  -4.06935797e-17   1.34631743e-18
  7.20000000e-06  -1.96586423e-03  -1.13395955e-03  -1.30419266e-02   1.83707374e-17  -3.86629860e-17   5.92541793e-19
  7.28000000e-06  -1.94828847e-03  -1.12399888e-03  -1.29858371e-02   2.19052138e-17  -3.62785305e-17  -1.46363139e-19
  7.36000000e-06  -1.93112080e-03  -1.11428231e-03  -1.29294968e-02   2.51545903e-17  -3.35741250e-17  -8.63567963e-19
  7.44000000e-06  -1.91442654e-03  -1.10484738e-03  -1.28728979e-02   2.80934241e-17  -3.05859111e-17  -1.55287746e-18
  7.52000000e-06  -1.89826502e-03  -1.09572812e-03  -1.28160352e-02   3.07004096e-17  -2.73517645e-17  -2.20874987e-18
  7.60000000e-06  -1.88268921e-03  -1.08695480e-03  -1.27589062e-02   3.29584391e-17  -2.39108041e-17  -2.82630295e-18
  7.68000000e-06  -1.82790626e-03  -1.05397702e-03  -1.27311494e-02   3.42899728e-17  -1.93148979e-17  -3.32424011e-18
  7.76000000e-06  -1.81600400e-03  -1.04710499e-03  -1.26785762e-02   3.57610811e-17  -1.56769470e-17  -3.82746898e-18
  7.84000000e-06  -1.80472492e-03  -1.04059766e-03  -1.26257850e-02   3.68664616e-17  -1.19517363e-17  -4.28463441e-18
  7.92000000e-06  -1.79409072e-03  -1.03446687e-03  -1.25727841e-02   3.76046591e-17  -8.17755376e-18  -4.69321362e-18
  8.00000000e-06  -1.78411667e-03  -1.02872075e-03  -1.25195832e-02   3.79779195e-17  -4.39189575e-18  -5.05120692e-18
  8.08000000e-06  -1.77481158e-03  -1.02336363e-03  -1.24661939e-02   3.79920164e-17  -6.31109705e-19  -5.35711353e-18
  8.16000000e-06  -1.76617790e-03  -1.01839621e-03  -1.24126294e-02   3.76560462e-17   3.06993310e-18  -5.60990605e-18
  8.24000000e-06  -1.75821186e-03  -1.01381556e-03  -1.23589043e-02   3.69821976e-17   6.67813231e-18  -5.80900470e-18
  8.32000000e-06  -1.70931581e-03  -9.85773381e-04  -1.23195257e-02   3.53951180e-17   1.11585927e-17  -5.80389863e-18
  8.40000000e-06  -1.69759568e-03  -9.78632968e-04  -1.22723914e-02   3.39261431e-17   1.45738002e-17  -5.85503455e-18
  8.48000000e-06  -1.68760961e-03  -9.72944206e-04  -1.22262077e-02   3.21912035e-17   1.77776718e-17  -5.85814253e-18
  8.56000000e-06  -1.67813315e-03  -9.67539643e-04  -1.21798887e-02   3.01855498e-17   2.07697522e-17  -5.80883228e-18
  8.64000000e-06  -1.66913750e-03  -9.62401702e-04  -1.21334560e-02   2.79332227e-17   2.35280600e-17  -5.70882975e-18
  8.72000000e-06  -1.66058987e-03  -9.57510630e-04  -1.20869319e-02   2.54597851e-17   2.60334398e-17  -5.56018325e-18
  8.80000000e-06  -1.65245389e-03  -9.52844722e-04  -1.20403395e-02   2.27920185e-17   2.82696337e-17  -5.36524166e-18
  8.88000000e-06  -1.64469002e-03  -9.48380560e-04  -1.19937018e-02   1.99576214e-17   3.02233211e-17  -5.12663328e-18
  8.96000000e-06  -1.63725593e-03  -9.44093250e-04  -1.19470422e-02   1.69849124e-17   3.18841271e-17  -4.84724474e-18
  9.04000000e-06  -1.63010696e-03  -9.39956675e-04  -1.19003840e-02   1.39025422e-17   3.32446012e-17  -4.53019968e-18
  9.12000000e-06  -1.61517162e-03  -9.31606275e-04  -1.18546619e-02   1.06250455e-17   3.44802595e-17  -4.15729259e-18
  9.20000000e-06  -1.60969206e-03  -9.28146123e-04  -1.18094258e-02   7.40330862e-18   3.51980800e-17  -3.77545948e-18
  9.28000000e-06  -1.60433639e-03  -9.24746256e-04  -1.17642494e-02   4.15912154e-18   3.56103368e-17  -3.36639886e-18
  9.36000000e-06  -1.59905943e-03  -9.21380718e-04  -1.17191529e-02   9.19843861e-19   3.57205161e-17  -2.93392195e-18
  9.44000000e-06  -1.59381589e-03  -9.18023579e-04  -1.16741554e-02  -2.28805506e-18   3.55345579e-17  -2.48196315e-18
  9.52000000e-06  -1.58856075e-03  -9.14649150e-04  -1.16292753e-02  -5.43919303e-18   3.50607098e-17  -2.01455029e-18
  9.60000000e-06  -1.58324962e-03  -9.11232186e-04  -1.15845294e-02  -8.50945243e-18   3.43093658e-17  -1.53577330e-18
  9.68000000e-06  -1.57783906e-03  -9.07748080e-04  -1.15399336e-02  -1.14761377e-17   3.32928947e-17  -1.04975153e-18
  9.76000000e-06  -1.55578693e-03  -8.97456433e-04  -1.15152473e-02  -1.45310528e-17   3.25154668e-17  -5.70894634e-19
  9.84000000e-06  -1.55074139e-03  -8.94579128e-04  -1.14779343e-02  -1.72811336e-17   3.10139550e-17  -8.24074794e-20
  9.92000000e-06  -1.54549131e-03  -8.91577622e-04  -1.14407958e-02  -1.98714865e-17   2.92871451e-17   4.02021551e-19
  1.00000000e-05  -1.54000287e-03  -8.88432617e-04  -1.14038391e-02  -2.22852340e-17   2.73528892e-17   8.78487097e-19
  1.00800000e-05  -1.53424444e-03  -8.85126096e-04  -1.13670701e-02  -2.45073372e-17   2.52302070e-17   1.34320727e-18
  1.01600000e-05  -1.52818670e-03  -8.81641439e-04  -1.13304930e-02  -2.65246537e-17   2.29390976e-17   1.79255782e-18
  1.02400000e-05  -1.52180288e-03  -8.77963519e-04  -1.12941110e-02  -2.83259786e-17   2.05003505e-17   2.22310513e-18
  1.03200000e-05  -1.51506889e-03  -8.74078792e-04  -1.12579253e-02  -2.99020685e-17   1.79353581e-17   2.63163743e-18
  1.04000000e-05  -1.50796343e-03  -8.69975364e-04  -1.12219360e-02  -3.12456482e-17   1.52659310e-17   3.01519373e-18
  1.04800000e-05  -1.48138764e-03  -8.52084847e-04  -1.11828996e-02  -3.26523086e-17   1.29302361e-17   3.34019524e-18
  1.05600000e-05  -1.47443468e-03  -8.47786353e-04  -1.11470852e-02  -3.35434547e-17   1.00704952e-17   3.67091520e-18
  1.06400000e-05  -1.46709634e-03  -8.43265126e-04  -1.11114605e-02  -3.41870866e-17   7.16991280e-18   3.96974029e-18
  1.07200000e-05  -1.45936381e-03  -8.38516723e-04  -1.10760208e-02  -3.45834194e-17   4.25062152e-18   4.23487587e-18
  1.08000000e-05  -1.45123113e-03  -8.33538356e-04  -1.10407603e-02  -3.47344959e-17   1.33433587e-18   4.46487018e-18
  1.08800000e-05  -1.44269522e-03  -8.28328872e-04  -1.10056719e-02  -3.46441138e-17  -1.55779745e-18   4.65862208e-18
  1.09600000e-05  -1.43375584e-03  -8.22888738e-04  -1.09707473e-02  -3.43177422e-17  -4.40533957e-18   4.81538457e-18
  1.10400000e-05  -1.42441550e-03  -8.17219997e-04  -1.09359775e-02  -3.37624287e-17  -7.18868934e-18   4.93476391e-18
  1.11200000e-05  -1.41467943e-03  -8.11326229e-04  -1.09013524e-02  -3.29866990e-17  -9.88920263e-18   5.01671459e-18
  1.12000000e-05  -1.38156939e-03  -7.95373035e-04  -1.09053940e-02  -3.24300429e-17  -1.19034194e-17   4.97662107e-18
  1.12800000e-05  -1.37228947e-03  -7.89969955e-04  -1.08779625e-02  -3.12976374e-17  -1.44494845e-17   4.99763416e-18
  1.13600000e-05  -1.36267334e-03  -7.84374421e-04  -1.08506115e-02  -2.99693438e-17  -1.68711916e-17   4.98329122e-18
  1.14400000e-05  -1.35273437e-03  -7.78594421e-04  -1.08233292e-02  -2.84576346e-17  -1.91535569e-17   4.93456977e-18
  1.15200000e-05  -1.34248792e-03  -7.72639081e-04  -1.07961034e-02  -2.67760153e-17  -2.12828866e-17   4.85272002e-18
  1.16000000e-05  -1.33195121e-03  -7.66518579e-04  -1.07689218e-02  -2.49389036e-17  -2.32468439e-17   4.73924330e-18
  1.16800000e-05  -1.32114316e-03  -7.60244054e-04  -1.07417720e-02  -2.29615054e-17  -2.50345043e-17   4.59586824e-18
  1.17600000e-05  -1.31008423e-03  -7.53827515e-04  -1.07146414e-02  -2.08596881e-17  -2.66363998e-17   4.42452506e-18
  1.18400000e-05  -1.29879626e-03  -7.47281745e-04  -1.06875176e-02  -1.86498537e-17  -2.80445505e-17   4.22731849e-18
  1.19200000e-05  -1.27075803e-03  -7.29257865e-04  -1.06360023e-02  -1.65644138e-17  -2.88809371e-17   3.95928951e-18
  1.20000000e-05  -1.26029294e-03  -7.22989710e-04  -1.06067025e-02  -1.42058636e-17  -2.99264639e-17   3.72783858e-18
  1.20800000e-05  -1.24967916e-03  -7.16640012e-04  -1.05773955e-02  -1.17877382e-17  -3.07649578e-17   3.47706486e-18
  1.21600000e-05  -1.23893994e-03  -7.10222186e-04  -1.05480693e-02  -9.32723221e-18  -3.13943248e-17   3.20938604e-18
  1.22400000e-05  -1.22809903e-03  -7.03749897e-04  -1.05187121e-02  -6.84145009e-18  -3.18139417e-17   2.92726297e-18
  1.23200000e-05  -1.21718049e-03  -6.97236962e-04  -1.04893125e-02  -4.34729058e-18  -3.20246227e-17   2.63317428e-18
  1.24000000e-05  -1.20620852e-03  -6.90697255e-04  -1.04598595e-02  -1.86133592e-18  -3.20285761e-17   2.32959235e-18
  1.24800000e-05  -1.19520729e-03  -6.84144616e-04  -1.04303427e-02   6.00253750e-19  -3.18293527e-17   2.01896076e-18
  1.25600000e-05  -1.16359635e-03  -6.67970625e-04  -1.04550608e-02   2.71555852e-18  -3.09715790e-17   1.67653649e-18
  1.26400000e-05  -1.15350889e-03  -6.62327580e-04  -1.04331789e-02   5.07320899e-18  -3.04280358e-17   1.37075534e-18
  1.27200000e-05  -1.14345713e-03  -6.56709562e-04  -1.04111953e-02   7.36870561e-18  -2.96979802e-17   1.06396511e-18
  1.28000000e-05  -1.13346152e-03  -6.51128367e-04  -1.03891048e-02   9.58805505e-18  -2.87886670e-17   7.58239178e-19
  1.28800000e-05  -1.12354189e-03  -6.45595402e-04  -1.03669028e-02   1.17180058e-17  -2.77084021e-17   4.55560042e-19
  1.29600000e-05  -1.11371732e-03  -6.40121613e-04  -1.03445853e-02   1.37461214e-17  -2.64664636e-17   1.57808347e-19
  1.30400000e-05  -1.10400602e-03  -6.34717420e-04  -1.03221492e-02   1.56608469e-17  -2.50730189e-17  -1.33246220e-19
  1.31200000e-05  -1.09442524e-03  -6.29392664e-04  -1.02995921e-02   1.74515668e-17  -2.35390371e-17  -4.15952197e-19
  1.32000000e-05  -1.08499118e-03  -6.24156547e-04  -1.02769125e-02   1.91086557e-17  -2.18761979e-17  -6.88781843e-19
  1.32800000e-05  -1.05940655e-03  -6.08549601e-04  -1.02103429e-02   2.03271818e-17  -1.97526420e-17  -9.31828371e-19
  1.33600000e-05  -1.05105340e-03  -6.03522203e-04  -1.01834395e-02   2.16585133e-17  -1.79216350e-17  -1.17329213e-18
  1.34400000e-05  -1.04287113e-03  -5.98595357e-04  -1.01564177e-02   2.28373829e-17  -1.60039565e-17  -1.40172979e-18
  1.35200000e-05  -1.03486969e-03  -5.93774600e-04  -1.01292764e-02   2.38589095e-17  -1.40128601e-17  -1.61614525e-18
  1.36000000e-05  -1.02705779e-03  -5.89064736e-04  -1.01020157e-02   2.47193071e-17  -1.19617840e-17  -1.81566654e-18
  1.36800000e-05  -1.01944283e-03  -5.84469815e-04  -1.00746359e-02   2.54158810e-17  -9.86425808e-18  -1.99954387e-18
  1.37600000e-05  -1.01203088e-03  -5.79993121e-04  -1.00471384e-02   2.59470176e-17  -7.73381303e-18  -2.16714688e-18
  1.38400000e-05  -1.00482670e-03  -5.75637165e-04  -1.00195251e-02   2.63121664e-17  -5.58389253e-18  -2.31796128e-18
  1.39200000e-05  -9.82992211e-04  -5.65466221e-04  -1.00636602e-02   2.64539643e-17  -2.93653287e-18  -2.41895397e-18
  1.40000000e-05  -9.76696497e-04  -5.62040124e-04  -1.00444102e-02   2.64802097e-17  -7.70360407e-19  -2.53177180e-18
  1.40800000e-05  -9.70597664e-04  -5.58728750e-04  -1.00250903e-02   2.63423256e-17   1.37944551e-18  -2.62726167e-18
  1.41600000e-05  -9.64695117e-04  -5.55531606e-04  -1.00057070e-02   2.60430839e-17   3.50028222e-18  -2.70527144e-18
  1.42400000e-05  -9.51608362e-04  -5.46452566e-04  -9.95219476e-03   2.53999714e-17   5.64969052e-18  -2.73890470e-18
  1.43200000e-05  -9.44175792e-04  -5.42364925e-04  -9.92903382e-03   2.47556613e-17   7.68774853e-18  -2.77401223e-18
  1.44000000e-05  -9.36924590e-04  -5.38379143e-04  -9.90580399e-03   2.39638922e-17   9.65777047e-18  -2.79148488e-18
  1.44800000e-05  -9.29849495e-04  -5.34491959e-04  -9.88251215e-03   2.30313029e-17   1.15492098e-17  -2.79165912e-18
  1.45600000e-05  -9.22944211e-04  -5.30699535e-04  -9.85916552e-03   2.19652387e-17   1.33521904e-17  -2.77494998e-18
  1.46400000e-05  -9.18104563e-04  -5.25597375e-04  -9.84505124e-03   2.07495808e-17   1.50459130e-17  -2.73826682e-18
  1.47200000e-05  -9.12379584e-04  -5.22193678e-04  -9.82529311e-03   1.94488240e-17   1.66392386e-17  -2.69036403e-18
  1.48000000e-05  -9.06790248e-04  -5.18862340e-04  -9.80551025e-03   1.80393309e-17   1.81207136e-17  -2.62709890e-18
  1.48800000e-05  -9.01327597e-04  -5.15598002e-04  -9.78571066e-03   1.65303975e-17   1.94832885e-17  -2.54910951e-18
  1.49600000e-05  -8.95981969e-04  -5.12394935e-04  -9.76590240e-03   1.49317319e-17   2.07207168e-17  -2.45709530e-18
  1.50400000e-05  -8.90743063e-04  -5.09247081e-04  -9.74609353e-03   1.32533888e-17   2.18275734e-17  -2.35181327e-18
  1.51200000e-05  -8.85600005e-04  -5.06148090e-04  -9.72629208e-03   1.15057027e-17   2.27992680e-17  -2.23407400e-18
  1.52000000e-05  -8.80541416e-04  -5.03091356e-04  -9.70650599e-03   9.69922238e-18   2.36320531e-17  -2.10473766e-18
  1.52800000e-05  -8.69239170e-04  -4.99247029e-04  -9.68058483e-03   7.82652272e-18   2.44407648e-17  -1.96321810e-18
  1.53600000e-05  -8.64572057e-04  -4.96518989e-04  -9.66041624e-03   5.93383933e-18   2.49780556e-17  -1.81486078e-18
  1.54400000e-05  -8.59946268e-04  -4.93811317e-04  -9.64027967e-03   4.01555677e-18   2.53704393e-17  -1.65777069e-18
  1.55200000e-05  -8.55350066e-04  -4.91117322e-04  -9.62018152e-03   2.08243153e-18   2.56175773e-17  -1.49294937e-18
  1.56000000e-05  -8.50771599e-04  -4.88430265e-04  -9.60012795e-03   1.45115305e-19   2.57199373e-17  -1.32142570e-18
  1.56800000e-05  -8.46198963e-04  -4.85743395e-04  -9.58012489e-03  -1.78590196e-18   2.56787727e-17  -1.14425083e-18
  1.57600000e-05  -8.41620269e-04  -4.83049987e-04  -9.56017793e-03  -3.70034654e-18   2.54960980e-17  -9.62492877e-19
  1.58400000e-05  -8.37023706e-04  -4.80343378e-04  -9.54029237e-03  -5.58821261e-18   2.51746611e-17  -7.77231452e-19
  1.59200000e-05  -8.32397600e-04  -4.77616998e-04  -9.52047314e-03  -7.43981094e-18   2.47179117e-17  -5.89552003e-19
  1.60000000e-05  -8.23710896e-04  -4.72322922e-04  -9.51546023e-03  -9.34148685e-18   2.42864663e-17  -3.96866797e-19
  1.60800000e-05  -8.19357436e-04  -4.69728592e-04  -9.49986691e-03  -1.11120907e-17   2.35730578e-17  -2.07178179e-19
  1.61600000e-05  -8.14946994e-04  -4.67098620e-04  -9.48435728e-03  -1.28209417e-17   2.27360798e-17  -1.80933276e-20
  1.62400000e-05  -8.10469727e-04  -4.64427530e-04  -9.46893414e-03  -1.44597455e-17   2.17811793e-17   1.69333382e-19
  1.63200000e-05  -8.05916166e-04  -4.61710069e-04  -9.45359981e-03  -1.60206894e-17   2.07145447e-17   3.54068158e-19
  1.64000000e-05  -8.00279709e-04  -4.57491356e-04  -9.43188561e-03  -1.75105204e-17   1.95391289e-17   5.37997581e-19
  1.64800000e-05  -7.95392947e-04  -4.54526162e-04  -9.41567212e-03  -1.88930798e-17   1.82688903e-17   7.14100255e-19
  1.65600000e-05  -7.90403020e-04  -4.51501399e-04  -9.39955930e-03  -2.01772982e-17   1.69088551e-17   8.84491009e-19
  1.66400000e-05  -7.85302515e-04  -4.48413029e-04  -9.38354693e-03  -2.13576573e-17   1.54669750e-17   1.04828472e-18
  1.67200000e-05  -7.71495343e-04  -4.42176705e-04  -9.36310172e-03  -2.24953247e-17   1.41308388e-17   1.18622127e-18
  1.68000000e-05  -7.66291923e-04  -4.39466063e-04  -9.34851503e-03  -2.34587188e-17   1.25471833e-17   1.33306364e-18
  1.68800000e-05  -7.60971102e-04  -4.36687591e-04  -9.33403234e-03  -2.43052820e-17   1.09062177e-17   1.47128345e-18
  1.69600000e-05  -7.55528388e-04  -4.33838760e-04  -9.31965208e-03  -2.50318962e-17   9.21681776e-18   1.60024165e-18
  1.70400000e-05  -7.49959895e-04  -4.30917393e-04  -9.30537220e-03  -2.56360879e-17   7.48799115e-18   1.71936509e-18
  1.71200000e-05  -7.44262356e-04  -4.27921669e-04  -9.29119017e-03  -2.61160303e-17   5.72883083e-18   1.82814980e-18
  1.72000000e-05  -7.38433136e-04  -4.24850130e-04  -9.27710302e-03  -2.64705427e-17   3.94846844e-18   1.92616364e-18
  1.72800000e-05  -7.32470235e-04  -4.21701685e-04  -9.26310734e-03  -2.66990859e-17   2.15602856e-18   2.01304855e-18
  1.73600000e-05  -7.19644483e-04  -4.12722398e-04  -9.26647243e-03  -2.70058435e-17   5.46447481e-19   2.07296523e-18
  1.74400000e-05  -7.14335264e-04  -4.09559942e-04  -9.25434656e-03  -2.69987107e-17  -1.28008433e-18   2.14065923e-18
  1.75200000e-05  -7.08899877e-04  -4.06326307e-04  -9.24227931e-03  -2.68644818e-17  -3.09372859e-18   2.19656759e-18
  1.76000000e-05  -7.03338613e-04  -4.03021987e-04  -9.23026563e-03  -2.66049017e-17  -4.88554477e-18   2.24058954e-18
  1.76800000e-05  -6.97652355e-04  -3.99647806e-04  -9.21830025e-03  -2.62223195e-17  -6.64679441e-18   2.27270096e-18
  1.77600000e-05  -6.91842569e-04  -3.96204910e-04  -9.20637771e-03  -2.57196708e-17  -8.36898193e-18   2.29295337e-18
  1.78400000e-05  -6.85911290e-04  -3.92694764e-04  -9.19449236e-03  -2.51004549e-17  -1.00438937e-17   2.30147234e-18
  1.79200000e-05  -6.79861107e-04  -3.89119136e-04  -9.18263843e-03  -2.43687119e-17  -1.16636355e-17   2.29845521e-18
  1.80000000e-05  -6.73695146e-04  -3.85480087e-04  -9.17081005e-03  -2.35289955e-17  -1.32206673e-17   2.28416835e-18
  1.80800000e-05  -6.57463387e-04  -3.75853089e-04  -9.14528806e-03  -2.26868702e-17  -1.44802641e-17   2.22609046e-18
  1.81600000e-05  -6.50971046e-04  -3.72144257e-04  -9.13455356e-03  -2.16667914e-17  -1.58935137e-17   2.19158316e-18
  1.82400000e-05  -6.44385601e-04  -3.68386228e-04  -9.12384392e-03  -2.05546597e-17  -1.72259533e-17   2.14722335e-18
  1.83200000e-05  -6.37711664e-04  -3.64581891e-04  -9.11315262e-03  -1.93565935e-17  -1.84717002e-17   2.09349866e-18
  1.84000000e-05  -6.30954217e-04  -3.60734324e-04  -9.10247307e-03  -1.80790723e-17  -1.96253493e-17   2.03094300e-18
  1.84800000e-05  -6.24118588e-04  -3.56846780e-04  -9.09179869e-03  -1.67289019e-17  -2.06819937e-17   1.96013155e-18
  1.85600000e-05  -6.17210417e-04  -3.52922671e-04  -9.08112290e-03  -1.53131777e-17  -2.16372444e-17   1.88167554e-18
  1.86400000e-05  -6.10235630e-04  -3.48965545e-04  -9.07043921e-03  -1.38392474e-17  -2.24872455e-17   1.79621685e-18
  1.87200000e-05  -5.97620108e-04  -3.40466391e-04  -9.08187561e-03  -1.24707548e-17  -2.31199853e-17   1.68735539e-18
  1.88000000e-05  -5.91377193e-04  -3.36693343e-04  -9.07232015e-03  -1.09025496e-17  -2.37839354e-17   1.59335337e-18
  1.88800000e-05  -5.85088215e-04  -3.32899629e-04  -9.06272404e-03  -9.29635600e-18  -2.43341774e-17   1.49403501e-18
  1.89600000e-05  -5.78759323e-04  -3.29088712e-04  -9.05308254e-03  -7.66020307e-18  -2.47688237e-17   1.39008500e-18
  1.90400000e-05  -5.72396795e-04  -3.25264101e-04  -9.04339116e-03  -6.00219801e-18  -2.50865661e-17   1.28219581e-18
  1.91200000e-05  -5.66007010e-04  -3.21429340e-04  -9.03364568e-03  -4.33048549e-18  -2.52866764e-17   1.17106263e-18
  1.92000000e-05  -5.59596416e-04  -3.17587987e-04  -9.02384214e-03  -2.65320708e-18  -2.53690044e-17   1.05737845e-18
  1.92800000e-05  -5.53171498e-04  -3.13743598e-04  -9.01397688e-03  -9.78461236e-19  -2.53339731e-17   9.41829435e-19
  1.93600000e-05  -5.46738745e-04  -3.09899710e-04  -9.00404655e-03   6.85736188e-19  -2.51825707e-17   8.25090448e-19
  1.94400000e-05  -5.31888457e-04  -3.03383198e-04  -8.97634625e-03   2.27004500e-18  -2.46959415e-17   7.00164946e-19
  1.95200000e-05  -5.25825445e-04  -2.99580858e-04  -8.96738772e-03   3.87193554e-18  -2.43322719e-17   5.85847388e-19
  1.96000000e-05  -5.19772443e-04  -2.95788715e-04  -8.95835655e-03   5.44169896e-18  -2.38597445e-17   4.72072971e-19
  1.96800000e-05  -5.13734880e-04  -2.92009808e-04  -8.94924927e-03   6.97209782e-18  -2.32812919e-17   3.59421852e-19
  1.97600000e-05  -5.07718061e-04  -2.88247085e-04  -8.94006279e-03   8.45614055e-18  -2.26003305e-17   2.48448377e-19
  1.98400000e-05  -5.01727144e-04  -2.84503390e-04  -8.93079442e-03   9.88711324e-18  -2.18207381e-17   1.39678603e-19
  1.99200000e-05  -4.95767111e-04  -2.80781449e-04  -8.92144185e-03   1.12586098e-17  -2.09468316e-17   3.36081620e-20
  2.00000000e-05  -4.89842752e-04  -2.77083857e-04  -8.91200319e-03   1.25645604e-17  -1.99833408e-17  -6.92995342e-20
  2.00800000e-05  -4.76800447e-04  -2.70528296e-04  -8.92356942e-03   1.37483589e-17  -1.87844077e-17  -1.65125612e-19
  2.01600000e-05  -4.71073567e-04  -2.67474577e-04  -8.91466659e-03   1.49138566e-17  -1.76615633e-17  -2.58170559e-19
  2.02400000e-05  -4.65389932e-04  -2.64446851e-04  -8.90568765e-03   1.59980289e-17  -1.64645499e-17  -3.47117858e-19
  2.03200000e-05  -4.59752927e-04  -2.61446933e-04  -8.89663367e-03   1.69962930e-17  -1.51994368e-17  -4.31651956e-19
  2.04000000e-05  -4.54165677e-04  -2.58476490e-04  -8.88750602e-03   1.79045102e-17  -1.38725644e-17  -5.11491328e-19
  2.04800000e-05  -4.48631041e-04  -2.55537028e-04  -8.87830645e-03   1.87190015e-17  -1.24905109e-17  -5.86388531e-19
  2.05600000e-05  -4.43151598e-04  -2.52629894e-04  -8.86903701e-03   1.94365600e-17  -1.10600578e-17  -6.56130017e-19
  2.06400000e-05  -4.37729634e-04  -2.49756262e-04  -8.85970007e-03   2.00544617e-17  -9.58815482e-18  -7.20535734e-19
  2.07200000e-05  -4.32367140e-04  -2.46917137e-04  -8.85029829e-03   2.05704727e-17  -8.08188492e-18  -7.79458541e-19
  2.08000000e-05  -4.22569100e-04  -2.40175196e-04  -8.82280700e-03   2.08555018e-17  -6.45411721e-18  -8.23181528e-19
  2.08800000e-05  -4.17545084e-04  -2.37028338e-04  -8.81435387e-03   2.11494126e-17  -4.91722564e-18  -8.69639627e-19
  2.09600000e-05  -4.12579763e-04  -2.33914299e-04  -8.80582786e-03   2.13390281e-17  -3.36810034e-18  -9.10329436e-19
  2.10400000e-05  -4.07673700e-04  -2.30833237e-04  -8.79723214e-03   2.14240828e-17  -1.81389926e-18  -9.45220808e-19
  2.11200000e-05  -4.02827168e-04  -2.27785150e-04  -8.78857019e-03   2.14047959e-17  -2.61744663e-19  -9.74312272e-19
  2.12000000e-05  -3.98040146e-04  -2.24769876e-04  -8.77984578e-03   2.12818652e-17   1.28131008e-18  -9.97629899e-19
  2.12800000e-05  -3.93312322e-04  -2.21787091e-04  -8.77106295e-03   2.10564585e-17   2.80831300e-18  -1.01522611e-18
  2.13600000e-05  -3.88643100e-04  -2.18836318e-04  -8.76222602e-03   2.07302025e-17   4.31244498e-18  -1.02717845e-18
  2.14400000e-05  -3.77703568e-04  -2.16650765e-04  -8.77604456e-03   2.03616856e-17   5.97422081e-18  -1.02380984e-18
  2.15200000e-05  -3.73499546e-04  -2.14416576e-04  -8.76800517e-03   1.98435454e-17   7.41355811e-18  -1.02658983e-18
  2.16000000e-05  -3.69344120e-04  -2.12211945e-04  -8.75994857e-03   1.92316747e-17   8.81123219e-18  -1.02431591e-18
  2.16800000e-05  -3.65235732e-04  -2.10036053e-04  -8.75187976e-03   1.85293338e-17   1.01611954e-17  -1.01712917e-18
  2.17600000e-05  -3.61172605e-04  -2.07887946e-04  -8.74380377e-03   1.77401641e-17   1.14576638e-17  -1.00518856e-18
  2.18400000e-05  -3.57152748e-04  -2.05766538e-04  -8.73572565e-03   1.68681677e-17   1.26951404e-17  -9.88669732e-19
  2.19200000e-05  -3.53173969e-04  -2.03670618e-04  -8.72765047e-03   1.59176850e-17   1.38684369e-17  -9.67763905e-19
  2.20000000e-05  -3.49233887e-04  -2.01598859e-04  -8.71958323e-03   1.48933714e-17   1.49726934e-17  -9.42676691e-19
  2.20800000e-05  -3.45329940e-04  -1.99549819e-04  -8.71152893e-03   1.38001731e-17   1.60033966e-17  -9.13626976e-19
  2.21600000e-05  -3.35867174e-04  -1.92301408e-04  -8.67971970e-03   1.24972007e-17   1.70145438e-17  -8.60548550e-19
  2.22400000e-05  -3.31814488e-04  -1.90203841e-04  -8.67223846e-03   1.12799920e-17   1.78805644e-17  -8.23756961e-19
  2.23200000e-05  -3.27786471e-04  -1.88120146e-04  -8.66476598e-03   1.00104873e-17   1.86619330e-17  -7.83862819e-19
  2.24000000e-05  -3.23780356e-04  -1.86048719e-04  -8.65730765e-03   8.69450892e-18   1.93556664e-17  -7.41132046e-19
  2.24800000e-05  -3.19793274e-04  -1.83987898e-04  -8.64986877e-03   7.33803822e-18   1.99591877e-17  -6.95837638e-19
  2.25600000e-05  -3.15822270e-04  -1.81935974e-04  -8.64245458e-03   5.94718798e-18   2.04703336e-17  -6.48258482e-19
  2.26400000e-05  -3.11864315e-04  -1.79891194e-04  -8.63507020e-03   4.52817420e-18   2.08873595e-17  -5.98678165e-19
  2.27200000e-05  -3.07916318e-04  -1.77851775e-04  -8.62772060e-03   3.08728813e-18   2.12089418e-17  -5.47383784e-19
  2.28000000e-05  -3.03975145e-04  -1.75815909e-04  -8.62041062e-03   1.63086825e-18   2.14341801e-17  -4.94664750e-19
  2.28800000e-05  -2.94765712e-04  -1.70251832e-04  -8.64658741e-03   5.32055137e-20   2.17907008e-17  -4.30874023e-19
  2.29600000e-05  -2.91259074e-04  -1.67958931e-04  -8.64028184e-03  -1.44192360e-18   2.18067034e-17  -3.75295310e-19
  2.30400000e-05  -2.87749865e-04  -1.65665476e-04  -8.63404034e-03  -2.93271706e-18   2.17240852e-17  -3.19090699e-19
  2.31200000e-05  -2.80183026e-04  -1.60970978e-04  -8.60600629e-03  -4.44815344e-18   2.15666537e-17  -2.58576182e-19
  2.32000000e-05  -2.75515143e-04  -1.58189848e-04  -8.59734681e-03  -5.91798857e-18   2.13063849e-17  -2.02383173e-19
  2.32800000e-05  -2.70837527e-04  -1.55402319e-04  -8.58873090e-03  -7.36483763e-18   2.09510220e-17  -1.46839273e-19
  2.33600000e-05  -2.66147612e-04  -1.52606959e-04  -8.58016077e-03  -8.78263729e-18   2.05026333e-17  -9.22321394e-20
  2.34400000e-05  -2.61442885e-04  -1.49802371e-04  -8.57163844e-03  -1.01654972e-17   1.99636681e-17  -3.88383024e-20
  2.35200000e-05  -2.56015600e-04  -1.47049491e-04  -8.57950106e-03  -1.15362211e-17   1.94011400e-17   1.17168594e-20
  2.36000000e-05  -2.51406794e-04  -1.44499197e-04  -8.57859496e-03  -1.28471677e-17   1.87043889e-17   6.14431677e-20
  2.36800000e-05  -2.46778335e-04  -1.41937206e-04  -8.57776300e-03  -1.41096498e-17   1.79237740e-17   1.09341500e-19
  2.37600000e-05  -2.42128300e-04  -1.39362406e-04  -8.57700532e-03  -1.53183424e-17   1.70627126e-17   1.55194438e-19
  2.38400000e-05  -2.37454848e-04  -1.36773734e-04  -8.57632175e-03  -1.64681537e-17   1.61249565e-17   1.98799958e-19
  2.39200000e-05  -2.32756232e-04  -1.34170186e-04  -8.57571179e-03  -1.75542454e-17   1.51145756e-17   2.39972455e-19
  2.40000000e-05  -2.28030808e-04  -1.31550813e-04  -8.57517464e-03  -1.85720527e-17   1.40359413e-17   2.78543678e-19
  2.40800000e-05  -2.23277036e-04  -1.28914732e-04  -8.57470918e-03  -1.95173022e-17   1.28937080e-17   3.14363602e-19
  2.41600000e-05  -2.18493491e-04  -1.26261127e-04  -8.57431400e-03  -2.03860296e-17   1.16927935e-17   3.47301195e-19
  2.42400000e-05  -2.12190468e-04  -1.22722075e-04  -8.54889740e-03  -2.11240587e-17   1.04302406e-17   3.74586684e-19
  2.43200000e-05  -2.07174166e-04  -1.19947989e-04  -8.54214536e-03  -2.18100239e-17   9.12909503e-18   4.00772494e-19
  2.44000000e-05  -2.02129726e-04  -1.17157312e-04  -8.53544702e-03  -2.24091033e-17   7.78886162e-18   4.23765012e-19
  2.44800000e-05  -1.97056427e-04  -1.14349641e-04  -8.52880182e-03  -2.29191589e-17   6.41538666e-18   4.43528936e-19
  2.45600000e-05  -1.91953665e-04  -1.11524640e-04  -8.52220900e-03  -2.33384394e-17   5.01462113e-18   4.60050341e-19
  2.46400000e-05  -1.86820956e-04  -1.08682048e-04  -8.51566759e-03  -2.36655847e-17   3.59259527e-18   4.73336531e-19
  2.47200000e-05  -1.81657936e-04  -1.05821670e-04  -8.50917640e-03  -2.38996287e-17   2.15539306e-18   4.83415755e-19
  2.48000000e-05  -1.76464363e-04  -1.02943386e-04  -8.50273408e-03  -2.40400004e-17   7.09126792e-19   4.90336803e-19
  2.48800000e-05  -1.70963218e-04  -9.96460565e-05  -8.52452843e-03  -2.41838735e-17  -7.24189627e-19   4.93483659e-19
  2.49600000e-05  -1.66184502e-04  -9.69316981e-05  -8.52661801e-03  -2.41582807e-17  -2.19199504e-18   4.95765805e-19
  2.50400000e-05  -1.61379910e-04  -9.42013477e-05  -8.52874564e-03  -2.40373410e-17  -3.65514385e-18   4.95203350e-19
  2.51200000e-05  -1.56549560e-04  -9.14551398e-05  -8.53090700e-03  -2.38214736e-17  -5.10743025e-18   4.91898688e-19
  2.52000000e-05  -1.51693673e-04  -8.86932726e-05  -8.53309762e-03  -2.35114986e-17  -6.54268216e-18   4.85970940e-19
  2.52800000e-05  -1.46812571e-04  -8.59160068e-05  -8.53531292e-03  -2.31086359e-17  -7.95478722e-18   4.77555052e-19
  2.53600000e-05  -1.41906678e-04  -8.31236645e-05  -8.53754820e-03  -2.26145010e-17  -9.33771863e-18   4.66800773e-19
  2.54400000e-05  -1.36976515e-04  -8.03166281e-05  -8.53979868e-03  -2.20311000e-17  -1.06855609e-17   4.53871534e-19
  2.55200000e-05  -1.32022701e-04  -7.74953380e-05  -8.54205951e-03  -2.13608228e-17  -1.19925353e-17   4.38943219e-19
  2.56000000e-05  -1.25680124e-04  -7.39098571e-05  -8.50441585e-03  -2.05231293e-17  -1.31694406e-17   4.17747788e-19
  2.56800000e-05  -1.20991979e-04  -7.10326983e-05  -8.49958347e-03  -1.96807517e-17  -1.43638141e-17   4.00197678e-19
  2.57600000e-05  -1.16289173e-04  -6.81463199e-05  -8.49477593e-03  -1.87638471e-17  -1.54990640e-17   3.81203278e-19
  2.58400000e-05  -1.11572344e-04  -6.52511928e-05  -8.48999009e-03  -1.77765146e-17  -1.65705921e-17   3.60968419e-19
  2.59200000e-05  -1.06842182e-04  -6.23478207e-05  -8.48522271e-03  -1.67231334e-17  -1.75740854e-17   3.39701395e-19
  2.60000000e-05  -1.02099428e-04  -5.94367371e-05  -8.48047050e-03  -1.56083433e-17  -1.85055328e-17   3.17613440e-19
  2.60800000e-05  -9.73448661e-05  -5.65185037e-05  -8.47573013e-03  -1.44370245e-17  -1.93612404e-17   2.94917194e-19
  2.61600000e-05  -9.25793252e-05  -5.35937071e-05  -8.47099823e-03  -1.32142758e-17  -2.01378461e-17   2.71825173e-19
  2.62400000e-05  -8.49788864e-05  -4.96201050e-05  -8.50748264e-03  -1.20335693e-17  -2.08582446e-17   2.41856222e-19
  2.63200000e-05  -7.98893964e-05  -4.65920372e-05  -8.51138815e-03  -1.07290910e-17  -2.14901822e-17   2.18344169e-19
  2.64000000e-05  -7.47968352e-05  -4.35610881e-05  -8.51525186e-03  -9.38493370e-18  -2.20361522e-17   1.95165350e-19
  2.64800000e-05  -6.97016994e-05  -4.05277720e-05  -8.51906974e-03  -8.00674453e-18  -2.24936249e-17   1.72518860e-19
  2.65600000e-05  -6.46044923e-05  -3.74926102e-05  -8.52283796e-03  -6.60033792e-18  -2.28604433e-17   1.50596454e-19
  2.66400000e-05  -5.95057219e-05  -3.44561288e-05  -8.52655289e-03  -5.17167073e-18  -2.31348342e-17   1.29581185e-19
  2.67200000e-05  -5.44058988e-05  -3.14188560e-05  -8.53021113e-03  -3.72681687e-18  -2.33154181e-17   1.09646124e-19
  2.68000000e-05  -4.93055337e-05  -2.83813203e-05  -8.53380952e-03  -2.27194098e-18  -2.34012177e-17   9.09531338e-20
  2.68800000e-05  -4.42051348e-05  -2.53440478e-05  -8.53734515e-03  -8.13271626e-19  -2.33916635e-17   7.36517278e-20
  2.69600000e-05  -3.96795826e-05  -2.28726997e-05  -8.49670707e-03   6.51719536e-19  -2.31840617e-17   5.93667780e-20
  2.70400000e-05  -3.46199401e-05  -1.99005803e-05  -8.49303930e-03   2.08421787e-18  -2.29665835e-17   4.53186224e-20
  2.71200000e-05  -2.95606511e-05  -1.69291189e-05  -8.48934117e-03   3.49825137e-18  -2.26564822e-17   3.29994622e-20
  2.72000000e-05  -2.76387591e-05  -1.59717758e-05  -8.54188841e-03   4.97201899e-18  -2.24703087e-17   2.59275569e-20
  2.72800000e-05  -2.35340497e-05  -1.34786663e-05  -8.54115509e-03   6.36894668e-18  -2.20007709e-17   1.71702702e-20
  2.73600000e-05  -1.94319822e-05  -1.09866359e-05  -8.54034910e-03   7.73188522e-18  -2.14408345e-17   9.98984753e-21
  2.74400000e-05  -1.53330006e-05  -8.49590095e-06  -8.53947093e-03   9.05497700e-18  -2.07929659e-17   4.42826156e-21
  2.75200000e-05  -1.12375317e-05  -6.00666986e-06  -8.53852137e-03   1.03325431e-17  -2.00600131e-17   5.13156206e-22
  2.76000000e-05   3.21330411e-07   1.96261512e-07  -8.50667288e-03   1.14291620e-17  -1.90016730e-17  -6.67238033e-24
  2.76800000e-05   4.31917695e-06   2.63805782e-06  -8.50749589e-03   1.25836188e-17  -1.81266127e-17   7.67772822e-22
  2.77600000e-05   8.31702467e-06   5.07985484e-06  -8.50824030e-03   1.36787061e-17  -1.71778787e-17   3.11521592e-21
  2.78400000e-05   1.23148766e-05   7.52165444e-06  -8.50890663e-03   1.47097028e-17  -1.61595026e-17   7.00465787e-21
  2.79200000e-05   1.63127379e-05   9.96345973e-06  -8.50949578e-03   1.56721637e-17  -1.50758204e-17   1.23918703e-20
  2.80000000e-05   2.03106154e-05   1.24052750e-05  -8.51000892e-03   1.65619391e-17  -1.39314532e-17   1.92196824e-20
  2.80800000e-05   2.43085182e-05   1.48471057e-05  -8.51044760e-03   1.73751933e-17  -1.27312865e-17   2.74183521e-20
  2.81600000e-05   2.83064570e-05   1.72889583e-05  -8.51081365e-03   1.81084218e-17  -1.14804490e-17   3.69060199e-20
  2.82400000e-05   3.23044440e-05   1.97308404e-05  -8.51110924e-03   1.87584664e-17  -1.01842895e-17   4.75892419e-20
  2.83200000e-05   4.32527948e-05   2.56043337e-05  -8.53999908e-03   1.93041669e-17  -8.71843946e-18   7.16310775e-20
  2.84000000e-05   4.73886774e-05   2.80704979e-05  -8.54057454e-03   1.97733429e-17  -7.34272155e-18   8.55819146e-20
  2.84800000e-05   5.15313814e-05   3.05398547e-05  -8.54111009e-03   2.01514159e-17  -5.93888971e-18   1.00344974e-19
  2.85600000e-05   5.56810153e-05   3.30124690e-05  -8.54160970e-03   2.04367263e-17  -4.51297512e-18   1.15780661e-19
  2.86400000e-05   5.98376574e-05   3.54883916e-05  -8.54207745e-03   2.06280163e-17  -3.07110477e-18   1.31741209e-19
  2.87200000e-05   6.40013555e-05   3.79676589e-05  -8.54251758e-03   2.07244345e-17  -1.61947467e-18   1.48071599e-19
  2.88000000e-05   6.81721263e-05   4.04502928e-05  -8.54293443e-03   2.07255393e-17  -1.64322774e-19   1.64610555e-19
  2.88800000e-05   7.23499551e-05   4.29363003e-05  -8.54333244e-03   2.06313004e-17   1.28809820e-18   1.81191571e-19
  2.89600000e-05   8.17113998e-05   4.77206520e-05  -8.50882794e-03   2.03002069e-17   2.84912095e-18   2.10924495e-19
  2.90400000e-05   8.57983246e-05   4.99598814e-05  -8.51040994e-03   2.00195897e-17   4.26067234e-18   2.26841005e-19
  2.91200000e-05   8.98972076e-05   5.22050152e-05  -8.51195861e-03   1.96472160e-17   5.65170087e-18   2.42162477e-19
  2.92000000e-05   9.40077621e-05   5.44558865e-05  -8.51347866e-03   1.91845884e-17   7.01623742e-18   2.56719461e-19
  2.92800000e-05   9.81296483e-05   5.67123022e-05  -8.51497491e-03   1.86335990e-17   8.34842138e-18   2.70343334e-19
  2.93600000e-05   1.02262474e-04   5.89740441e-05  -8.51645230e-03   1.79965205e-17   9.64252601e-18   2.82867488e-19
  2.94400000e-05   1.06405798e-04   6.12408692e-05  -8.51791587e-03   1.72759971e-17   1.08929831e-17   2.94128522e-19
  2.95200000e-05   1.10559129e-04   6.35125111e-05  -8.51937071e-03   1.64750325e-17   1.20944068e-17   3.03967450e-19
  2.96000000e-05   1.14721930e-04   6.57886807e-05  -8.52082197e-03   1.55969774e-17   1.32416169e-17   3.12230892e-19
  2.96800000e-05   1.22952829e-04   7.28625640e-05  -8.54615909e-03   1.45743262e-17   1.44552158e-17   3.32921338e-19
  2.97600000e-05   1.27422253e-04   7.53411697e-05  -8.54763414e-03   1.35378061e-17   1.54836563e-17   3.38289460e-19
  2.98400000e-05   1.31901588e-04   7.78262995e-05  -8.54913660e-03   1.24357000e-17   1.64426402e-17   3.41550097e-19
  2.99200000e-05   1.36389929e-04   8.03174002e-05  -8.55067063e-03   1.12726741e-17   1.73279765e-17   3.42571638e-19
  3.00000000e-05   1.40886325e-04   8.28138884e-05  -8.55224027e-03   1.00536597e-17   1.81357837e-17   3.41234325e-19
  3.00800000e-05   1.45389783e-04   8.53151537e-05  -8.55384938e-03   8.78383268e-18   1.88625072e-17   3.37431384e-19
  3.01600000e-05   1.49899273e-04   8.78205602e-05  -8.55550166e-03   7.46859202e-18   1.95049335e-17   3.31070090e-19
  3.02400000e-05   1.54413733e-04   9.03294502e-05  -8.55720065e-03   6.11353697e-18   2.00602042e-17   3.22072767e-19
  3.03200000e-05   1.58932071e-04   9.28411460e-05  -8.55894964e-03   4.72444387e-18   2.05258285e-17   3.10377699e-19
  3.04000000e-05   1.67439959e-04   9.86958033e-05  -8.53215157e-03   3.20794052e-18   2.09302729e-17   3.05065786e-19
  3.04800000e-05   1.71894576e-04   1.01497730e-04  -8.53543732e-03   1.76542720e-18   2.12047728e-17   2.87706836e-19
  3.05600000e-05   1.76349642e-04   1.04300941e-04  -8.53877595e-03   3.06971975e-19   2.13845675e-17   2.67551804e-19
  3.06400000e-05   1.80803745e-04   1.07104544e-04  -8.54217141e-03  -1.16120971e-18   2.14686750e-17   2.44603097e-19
  3.07200000e-05   1.85255461e-04   1.09907637e-04  -8.54562739e-03  -2.63284392e-18   2.14565166e-17   2.18882271e-19
  3.08000000e-05   1.89703372e-04   1.12709315e-04  -8.54914736e-03  -4.10162423e-18   2.13479199e-17   1.90430393e-19
  3.08800000e-05   2.02966784e-04   1.17086487e-04  -8.57342484e-03  -5.61649120e-18   2.13886753e-17   1.59138702e-19
  3.09600000e-05   2.08538663e-04   1.20187337e-04  -8.57994237e-03  -7.08959951e-18   2.11149005e-17   1.23460975e-19
  3.10400000e-05   2.13504688e-04   1.23284542e-04  -8.56309225e-03  -8.52648544e-18   2.06875504e-17   8.52508113e-20
  3.11200000e-05   2.18992563e-04   1.26343462e-04  -8.56362367e-03  -9.94139709e-18   2.02116915e-17   4.39677238e-20
  3.12000000e-05   2.24467273e-04   1.29394387e-04  -8.56420019e-03  -1.13220269e-17   1.96436893e-17   4.18761809e-23
  3.12800000e-05   2.29927057e-04   1.32436296e-04  -8.56482382e-03  -1.26623892e-17   1.89859136e-17  -4.63525967e-20
  3.13600000e-05   2.35370207e-04   1.35468197e-04  -8.56549636e-03  -1.39566652e-17   1.82411192e-17  -9.50197876e-20
  3.14400000e-05   2.40795068e-04   1.38489136e-04  -8.56621942e-03  -1.51992277e-17   1.74124354e-17  -1.45742934e-19
  3.15200000e-05   2.46200054e-04   1.41498196e-04  -8.56699440e-03  -1.63846647e-17   1.65033524e-17  -1.98285497e-19
  3.16000000e-05   2.51583647e-04   1.44494503e-04  -8.56782247e-03  -1.75078022e-17   1.55177075e-17  -2.52392403e-19
  3.16800000e-05   2.56944410e-04   1.47477230e-04  -8.56870460e-03  -1.85637267e-17   1.44596695e-17  -3.07791424e-19
  3.17600000e-05   2.63292862e-04   1.51229240e-04  -8.59873057e-03  -1.96232461e-17   1.33778897e-17  -3.65581002e-19
  3.18400000e-05   2.68859019e-04   1.54510987e-04  -8.60729992e-03  -2.05595732e-17   1.21896035e-17  -4.23384691e-19
  3.19200000e-05   2.74393666e-04   1.57774184e-04  -8.61593849e-03  -2.14166425e-17   1.09385887e-17  -4.81754151e-19
  3.20000000e-05   2.79895471e-04   1.61018068e-04  -8.62464426e-03  -2.21902249e-17   9.62997329e-18  -5.40351997e-19
  3.20800000e-05   2.85363223e-04   1.64241948e-04  -8.63341490e-03  -2.28764217e-17   8.26917861e-18  -5.98829487e-19
  3.21600000e-05   2.90795845e-04   1.67445209e-04  -8.64224778e-03  -2.34716843e-17   6.86189889e-18  -6.56828676e-19
  3.22400000e-05   2.96192395e-04   1.70627320e-04  -8.65114000e-03  -2.39728342e-17   5.41407978e-18  -7.13984660e-19
  3.23200000e-05   3.01552075e-04   1.73787829e-04  -8.66008836e-03  -2.43770804e-17   3.93189534e-18  -7.69927898e-19
  3.24000000e-05   3.08019463e-04   1.76855421e-04  -8.64465005e-03  -2.46236494e-17   2.46375726e-18  -8.26966320e-19
  3.24800000e-05   3.13469419e-04   1.79815909e-04  -8.64796923e-03  -2.48130712e-17   9.49283241e-19  -8.79679678e-19
  3.25600000e-05   3.18875463e-04   1.82751664e-04  -8.65133853e-03  -2.49011791e-17  -5.76928632e-19  -9.30007497e-19
  3.26400000e-05   3.24237354e-04   1.85662620e-04  -8.65475584e-03  -2.48872930e-17  -2.10817585e-18  -9.77589620e-19
  3.27200000e-05   3.29555029e-04   1.88548808e-04  -8.65821886e-03  -2.47711777e-17  -3.63770754e-18  -1.02207529e-18
  3.28000000e-05   3.34828605e-04   1.91410363e-04  -8.66172506e-03  -2.45530464e-17  -5.15875340e-18  -1.06312554e-18
  3.28800000e-05   3.40058378e-04   1.94247519e-04  -8.66527175e-03  -2.42335623e-17  -6.66455309e-18  -1.10041544e-18
  3.29600000e-05   3.45244827e-04   1.97060613e-04  -8.66885605e-03  -2.38138383e-17  -8.14838569e-18  -1.13363635e-18
  3.30400000e-05   3.50388606e-04   1.99850077e-04  -8.67247493e-03  -2.32954345e-17  -9.60359934e-18  -1.16249801e-18
  3.31200000e-05   3.56446556e-04   2.03953519e-04  -8.70761031e-03  -2.27742939e-17  -1.10768554e-17  -1.19171413e-18
  3.32000000e-05   3.61464203e-04   2.06792174e-04  -8.71871827e-03  -2.20744664e-17  -1.24861930e-17  -1.21132213e-18
  3.32800000e-05   3.66435381e-04   2.09603198e-04  -8.72983214e-03  -2.12791034e-17  -1.38505662e-17  -1.22574399e-18
  3.33600000e-05   3.66739799e-04   2.09051240e-04  -8.71999919e-03  -2.02749418e-17  -1.52116527e-17  -1.21739036e-18
  3.34400000e-05   3.70710541e-04   2.11142533e-04  -8.72851123e-03  -1.92770677e-17  -1.64686834e-17  -1.21709779e-18
  3.35200000e-05   3.74639086e-04   2.13209840e-04  -8.73703993e-03  -1.81945712e-17  -1.76597309e-17  -1.21112253e-18
  3.36000000e-05   3.78527766e-04   2.15254523e-04  -8.74557947e-03  -1.70318581e-17  -1.87789817e-17  -1.19938215e-18
  3.36800000e-05   3.82379085e-04   2.17278043e-04  -8.75412397e-03  -1.57937383e-17  -1.98209007e-17  -1.18182490e-18
  3.37600000e-05   3.92227964e-04   2.26196073e-04  -8.79516272e-03  -1.46822261e-17  -2.07545573e-17  -1.18853731e-18
  3.38400000e-05   3.96289923e-04   2.28790890e-04  -8.80407598e-03  -1.33197320e-17  -2.16385474e-17  -1.16186845e-18
  3.39200000e-05   4.00319445e-04   2.31364514e-04  -8.81295436e-03  -1.18971930e-17  -2.24309873e-17  -1.12929351e-18
  3.40000000e-05   4.04320038e-04   2.33918983e-04  -8.82179296e-03  -1.04208486e-17  -2.31276108e-17  -1.09086046e-18
  3.40800000e-05   4.08295345e-04   2.36456422e-04  -8.83058703e-03  -8.89724556e-18  -2.37245669e-17  -1.04664958e-18
  3.41600000e-05   4.12249124e-04   2.38979034e-04  -8.83933204e-03  -7.33321013e-18  -2.42184435e-17  -9.96773244e-19
  3.42400000e-05   4.16185233e-04   2.41489088e-04  -8.84802366e-03  -5.73581771e-18  -2.46062885e-17  -9.41375514e-19
  3.43200000e-05   4.20107614e-04   2.43988914e-04  -8.85665778e-03  -4.11236150e-18  -2.48856301e-17  -8.80631546e-19
  3.44000000e-05   4.24020269e-04   2.46480887e-04  -8.86523057e-03  -2.47031930e-18  -2.50544932e-17  -8.14746904e-19
  3.44800000e-05   4.35329954e-04   2.46473827e-04  -8.84696708e-03  -7.88836922e-19  -2.48314672e-17  -7.30613218e-19
  3.45600000e-05   4.39283865e-04   2.48568198e-04  -8.85701914e-03   8.53567159e-19  -2.47792853e-17  -6.53084735e-19
  3.46400000e-05   4.43239221e-04   2.50665863e-04  -8.86700862e-03   2.49217805e-18  -2.46150749e-17  -5.71278113e-19
  3.47200000e-05   4.47200591e-04   2.52769313e-04  -8.87693122e-03   4.11923718e-18  -2.43388388e-17  -4.85526604e-19
  3.48000000e-05   4.51172523e-04   2.54881012e-04  -8.88678294e-03   5.72696916e-18  -2.39511189e-17  -3.96187724e-19
  3.48800000e-05   4.55159515e-04   2.57003387e-04  -8.89656011e-03   7.30762015e-18  -2.34530006e-17  -3.03641825e-19
  3.49600000e-05   4.59165997e-04   2.59138817e-04  -8.90625943e-03   8.85349665e-18  -2.28461135e-17  -2.08290608e-19
  3.50400000e-05   4.63196309e-04   2.61289618e-04  -8.91587795e-03   1.03570046e-17  -2.21326297e-17  -1.10555581e-19
  3.51200000e-05   4.71898984e-04   2.67329511e-04  -8.94416474e-03   1.17579073e-17  -2.12754139e-17  -1.55410232e-20
  3.52000000e-05   4.75939947e-04   2.69987458e-04  -8.95396343e-03   1.31447484e-17  -2.03619520e-17   8.47266370e-20
  3.52800000e-05   4.80018556e-04   2.72668468e-04  -8.96368231e-03   1.44677012e-17  -1.93519913e-17   1.86093967e-19
  3.53600000e-05   4.84138908e-04   2.75374793e-04  -8.97332152e-03   1.57199614e-17  -1.82497754e-17   2.88089177e-19
  3.54400000e-05   4.88304897e-04   2.78108565e-04  -8.98288159e-03   1.68950147e-17  -1.70600383e-17   3.90228412e-19
  3.55200000e-05   4.92520198e-04   2.80871783e-04  -8.99236342e-03   1.79866722e-17  -1.57879859e-17   4.92017436e-19
  3.56000000e-05   4.96788243e-04   2.83666301e-04  -9.00176830e-03   1.89891052e-17  -1.44392739e-17   5.92953365e-19
  3.56800000e-05   5.01112207e-04   2.86493822e-04  -9.01109791e-03   1.98968787e-17  -1.30199842e-17   6.92526458e-19
  3.57600000e-05   5.05494986e-04   2.89355883e-04  -9.02035430e-03   2.07049819e-17  -1.15365978e-17   7.90221961e-19
  3.58400000e-05   5.15132039e-04   2.93575815e-04  -9.01458009e-03   2.13254014e-17  -9.84185764e-18   8.98107961e-19
  3.59200000e-05   5.19799692e-04   2.96480401e-04  -9.02504156e-03   2.19144897e-17  -8.25888483e-18   9.90859430e-19
  3.60000000e-05   5.24541105e-04   2.99428887e-04  -9.03541735e-03   2.23923491e-17  -6.63315548e-18   1.08014371e-18
  3.60800000e-05   5.29358142e-04   3.02422046e-04  -9.04571017e-03   2.27558759e-17  -4.97237187e-18   1.16544231e-18
  3.61600000e-05   5.34252287e-04   3.05460423e-04  -9.05592316e-03   2.30025124e-17  -3.28448031e-18   1.24624137e-18
  3.62400000e-05   5.39224627e-04   3.08544335e-04  -9.06605990e-03   2.31302652e-17  -1.57763281e-18   1.32203394e-18
  3.63200000e-05   5.44275850e-04   3.11673863e-04  -9.07612435e-03   2.31377213e-17   1.39852719e-19   1.39232241e-18
  3.64000000e-05   5.49406235e-04   3.14848852e-04  -9.08612085e-03   2.30240612e-17   1.85953354e-18   1.45662104e-18
  3.64800000e-05   5.54615653e-04   3.18068912e-04  -9.09605413e-03   2.27890687e-17   3.57288422e-18   1.51445862e-18
  3.65600000e-05   5.65322802e-04   3.22954203e-04  -9.11744989e-03   2.24258391e-17   5.38797489e-18   1.58135306e-18
  3.66400000e-05   5.71408333e-04   3.26429966e-04  -9.12836325e-03   2.19402159e-17   7.08032107e-18   1.62658417e-18
  3.67200000e-05   5.77580132e-04   3.29951352e-04  -9.13925051e-03   2.13347610e-17   8.74052669e-18   1.66386540e-18
  3.68000000e-05   5.83836168e-04   3.33516937e-04  -9.15011740e-03   2.06116806e-17   1.03600365e-17   1.69277525e-18
  3.68800000e-05   5.90173949e-04   3.37125057e-04  -9.16096978e-03   1.97737971e-17   1.19304224e-17   1.71292173e-18
  3.69600000e-05   5.96590529e-04   3.40773806e-04  -9.17181363e-03   1.88245419e-17   1.34434276e-17   1.72394600e-18
  3.70400000e-05   6.03082521e-04   3.44461053e-04  -9.18265497e-03   1.77679436e-17   1.48910102e-17   1.72552593e-18
  3.71200000e-05   6.09646110e-04   3.48184443e-04  -9.19349990e-03   1.66086138e-17   1.62653869e-17   1.71737985e-18
  3.72000000e-05   6.18609629e-04   3.53888523e-04  -9.19337960e-03   1.52764046e-17   1.76080177e-17   1.70572814e-18
  3.72800000e-05   6.25285000e-04   3.57799972e-04  -9.20539051e-03   1.39258127e-17   1.88073971e-17   1.67694004e-18
  3.73600000e-05   6.32020825e-04   3.61741626e-04  -9.21740708e-03   1.24897390e-17   1.99124449e-17   1.63787226e-18
  3.74400000e-05   6.38811181e-04   3.65709905e-04  -9.22943639e-03   1.09748926e-17   2.09167780e-17   1.58843470e-18
  3.75200000e-05   6.45649802e-04   3.69701052e-04  -9.24148546e-03   9.38845548e-18   2.18144660e-17   1.52859468e-18
  3.76000000e-05   6.52530106e-04   3.73711158e-04  -9.25356129e-03   7.73805097e-18   2.26000668e-17   1.45837996e-18
  3.76800000e-05   6.59445230e-04   3.77736176e-04  -9.26567076e-03   6.03170976e-18   2.32686600e-17   1.37788156e-18
  3.77600000e-05   6.66388058e-04   3.81771941e-04  -9.27782062e-03   4.27783313e-18   2.38158784e-17   1.28725608e-18
  3.78400000e-05   6.73351258e-04   3.85814193e-04  -9.29001745e-03   2.48515409e-18   2.42379369e-17   1.18672777e-18
  3.79200000e-05   6.86536170e-04   3.93384082e-04  -9.31126968e-03   5.80083510e-19   2.46815248e-17   1.08551976e-18
  3.80000000e-05   6.94535896e-04   3.97703519e-04  -9.32510915e-03  -1.28124920e-18   2.48633026e-17   9.64959147e-19
  3.80800000e-05   7.02534850e-04   4.02017936e-04  -9.33901759e-03  -3.15556965e-18   2.49107721e-17   8.34957154e-19
  3.81600000e-05   7.10524284e-04   4.06322387e-04  -9.35299944e-03  -5.03311137e-18   2.48224748e-17   6.96009809e-19
  3.82400000e-05   7.18495401e-04   4.10611921e-04  -9.36705874e-03  -6.90397401e-18   2.45976469e-17   5.48690215e-19
  3.83200000e-05   7.26439401e-04   4.14881612e-04  -9.38119916e-03  -8.75817311e-18   2.42362341e-17   3.93647528e-19
  3.84000000e-05   7.34347522e-04   4.19126583e-04  -9.39542393e-03  -1.05856911e-17   2.37389022e-17   2.31605194e-19
  3.84800000e-05   7.42211093e-04   4.23342031e-04  -9.40973588e-03  -1.23765293e-17   2.31070452e-17   6.33584292e-20
  3.85600000e-05   7.53767541e-04   4.31583050e-04  -9.41436500e-03  -1.42148041e-17   2.24237821e-17  -1.10143770e-19
  3.86400000e-05   7.61912296e-04   4.36342863e-04  -9.43026334e-03  -1.59223857e-17   2.15334575e-17  -2.90075782e-19
  3.87200000e-05   7.69979047e-04   4.41057142e-04  -9.44626549e-03  -1.75646009e-17   2.05152468e-17  -4.73835777e-19
  3.88000000e-05   7.77959300e-04   4.45721021e-04  -9.46237378e-03  -1.91318792e-17   1.93733289e-17  -6.60375881e-19
  3.88800000e-05   7.85844918e-04   4.50329840e-04  -9.47858998e-03  -2.06149225e-17   1.81126085e-17  -8.48594991e-19
  3.89600000e-05   7.93628166e-04   4.54879177e-04  -9.49491528e-03  -2.20047595e-17   1.67387030e-17  -1.03734570e-18
  3.90400000e-05   8.01301763e-04   4.59364873e-04  -9.51135028e-03  -2.32928002e-17   1.52579255e-17  -1.22544187e-18
  3.91200000e-05   8.08858924e-04   4.63783057e-04  -9.52789497e-03  -2.44708889e-17   1.36772629e-17  -1.41166691e-18
  3.92000000e-05   8.16293400e-04   4.68130171e-04  -9.54454876e-03  -2.55313565e-17   1.20043513e-17  -1.59478244e-18
  3.92800000e-05   8.29934935e-04   4.74470189e-04  -9.56755065e-03  -2.65351209e-17   1.03864994e-17  -1.78669966e-18
  3.93600000e-05   8.37378447e-04   4.78797229e-04  -9.58590155e-03  -2.73556373e-17   8.55202016e-18  -1.96250060e-18
  3.94400000e-05   8.44669377e-04   4.83037860e-04  -9.60434810e-03  -2.80386147e-17   6.64954556e-18  -2.13146970e-18
  3.95200000e-05   8.51803526e-04   4.87189899e-04  -9.62288676e-03  -2.85785826e-17   4.68897783e-18  -2.29233860e-18
  3.96000000e-05   8.58777483e-04   4.91251610e-04  -9.64151345e-03  -2.89707916e-17   2.68070795e-18  -2.44386543e-18
  3.96800000e-05   8.65588661e-04   4.95221726e-04  -9.66022357e-03  -2.92112560e-17   6.35566675e-19  -2.58484551e-18
  3.97600000e-05   8.72235316e-04   4.99099453e-04  -9.67901200e-03  -2.92967925e-17  -1.43522825e-18  -2.71412193e-18
  3.98400000e-05   8.78716572e-04   5.02884489e-04  -9.69787314e-03  -2.92250554e-17  -3.52012876e-18  -2.83059577e-18
  3.99200000e-05   8.91476501e-04   5.09188693e-04  -9.70607784e-03  -2.90418667e-17  -5.42879206e-18  -2.95221424e-18
  4.00000000e-05   8.98624512e-04   5.13072880e-04  -9.72686682e-03  -2.86760854e-17  -7.49056290e-18  -3.04437580e-18
  4.00800000e-05   9.05592540e-04   5.16858607e-04  -9.74773579e-03  -2.81521789e-17  -9.53367153e-18  -3.12092613e-18
  4.01600000e-05   9.12383176e-04   5.20547588e-04  -9.76867764e-03  -2.74710905e-17  -1.15459536e-17  -3.18102207e-18
  4.02400000e-05   9.18999995e-04   5.24142077e-04  -9.78968484e-03  -2.66347063e-17  -1.35152079e-17  -3.22392239e-18
  4.03200000e-05   9.25447551e-04   5.27644863e-04  -9.81074940e-03  -2.56458658e-17  -1.54292688e-17  -3.24899524e-18
  4.04000000e-05   9.31731359e-04   5.31059258e-04  -9.83186298e-03  -2.45083669e-17  -1.72760811e-17  -3.25572447e-18
  4.04800000e-05   9.37857881e-04   5.34389090e-04  -9.85301687e-03  -2.32269656e-17  -1.90437768e-17  -3.24371507e-18
  4.05600000e-05   9.43834498e-04   5.37638681e-04  -9.87420211e-03  -2.18073692e-17  -2.07207522e-17  -3.21269758e-18
  4.06400000e-05   9.51032276e-04   5.43228576e-04  -9.90285695e-03  -2.03178576e-17  -2.23010886e-17  -3.17459164e-18
  4.07200000e-05   9.56934977e-04   5.46738895e-04  -9.92560227e-03  -1.86508994e-17  -2.37719372e-17  -3.10759386e-18
  4.08000000e-05   9.62708596e-04   5.50177262e-04  -9.94833436e-03  -1.68668520e-17  -2.51206251e-17  -3.02147667e-18
  4.08800000e-05   9.68364618e-04   5.53550308e-04  -9.97104387e-03  -1.49749477e-17  -2.63371737e-17  -2.91646095e-18
  4.09600000e-05   9.73915274e-04   5.56865079e-04  -9.99372150e-03  -1.29852656e-17  -2.74122464e-17  -2.79290064e-18
  4.10400000e-05   9.79373482e-04   5.60129002e-04  -1.00163581e-02  -1.09086866e-17  -2.83372248e-17  -2.65128099e-18
  4.11200000e-05   9.84752775e-04   5.63349848e-04  -1.00389447e-02  -8.75684186e-18  -2.91042823e-17  -2.49221587e-18
  4.12000000e-05   9.90067223e-04   5.66535680e-04  -1.00614726e-02  -6.54205425e-18  -2.97064543e-17  -2.31644419e-18
  4.12800000e-05   9.94056478e-04   5.69662004e-04  -1.00784104e-02  -4.28110804e-18  -3.01378268e-17  -2.12573581e-18
  4.13600000e-05   9.97815975e-04   5.71921833e-04  -1.01031618e-02  -1.95645663e-18  -3.04386622e-17  -1.91630299e-18
  4.14400000e-05   1.00155681e-03   5.74171311e-04  -1.01278433e-02   3.95270146e-19  -3.05576361e-17  -1.69329559e-18
  4.15200000e-05   1.00529659e-03   5.76420527e-04  -1.01524473e-02   2.75954005e-18  -3.04913115e-17  -1.45794026e-18
  4.16000000e-05   1.00905300e-03   5.78679637e-04  -1.01769662e-02   5.12145581e-18  -3.02374021e-17  -1.21155443e-18
  4.16800000e-05   1.01284377e-03   5.80958801e-04  -1.02013934e-02   7.46584761e-18  -2.97948152e-17  -9.55538376e-19
  4.17600000e-05   1.01668652e-03   5.83268115e-04  -1.02257223e-02   9.77737046e-18  -2.91636886e-17  -6.91367190e-19
  4.18400000e-05   1.02059863e-03   5.85617548e-04  -1.02499473e-02   1.20406055e-17  -2.83454179e-17  -4.20582520e-19
  4.19200000e-05   1.02459717e-03   5.88016876e-04  -1.02740632e-02   1.42401648e-17  -2.73426772e-17  -1.44784301e-19
  4.20000000e-05   1.04323917e-03   5.95029930e-04  -1.02890508e-02   1.62179746e-17  -2.57867250e-17   1.53109670e-19
  4.20800000e-05   1.04788960e-03   5.97607189e-04  -1.03155047e-02   1.82207514e-17  -2.44437095e-17   4.34840517e-19
  4.21600000e-05   1.05268032e-03   6.00270553e-04  -1.03418448e-02   2.01169380e-17  -2.29330832e-17   7.16569456e-19
  4.22400000e-05   1.05762726e-03   6.03028638e-04  -1.03680678e-02   2.18923576e-17  -2.12623446e-17   9.96535868e-19
  4.23200000e-05   1.06274545e-03   6.05889492e-04  -1.03941714e-02   2.35333779e-17  -1.94402407e-17   1.27295886e-18
  4.24000000e-05   1.06804886e-03   6.08860533e-04  -1.04201541e-02   2.50270210e-17  -1.74767343e-17   1.54404507e-18
  4.24800000e-05   1.07355033e-03   6.11948489e-04  -1.04460150e-02   2.63610727e-17  -1.53829617e-17   1.80799647e-18
  4.25600000e-05   1.07926144e-03   6.15159344e-04  -1.04717542e-02   2.75241886e-17  -1.31711805e-17   2.06301831e-18
  4.26400000e-05   1.08519242e-03   6.18498287e-04  -1.04973727e-02   2.85059961e-17  -1.08547069e-17   2.30732718e-18
  4.27200000e-05   1.10139423e-03   6.30780133e-04  -1.05240685e-02   2.90869474e-17  -8.23152965e-18   2.55071606e-18
  4.28000000e-05   1.10841818e-03   6.35072665e-04  -1.05518947e-02   2.96565721e-17  -5.75962567e-18   2.76861206e-18
  4.28800000e-05   1.11570363e-03   6.39517203e-04  -1.05796021e-02   3.00210651e-17  -3.22883576e-18   2.97078424e-18
  4.29600000e-05   1.12325439e-03   6.44115797e-04  -1.06071964e-02   3.01747350e-17  -6.55873833e-19   3.15554116e-18
  4.30400000e-05   1.13107246e-03   6.48869422e-04  -1.06346841e-02   3.01132876e-17   1.94190603e-18   3.32124147e-18
  4.31200000e-05   1.13915793e-03   6.53777956e-04  -1.06620726e-02   2.98338923e-17   4.54662259e-18   3.46630509e-18
  4.32000000e-05   1.14750895e-03   6.58840156e-04  -1.06893701e-02   2.93352371e-17   7.13998740e-18   3.58922531e-18
  4.32800000e-05   1.15612176e-03   6.64053661e-04  -1.07165854e-02   2.86175751e-17   9.70343086e-18   3.68858164e-18
  4.33600000e-05   1.17517979e-03   6.74135930e-04  -1.07367615e-02   2.75444747e-17   1.24643018e-17   3.79745265e-18
  4.34400000e-05   1.18503241e-03   6.79938314e-04  -1.07661984e-02   2.63783371e-17   1.49130963e-17   3.84529139e-18
  4.35200000e-05   1.19514458e-03   6.85886432e-04  -1.07955686e-02   2.50026992e-17   1.72758869e-17   3.86558023e-18
  4.36000000e-05   1.20550358e-03   6.91972642e-04  -1.08248834e-02   2.34242157e-17   1.95341283e-17   3.85732173e-18
  4.36800000e-05   1.21717646e-03   6.98727504e-04  -1.08410282e-02   2.15913375e-17   2.17005761e-17   3.82281610e-18
  4.37600000e-05   1.22816220e-03   7.05107407e-04  -1.08686261e-02   1.96269732e-17   2.36934108e-17   3.75498299e-18
  4.38400000e-05   1.23934782e-03   7.11598634e-04  -1.08961897e-02   1.74904565e-17   2.55282139e-17   3.65656274e-18
  4.39200000e-05   1.25071328e-03   7.18189506e-04  -1.09237328e-02   1.51949818e-17   2.71890308e-17   3.52731461e-18
  4.40000000e-05   1.26223693e-03   7.24867442e-04  -1.09512691e-02   1.27552036e-17   2.86608922e-17   3.36722953e-18
  4.40800000e-05   1.28246786e-03   7.37619180e-04  -1.10001916e-02   1.00921622e-17   3.01280328e-17   3.19684326e-18
  4.41600000e-05   1.29578556e-03   7.45465473e-04  -1.10341549e-02   7.38002453e-18   3.12109943e-17   2.97527523e-18
  4.42400000e-05   1.30919208e-03   7.53359683e-04  -1.10681824e-02   4.56970592e-18   3.20645276e-17   2.72300763e-18
  4.43200000e-05   1.32265797e-03   7.61284695e-04  -1.11022872e-02   1.68103105e-18   3.26778963e-17   2.44099355e-18
  4.44000000e-05   1.33615281e-03   7.69222880e-04  -1.11364820e-02  -1.26508331e-18   3.30419764e-17   2.13050222e-18
  4.44800000e-05   1.34964550e-03   7.77156225e-04  -1.11707789e-02  -4.24676261e-18   3.31493770e-17   1.79312659e-18
  4.45600000e-05   1.36310444e-03   7.85066462e-04  -1.12051893e-02  -7.24132110e-18   3.29945515e-17   1.43078697e-18
  4.46400000e-05   1.37649779e-03   7.92935209e-04  -1.12397239e-02  -1.02254201e-17   3.25738980e-17   1.04573053e-18
  4.47200000e-05   1.38979370e-03   8.00744109e-04  -1.12743925e-02  -1.31752367e-17   3.18858481e-17   6.40526230e-19
  4.48000000e-05   1.41811311e-03   8.13953807e-04  -1.12865758e-02  -1.62300411e-17   3.12813616e-17   2.16677692e-19
  4.48800000e-05   1.43260407e-03   8.22245128e-04  -1.13215163e-02  -1.90804654e-17   3.00843310e-17  -2.29479665e-19
  4.49600000e-05   1.44688715e-03   8.30411133e-04  -1.13566312e-02  -2.18258647e-17   2.86241622e-17  -6.87681050e-19
  4.50400000e-05   1.46092957e-03   8.38433398e-04  -1.13919300e-02  -2.44420150e-17   2.69077011e-17  -1.15412817e-18
  4.51200000e-05   1.47469994e-03   8.46294332e-04  -1.14274208e-02  -2.69051509e-17   2.49440722e-17  -1.62477586e-18
  4.52000000e-05   1.48816846e-03   8.53977331e-04  -1.14631103e-02  -2.91921776e-17   2.27446766e-17  -2.09536847e-18
  4.52800000e-05   1.50130728e-03   8.61466937e-04  -1.14990034e-02  -3.12808851e-17   2.03231697e-17  -2.56148127e-18
  4.53600000e-05   1.51409072e-03   8.68748986e-04  -1.15351037e-02  -3.31501638e-17   1.76954195e-17  -3.01856648e-18
  4.54400000e-05   1.53799786e-03   8.84645184e-04  -1.15794003e-02  -3.50078859e-17   1.51264222e-17  -3.49418243e-18
  4.55200000e-05   1.55141910e-03   8.92547327e-04  -1.16220089e-02  -3.64358951e-17   1.21371062e-17  -3.93171285e-18
  4.56000000e-05   1.56438093e-03   9.00180439e-04  -1.16648207e-02  -3.75890503e-17   8.99181646e-18  -4.34720237e-18
  4.56800000e-05   1.57686684e-03   9.07535473e-04  -1.17078307e-02  -3.84513405e-17   5.71433878e-18  -4.73586268e-18
  4.57600000e-05   1.58886399e-03   9.14605520e-04  -1.17510326e-02  -3.90088546e-17   2.33034498e-18  -5.09303479e-18
  4.58400000e-05   1.60036334e-03   9.21385918e-04  -1.17944181e-02  -3.92499872e-17  -1.13277107e-18  -5.41425273e-18
  4.59200000e-05   1.61135988e-03   9.27874341e-04  -1.18379771e-02  -3.91656314e-17  -4.64608150e-18  -5.69530642e-18
  4.60000000e-05   1.62185271e-03   9.34070879e-04  -1.18816982e-02  -3.87493570e-17  -8.17933676e-18  -5.93230270e-18
  4.60800000e-05   1.63184519e-03   9.39978087e-04  -1.19255682e-02  -3.79975719e-17  -1.17012012e-17  -6.12172324e-18
  4.61600000e-05   1.65343528e-03   9.48112170e-04  -1.19557710e-02  -3.69771879e-17  -1.48420834e-17  -6.29079856e-18
  4.62400000e-05   1.66406418e-03   9.54161040e-04  -1.20018786e-02  -3.56077278e-17  -1.82220942e-17  -6.38569669e-18
  4.63200000e-05   1.67417866e-03   9.59921787e-04  -1.20481370e-02  -3.39113662e-17  -2.15007145e-17  -6.42528302e-18
  4.64000000e-05   1.68380049e-03   9.65407848e-04  -1.20945263e-02  -3.18961540e-17  -2.46450939e-17  -6.40780176e-18
  4.64800000e-05   1.69295606e-03   9.70635246e-04  -1.21410255e-02  -2.95734258e-17  -2.76226481e-17  -6.33208670e-18
  4.65600000e-05   1.70167620e-03   9.75622501e-04  -1.21876123e-02  -2.69578179e-17  -3.04013965e-17  -6.19758502e-18
  4.66400000e-05   1.70999603e-03   9.80390514e-04  -1.22342633e-02  -2.40672513e-17  -3.29503112e-17  -6.00437271e-18
  4.67200000e-05   1.71795471e-03   9.84962422e-04  -1.22809542e-02  -2.09228804e-17  -3.52396718e-17  -5.75316152e-18
  4.68000000e-05   1.73077837e-03   9.90544695e-04  -1.23355449e-02  -1.75739926e-17  -3.71727178e-17  -5.45074621e-18
  4.68800000e-05   1.73957484e-03   9.95648297e-04  -1.23887350e-02  -1.40161694e-17  -3.88740187e-17  -5.09228957e-18
  4.69600000e-05   1.74812210e-03   1.00062426e-03  -1.24418711e-02  -1.02805588e-17  -4.02411348e-17  -4.68080143e-18
  4.70400000e-05   1.73673843e-03   9.99246629e-04  -1.24950832e-02  -6.22977749e-18  -4.16913074e-17  -4.20000342e-18
  4.71200000e-05   1.73945868e-03   1.00081070e-03  -1.25486741e-02  -2.11666733e-18  -4.24320364e-17  -3.67754325e-18
  4.72000000e-05   1.74212288e-03   1.00234993e-03  -1.26021346e-02   2.07935909e-18  -4.27679965e-17  -3.11423425e-18
  4.72800000e-05   1.74479798e-03   1.00390339e-03  -1.26554474e-02   6.31766349e-18  -4.26858140e-17  -2.51507401e-18
  4.73600000e-05   1.74755178e-03   1.00551060e-03  -1.27085962e-02   1.05558367e-17  -4.21761496e-17  -1.88547137e-18
  4.74400000e-05   1.75045231e-03   1.00721111e-03  -1.27615660e-02   1.47501011e-17  -4.12339613e-17  -1.23119338e-18
  4.75200000e-05   1.79006323e-03   1.02889086e-03  -1.28073360e-02   1.83555839e-17  -3.90087302e-17  -5.68273549e-19
  4.76000000e-05   1.79481634e-03   1.03150342e-03  -1.28649365e-02   2.22482649e-17  -3.72590224e-17   1.16498061e-19
  4.76800000e-05   1.79994111e-03   1.03433903e-03  -1.29223041e-02   2.59693986e-17  -3.50947965e-17   8.08174023e-19
  4.77600000e-05   1.80550516e-03   1.03743642e-03  -1.29794305e-02   2.94745847e-17  -3.25287232e-17   1.50006832e-18
  4.78400000e-05   1.81157250e-03   1.04083218e-03  -1.30363096e-02   3.27203392e-17  -2.95784258e-17   2.18536457e-18
  4.79200000e-05   1.81820278e-03   1.04456029e-03  -1.30929377e-02   3.56646474e-17  -2.62664700e-17   2.85716241e-18
  4.80000000e-05   1.82545052e-03   1.04865167e-03  -1.31493140e-02   3.82675231e-17  -2.26202909e-17   3.50852251e-18
  4.80800000e-05   1.83336437e-03   1.05313377e-03  -1.32054401e-02   4.04915698e-17  -1.86720570e-17   4.13251108e-18
  4.81600000e-05   1.84198645e-03   1.05803019e-03  -1.32613208e-02   4.23025338e-17  -1.44584673e-17   4.72224453e-18
  4.82400000e-05   1.87595218e-03   1.07891261e-03  -1.33007515e-02   4.32029163e-17  -9.42023377e-18   5.32924743e-18
  4.83200000e-05   1.88784941e-03   1.08569709e-03  -1.33632009e-02   4.40518451e-17  -4.84180469e-18   5.82992930e-18
  4.84000000e-05   1.90061044e-03   1.09298552e-03  -1.34254002e-02   4.44119860e-17  -1.30765718e-19   6.27668135e-18
  4.84800000e-05   1.91424539e-03   1.10078295e-03  -1.34873655e-02   4.42658920e-17   4.66163584e-18   6.66306767e-18
  4.85600000e-05   1.92875449e-03   1.10908867e-03  -1.35491157e-02   4.36016373e-17   9.48136508e-18   6.98293016e-18
  4.86400000e-05   1.94412783e-03   1.11789604e-03  -1.36106726e-02   4.24132038e-17   1.42721637e-17   7.23046450e-18
  4.87200000e-05   1.96034518e-03   1.12719245e-03  -1.36720609e-02   4.07008075e-17   1.89761689e-17   7.40030538e-18
  4.88000000e-05   1.97737598e-03   1.13695926e-03  -1.37333078e-02   3.84711582e-17   2.35345821e-17   7.48762111e-18
  4.88800000e-05   1.99517944e-03   1.14717189e-03  -1.37944425e-02   3.57376441e-17   2.78883802e-17   7.48821698e-18
  4.89600000e-05   2.04210794e-03   1.17469663e-03  -1.38495482e-02   3.20522750e-17   3.26108961e-17   7.49209387e-18
  4.90400000e-05   2.06463602e-03   1.18809757e-03  -1.39171177e-02   2.82802008e-17   3.63999097e-17   7.30287460e-18
  4.91200000e-05   2.08781817e-03   1.20187416e-03  -1.39846714e-02   2.40781501e-17   3.98066056e-17   7.01577656e-18
  4.92000000e-05   2.11156521e-03   1.21597388e-03  -1.40522498e-02   1.94869484e-17   4.27768974e-17   6.62979618e-18
  4.92800000e-05   2.13577897e-03   1.23033903e-03  -1.41198937e-02   1.45540638e-17   4.52603383e-17   6.14521794e-18
  4.93600000e-05   2.16035329e-03   1.24490734e-03  -1.41876439e-02   9.33326682e-18   4.72109667e-17   5.56374499e-18
  4.94400000e-05   2.18517515e-03   1.25961261e-03  -1.42555404e-02   3.88418444e-18   4.85881362e-17   4.88861526e-18
  4.95200000e-05   2.21012591e-03   1.27438545e-03  -1.43236218e-02  -1.72825028e-18   4.93573181e-17   4.12469680e-18
  4.96000000e-05   2.26121944e-03   1.30264488e-03  -1.43765935e-02  -7.78961160e-18   5.01030743e-17   3.31458853e-18
  4.96800000e-05   2.29044696e-03   1.31967834e-03  -1.44533621e-02  -1.36273395e-17   4.96388272e-17   2.37277573e-18
  4.97600000e-05   2.31939074e-03   1.33653113e-03  -1.45304525e-02  -1.94203471e-17   4.84907803e-17   1.36031995e-18
  4.98400000e-05   2.34790708e-03   1.35312008e-03  -1.46078994e-02  -2.50875550e-17   4.66527735e-17   2.89128271e-19
  4.99200000e-05   2.37585453e-03   1.36936352e-03  -1.46857333e-02  -3.05462685e-17   4.41282068e-17  -8.27056666e-19
  5.00000000e-05   2.40309589e-03   1.38518250e-03  -1.47639795e-02  -3.57133134e-17   4.09305068e-17  -1.97279433e-18
  5.00800000e-05   2.42950031e-03   1.40050194e-03  -1.48426578e-02  -4.05062502e-17   3.70834720e-17  -3.13114225e-18
  5.01600000e-05   2.45494537e-03   1.41525189e-03  -1.49217824e-02  -4.48446534e-17   3.26214785e-17  -4.28390945e-18
  5.02400000e-05   2.47931906e-03   1.42936866e-03  -1.50013612e-02  -4.86514414e-17   2.75895336e-17  -5.41196432e-18
  5.03200000e-05   2.53456453e-03   1.46020410e-03  -1.50746134e-02  -5.23120565e-17   2.27780827e-17  -6.58906670e-18
  5.04000000e-05   2.56124832e-03   1.47567490e-03  -1.51656034e-02  -5.50075692e-17   1.68000036e-17  -7.65526421e-18
  5.04800000e-05   2.58642468e-03   1.49026832e-03  -1.52571133e-02  -5.69740288e-17   1.04137013e-17  -8.64120375e-18
  5.05600000e-05   2.61002986e-03   1.50394975e-03  -1.53491230e-02  -5.81554147e-17   3.70282049e-18  -9.52618030e-18
  5.06400000e-05   2.63202154e-03   1.51669705e-03  -1.54416042e-02  -5.85055729e-17  -3.23971449e-18  -1.02904848e-17
  5.07200000e-05   2.65238023e-03   1.52850140e-03  -1.55345211e-02  -5.79895801e-17  -1.03127193e-17  -1.09159092e-17
  5.08000000e-05   2.67111041e-03   1.53936785e-03  -1.56278307e-02  -5.65850061e-17  -1.74079984e-17  -1.13862324e-17
  5.08800000e-05   2.68824134e-03   1.54931580e-03  -1.57214830e-02  -5.42830438e-17  -2.44118204e-17  -1.16876723e-17
  5.09600000e-05   2.72231461e-03   1.56718567e-03  -1.58013300e-02  -5.12812016e-17  -3.07028839e-17  -1.18800559e-17
  5.10400000e-05   2.74061786e-03   1.57779800e-03  -1.59075695e-02  -4.73431062e-17  -3.71787724e-17  -1.18440441e-17
  5.11200000e-05   2.75737336e-03   1.58753809e-03  -1.60140489e-02  -4.25594107e-17  -4.32367337e-17  -1.16143112e-17
  5.12000000e-05   2.77272100e-03   1.59648933e-03  -1.61206884e-02  -3.69781480e-17  -4.87563432e-17  -1.11886704e-17
  5.12800000e-05   2.78682660e-03   1.60474973e-03  -1.62274043e-02  -3.06641057e-17  -5.36207139e-17  -1.05687495e-17
  5.13600000e-05   2.79988016e-03   1.61243090e-03  -1.63341094e-02  -2.36986739e-17  -5.77189994e-17  -9.76002674e-18
  5.14400000e-05   2.81209337e-03   1.61965656e-03  -1.64407150e-02  -1.61793374e-17  -6.09489575e-17  -8.77177096e-18
  5.15200000e-05   2.73183270e-03   1.57594511e-03  -1.65929268e-02  -6.76652033e-18  -6.54704813e-17  -7.33221376e-18
  5.16000000e-05   2.72863331e-03   1.57421338e-03  -1.67026569e-02   2.01864478e-18  -6.68235966e-17  -5.96829949e-18
  5.16800000e-05   2.82531011e-03   1.62949211e-03  -1.67610932e-02   9.53584864e-18  -6.44295654e-17  -4.65636328e-18
  5.17600000e-05   2.82455231e-03   1.62911234e-03  -1.68863660e-02   1.82363659e-17  -6.36840095e-17  -3.09355110e-18
  5.18400000e-05   2.82439255e-03   1.62909745e-03  -1.70110940e-02   2.68541691e-17  -6.17291820e-17  -1.45294228e-18
  5.19200000e-05   2.82515622e-03   1.62963471e-03  -1.71352239e-02   3.52196456e-17  -5.85534910e-17   2.38117657e-19
  5.20000000e-05   2.82716054e-03   1.63090632e-03  -1.72587113e-02   4.31590468e-17  -5.41697907e-17   1.95099736e-18
  5.20800000e-05   2.83070812e-03   1.63308564e-03  -1.73815216e-02   5.04980033e-17  -4.86166545e-17   3.65617865e-18
  5.21600000e-05   2.83608041e-03   1.63633346e-03  -1.75036315e-02   5.70653245e-17  -4.19591419e-17   5.32362105e-18
  5.22400000e-05   2.84353121e-03   1.64079428e-03  -1.76250301e-02   6.26970087e-17  -3.42890011e-17   6.92309195e-18
  5.23200000e-05   2.85328057e-03   1.64659280e-03  -1.77457199e-02   6.72403810e-17  -2.57242617e-17   8.42447020e-18
  5.24000000e-05   2.94520129e-03   1.69997283e-03  -1.78228187e-02   6.92261316e-17  -1.44562819e-17   1.00606761e-17
  5.24800000e-05   2.96505446e-03   1.71186865e-03  -1.79604678e-02   7.09740870e-17  -4.72630313e-18   1.12664784e-17
  5.25600000e-05   2.98794074e-03   1.72551887e-03  -1.80973956e-02   7.13027921e-17   5.39646580e-18   1.22868631e-17
  5.26400000e-05   3.01388987e-03   1.74093748e-03  -1.82336685e-02   7.01420456e-17   1.57078732e-17   1.30937351e-17
  5.27200000e-05   3.04286823e-03   1.75810182e-03  -1.83693698e-02   6.74519265e-17   2.59879074e-17   1.36606054e-17
  5.28000000e-05   3.07477690e-03   1.77695150e-03  -1.85045976e-02   6.32258510e-17   3.60049204e-17   1.39632533e-17
  5.28800000e-05   3.10844809e-03   1.79846492e-03  -1.86427971e-02   5.74891124e-17   4.54921512e-17   1.39741884e-17
  5.29600000e-05   3.14572869e-03   1.82031046e-03  -1.87771287e-02   5.03182805e-17   5.42689813e-17   1.36908074e-17
  5.30400000e-05   3.18525017e-03   1.84343821e-03  -1.89113836e-02   4.18121637e-17   6.20687798e-17   1.30927576e-17
  5.31200000e-05   3.30864539e-03   1.91577765e-03  -1.90034945e-02   3.07261920e-17   7.05217577e-17   1.24590811e-17
  5.32000000e-05   3.36219980e-03   1.94730491e-03  -1.91600126e-02   1.96803211e-17   7.57319908e-17   1.11504336e-17
  5.32800000e-05   3.41688256e-03   1.97946181e-03  -1.93169227e-02   7.80963426e-18   7.93013430e-17   9.50765218e-18
  5.33600000e-05   3.47211487e-03   2.01191066e-03  -1.94743952e-02  -4.63024065e-18   8.10602184e-17   7.54884496e-18
  5.34400000e-05   3.52728555e-03   2.04429559e-03  -1.96325904e-02  -1.73524748e-17   8.08753610e-17   5.30373260e-18
  5.35200000e-05   3.58176482e-03   2.07625055e-03  -1.97916542e-02  -3.00444946e-17   7.86564355e-17   2.81422429e-18
  5.36000000e-05   3.63491950e-03   2.10740828e-03  -1.99517131e-02  -4.23746812e-17   7.43620348e-17   1.34455242e-19
  5.36800000e-05   3.68612936e-03   2.13740970e-03  -2.01128703e-02  -5.40002502e-17   6.80048632e-17  -2.66981555e-18
  5.37600000e-05   3.73480419e-03   2.16591392e-03  -2.02752021e-02  -6.45762065e-17   5.96558312e-17  -5.52251418e-18
  5.38400000e-05   3.89066187e-03   2.25326346e-03  -2.04021172e-02  -7.54719782e-17   5.19110260e-17  -8.65923512e-18
  5.39200000e-05   3.94603833e-03   2.28561136e-03  -2.05952946e-02  -8.35404551e-17   3.99599480e-17  -1.15716202e-17
  5.40000000e-05   3.99667049e-03   2.31518089e-03  -2.07900423e-02  -8.95950862e-17   2.64331682e-17  -1.42801283e-17
  5.40800000e-05   4.04216566e-03   2.34175053e-03  -2.09863099e-02  -9.33488319e-17   1.16404926e-17  -1.66809846e-17
  5.41600000e-05   4.08226155e-03   2.36517523e-03  -2.11840029e-02  -9.45647502e-17  -4.04526986e-18  -1.86747433e-17
  5.42400000e-05   4.11684140e-03   2.38539498e-03  -2.13829832e-02  -9.30684117e-17  -2.01949797e-17  -2.01712217e-17
  5.43200000e-05   4.14594555e-03   2.40244136e-03  -2.15830718e-02  -8.87594601e-17  -3.63327178e-17  -2.10942686e-17
  5.44000000e-05   4.16977877e-03   2.41644153e-03  -2.17840521e-02  -8.16217556e-17  -5.19482012e-17  -2.13860328e-17
  5.44800000e-05   4.26355267e-03   2.46858813e-03  -2.19438839e-02  -7.26770288e-17  -6.45558883e-17  -2.13829166e-17
  5.45600000e-05   4.28982069e-03   2.48391398e-03  -2.21851606e-02  -6.06879443e-17  -7.77905415e-17  -2.04445404e-17
  5.46400000e-05   4.31163527e-03   2.49669769e-03  -2.24266857e-02  -4.62846473e-17  -8.90671509e-17  -1.88140269e-17
  5.47200000e-05   4.32994318e-03   2.50749702e-03  -2.26680720e-02  -2.98109467e-17  -9.78722227e-17  -1.65207704e-17
  5.48000000e-05   4.34584187e-03   2.51695582e-03  -2.29089206e-02  -1.17150295e-17  -1.03743211e-16  -1.36204036e-17
  5.48800000e-05   4.36054986e-03   2.52578658e-03  -2.31488332e-02   7.45787645e-18  -1.06292327e-16  -1.01927941e-17
  5.49600000e-05   4.37537040e-03   2.53474898e-03  -2.33874255e-02   2.70779657e-17  -1.05229697e-16  -6.33907894e-18
  5.50400000e-05   4.39164904e-03   2.54462505e-03  -2.36243407e-02   4.64485435e-17  -1.00384642e-16  -2.17807447e-18
  5.51200000e-05   4.06670252e-03   2.36311533e-03  -2.40026514e-02   7.10661327e-17  -9.94113675e-17   2.25326332e-18
  5.52000000e-05   4.38697458e-03   2.54751198e-03  -2.40938287e-02   8.46046974e-17  -7.81850942e-17   7.13797692e-18
  5.52800000e-05   4.37316903e-03   2.53987518e-03  -2.43868611e-02   9.95440321e-17  -6.30378916e-17   1.12853599e-17
  5.53600000e-05   4.36793202e-03   2.53725678e-03  -2.46779482e-02   1.11418563e-16  -4.45981043e-17   1.51354505e-17
  5.54400000e-05   4.37234414e-03   2.54027920e-03  -2.49671914e-02   1.19526594e-16  -2.34220295e-17   1.85488588e-17
  5.55200000e-05   4.38716160e-03   2.54937471e-03  -2.52547657e-02   1.23271542e-16  -2.33175965e-19   2.13907240e-17
  5.56000000e-05   4.41276322e-03   2.56475485e-03  -2.55409215e-02   1.22201246e-16   2.40944876e-17   2.35324953e-17
  5.56800000e-05   4.44910971e-03   2.58638708e-03  -2.58259813e-02   1.16044755e-16   4.85625018e-17   2.48547099e-17
  5.57600000e-05   4.49571832e-03   2.61398034e-03  -2.61103325e-02   1.04744319e-16   7.20829636e-17   2.52514747e-17
  5.58400000e-05   4.55165555e-03   2.64698132e-03  -2.63944151e-02   8.84802607e-17   9.35220522e-17   2.46371360e-17
  5.59200000e-05   4.99706717e-03   2.90570644e-03  -2.64900566e-02   6.15211908e-17   1.20445621e-16   2.48170530e-17
  5.60000000e-05   5.09449611e-03   2.96289796e-03  -2.68447991e-02   3.51701702e-17   1.33674764e-16   2.14283213e-17
  5.60800000e-05   5.19621482e-03   3.02253023e-03  -2.72012658e-02   5.95233286e-18   1.41335168e-16   1.68418420e-17
  5.61600000e-05   5.29909438e-03   3.08277734e-03  -2.75600467e-02  -2.48805021e-17   1.42594224e-16   1.11662407e-17
  5.62400000e-05   5.39980641e-03   3.14169996e-03  -2.79216393e-02  -5.58599631e-17   1.36879417e-16   4.59862231e-18
  5.63200000e-05   5.49497929e-03   3.19733658e-03  -2.82864143e-02  -8.53590025e-17   1.23946304e-16  -2.57183173e-18
  5.64000000e-05   5.58137341e-03   3.24780574e-03  -2.86545873e-02  -1.11668650e-16   1.03937079e-16  -9.97037543e-18
  5.64800000e-05   5.65606748e-03   3.29141446e-03  -2.90261993e-02  -1.33091913e-16   7.74235202e-17  -1.71549828e-17
  5.65600000e-05   5.71664558e-03   3.32676696e-03  -2.94011071e-02  -1.48051348e-16   4.54277491e-17  -2.36463732e-17
  5.66400000e-05   6.27298641e-03   3.64934439e-03  -2.95534029e-02  -1.62915350e-16   2.12716138e-17  -3.19536244e-17
  5.67200000e-05   6.32726167e-03   3.68092638e-03  -3.00398225e-02  -1.64266321e-16  -1.90304171e-17  -3.69311624e-17
  5.68000000e-05   6.35898351e-03   3.69937975e-03  -3.05291935e-02  -1.55601668e-16  -6.04641740e-17  -3.97373217e-17
  5.68800000e-05   6.36911903e-03   3.70529159e-03  -3.10204640e-02  -1.36581770e-16  -1.00404441e-16  -4.00359349e-17
  5.69600000e-05   6.36006445e-03   3.70008073e-03  -3.15124241e-02  -1.07556370e-16  -1.36018801e-16  -3.76786624e-17
  5.70400000e-05   6.33560753e-03   3.68597424e-03  -3.20037588e-02  -6.96383725e-17  -1.64463659e-16  -3.27277246e-17
  5.71200000e-05   6.30078364e-03   3.66592192e-03  -3.24931089e-02  -2.47257376e-17  -1.83112966e-16  -2.54536850e-17
  5.72000000e-05   6.26162269e-03   3.64344740e-03  -3.29791414e-02   2.45403083e-17  -1.89803173e-16  -1.63095733e-17
  5.72800000e-05   6.22479361e-03   3.62243972e-03  -3.34606289e-02   7.48887454e-17  -1.83073650e-16  -5.88770400e-18
  5.73600000e-05   6.56630968e-03   3.81967801e-03  -3.37680547e-02   1.16062683e-16  -1.53799095e-16   5.17176651e-18
  5.74400000e-05   6.58529056e-03   3.83140233e-03  -3.43924448e-02   1.55804545e-16  -1.22280712e-16   1.62102926e-17
  5.75200000e-05   6.63046126e-03   3.85848183e-03  -3.50076406e-02   1.86056159e-16  -7.88131572e-17   2.65524613e-17
  5.76000000e-05   6.70742565e-03   3.90414816e-03  -3.56135988e-02   2.03267386e-16  -2.59292239e-17   3.54406572e-17
  5.76800000e-05   6.81958716e-03   3.97034354e-03  -3.62110220e-02   2.04624945e-16   3.26499591e-17   4.21167125e-17
  5.77600000e-05   6.96764261e-03   4.05742868e-03  -3.68014026e-02   1.88451666e-16   9.22028300e-17   4.58452708e-17
  5.78400000e-05   7.14926087e-03   4.16399919e-03  -3.73869823e-02   1.54553195e-16   1.47329467e-16   4.59630809e-17
  5.79200000e-05   7.35900537e-03   4.28684463e-03  -3.79706093e-02   1.04463456e-16   1.92396811e-16   4.19672583e-17
  5.80000000e-05   7.58854631e-03   4.42107651e-03  -3.85554974e-02   4.15434070e-17   2.22082768e-16   3.36423873e-17
  5.80800000e-05   8.18787721e-03   4.77058301e-03  -3.89748967e-02  -3.52273392e-17   2.39647839e-16   2.19326503e-17
  5.81600000e-05   8.57109009e-03   4.99443170e-03  -3.97828048e-02  -1.11363967e-16   2.28150169e-16   4.64949213e-18
  5.82400000e-05   8.93172151e-03   5.20488530e-03  -4.06059533e-02  -1.81861166e-16   1.90957789e-16  -1.55253072e-17
  5.83200000e-05   9.25278255e-03   5.39206947e-03  -4.14468871e-02  -2.37868423e-16   1.29123715e-16  -3.63043126e-17
  5.84000000e-05   9.52023569e-03   5.54785548e-03  -4.23061966e-02  -2.70892163e-16   4.70285512e-17  -5.47922011e-17
  5.84800000e-05   9.72509037e-03   5.66707841e-03  -4.31823325e-02  -2.74043293e-16  -4.74943443e-17  -6.79502425e-17
  5.85600000e-05   9.86517847e-03   5.74856533e-03  -4.40716608e-02  -2.43359486e-16  -1.43565431e-16  -7.32007817e-17
  5.86400000e-05   9.94626692e-03   5.79577370e-03  -4.49687492e-02  -1.78994211e-16  -2.28297481e-16  -6.90142553e-17
  5.87200000e-05   9.98219519e-03   5.81685912e-03  -4.58668601e-02  -8.60182449e-17  -2.88451047e-16  -5.53020200e-17
  5.88000000e-05   1.01666951e-02   5.92188355e-03  -4.69022516e-02   2.34476564e-17  -3.10907848e-16  -3.41726643e-17
