       time             b_x              b_y              b_z              F_x              F_y              F_z
  0.00000000e+00  -9.66706950e-03  -5.03005293e-03  -3.42056739e-02   4.55815638e-17  -4.35370099e-16   5.11404775e-17
  8.00000000e-08  -9.34299056e-03  -4.87451204e-03  -3.37903204e-02   1.53900037e-16  -4.00863597e-16   1.52744286e-17
  1.60000000e-07  -9.09462096e-03  -4.74485577e-03  -3.33648802e-02   2.45709066e-16  -3.41210423e-16  -1.84516347e-17
  2.40000000e-07  -8.88845117e-03  -4.63754148e-03  -3.29209933e-02   3.16542216e-16  -2.61004744e-16  -4.86968814e-17
  3.20000000e-07  -8.73797392e-03  -4.55955456e-03  -3.24581604e-02   3.63136428e-16  -1.67563624e-16  -7.42205079e-17
  4.00000000e-07  -8.65237002e-03  -4.51561557e-03  -3.19771433e-02   3.84295524e-16  -6.83402129e-17  -9.43320332e-17
  4.80000000e-07  -8.63626410e-03  -4.50805881e-03  -3.14799128e-02   3.80721329e-16   2.96752791e-17  -1.08697501e-16
  5.60000000e-07  -7.97920471e-03  -4.16004749e-03  -3.14556305e-02   3.50836860e-16   1.38956004e-16  -1.07372278e-16
  6.40000000e-07  -7.94914854e-03  -4.14555322e-03  -3.09542198e-02   3.00107419e-16   2.18895389e-16  -1.06384233e-16
  7.20000000e-07  -7.96713180e-03  -4.15582575e-03  -3.04344728e-02   2.34605107e-16   2.81243689e-16  -9.98187022e-17
  8.00000000e-07  -7.93343337e-03  -4.14019830e-03  -3.00851210e-02   1.59045549e-16   3.28215772e-16  -8.71080309e-17
  8.80000000e-07  -8.03065660e-03  -4.19079133e-03  -2.96705717e-02   7.84779919e-17   3.52006905e-16  -7.09597817e-17
  9.60000000e-07  -8.14088697e-03  -4.24778037e-03  -2.92589441e-02  -2.35798609e-18   3.55684102e-16  -5.09817388e-17
  1.04000000e-06  -8.25416232e-03  -4.30595889e-03  -2.88545580e-02  -7.90068938e-17   3.40454491e-16  -2.82051563e-17
  1.12000000e-06  -8.36079393e-03  -4.36028434e-03  -2.84610153e-02  -1.47679652e-16   3.08403669e-16  -3.86523626e-18
  1.20000000e-06  -8.45185356e-03  -4.40613002e-03  -2.80810392e-02  -2.05380124e-16   2.62281365e-16   2.06615193e-17
  1.28000000e-06  -8.51958292e-03  -4.43949598e-03  -2.77163950e-02  -2.49966544e-16   2.05293931e-16   4.39526537e-17
  1.36000000e-06  -8.55771324e-03  -4.45717225e-03  -2.73678859e-02  -2.80159103e-16   1.40909680e-16   6.46547037e-17
  1.44000000e-06  -8.56168705e-03  -4.45685089e-03  -2.70354110e-02  -2.95504503e-16   7.26783086e-17   8.16004127e-17
  1.52000000e-06  -8.52877918e-03  -4.43718520e-03  -2.67180702e-02  -2.96306758e-16   4.06423996e-18   9.39102677e-17
  1.60000000e-06  -8.45811834e-03  -4.39779719e-03  -2.64142988e-02  -2.83532097e-16  -6.17050635e-17   1.01063231e-16
  1.68000000e-06  -8.35061550e-03  -4.33923658e-03  -2.61220145e-02  -2.58694892e-16  -1.21772393e-16   1.02927008e-16
  1.76000000e-06  -7.84694096e-03  -4.08011141e-03  -2.63465891e-02  -2.34591265e-16  -1.67764607e-16   9.58500579e-17
  1.84000000e-06  -7.71938330e-03  -4.01203596e-03  -2.61201097e-02  -1.92061664e-16  -2.13437952e-16   8.95447366e-17
  1.92000000e-06  -7.57029395e-03  -3.93289994e-03  -2.58960036e-02  -1.42813371e-16  -2.48100236e-16   7.94289585e-17
  2.00000000e-06  -7.40457957e-03  -3.84529808e-03  -2.56721361e-02  -8.93445073e-17  -2.70814357e-16   6.63334142e-17
  2.08000000e-06  -7.22766915e-03  -3.75208741e-03  -2.54464410e-02  -3.41615268e-17  -2.81258945e-16   5.11747933e-17
  2.16000000e-06  -7.04524629e-03  -3.65624703e-03  -2.52169874e-02   2.03345651e-17  -2.79695700e-16   3.48723081e-17
  2.24000000e-06  -6.86299040e-03  -3.56074318e-03  -2.49820384e-02   7.19470907e-17  -2.66907982e-16   1.82778754e-17
  2.32000000e-06  -6.68633897e-03  -3.46840564e-03  -2.47400999e-02   1.18764503e-16  -2.44117190e-16   2.12601060e-18
  2.40000000e-06  -6.52028053e-03  -3.38182066e-03  -2.44899625e-02   1.59221031e-16  -2.12884341e-16  -1.29942674e-17
  2.48000000e-06  -6.12479137e-03  -3.17824739e-03  -2.45027857e-02   1.89901112e-16  -1.69979405e-16  -2.54202972e-17
  2.56000000e-06  -6.02487562e-03  -3.12642056e-03  -2.42766780e-02   2.14679551e-16  -1.28203028e-16  -3.67678401e-17
  2.64000000e-06  -5.94262897e-03  -3.08390986e-03  -2.40432848e-02   2.30865973e-16  -8.33357783e-17  -4.63726484e-17
  2.72000000e-06  -5.87963367e-03  -3.05150835e-03  -2.38027690e-02   2.38344258e-16  -3.72274911e-17  -5.41019797e-17
  2.80000000e-06  -5.83674085e-03  -3.02962655e-03  -2.35555457e-02   2.37344085e-16   8.36985520e-18  -5.98871056e-17
  2.88000000e-06  -5.81408492e-03  -3.01830127e-03  -2.33022600e-02   2.28400902e-16   5.18654101e-17  -6.37057381e-17
  2.96000000e-06  -5.81112313e-03  -3.01721744e-03  -2.30437562e-02   2.12306057e-16   9.18777598e-17  -6.55688164e-17
  3.04000000e-06  -5.82669605e-03  -3.02574068e-03  -2.27810378e-02   1.90050751e-16   1.27267656e-16  -6.55126818e-17
  3.12000000e-06  -5.85910455e-03  -3.04295827e-03  -2.25152222e-02   1.62767504e-16   1.57155611e-16  -6.35965203e-17
  3.20000000e-06  -5.61352563e-03  -2.91928782e-03  -2.25323478e-02   1.29149578e-16   1.90144557e-16  -5.68103761e-17
  3.28000000e-06  -5.62646384e-03  -2.92074310e-03  -2.23148833e-02   9.30964550e-17   2.08369430e-16  -5.07462842e-17
  3.36000000e-06  -5.64941639e-03  -2.93252973e-03  -2.20958716e-02   5.55643311e-17   2.19489752e-16  -4.33368858e-17
  3.44000000e-06  -5.67708127e-03  -2.94657945e-03  -2.18775735e-02   1.76892236e-17   2.23614387e-16  -3.47077210e-17
  3.52000000e-06  -5.70704824e-03  -2.96163208e-03  -2.16611580e-02  -1.93518556e-17   2.20987850e-16  -2.51160502e-17
  3.60000000e-06  -5.73691688e-03  -2.97643851e-03  -2.14476830e-02  -5.44948442e-17   2.12040655e-16  -1.48497896e-17
  3.68000000e-06  -5.76436620e-03  -2.98979653e-03  -2.12380666e-02  -8.68121190e-17   1.97358483e-16  -4.22095218e-18
  3.76000000e-06  -5.78721754e-03  -3.00058323e-03  -2.10330664e-02  -1.15528364e-16   1.77650748e-16   6.44375476e-18
  3.84000000e-06  -5.80348949e-03  -3.00778290e-03  -2.08332665e-02  -1.40029523e-16   1.53719693e-16   1.68146653e-17
  3.92000000e-06  -5.81144397e-03  -3.01051044e-03  -2.06390716e-02  -1.59865693e-16   1.26430741e-16   2.65723896e-17
  4.00000000e-06  -5.80962282e-03  -3.00802959e-03  -2.04507083e-02  -1.74748863e-16   9.66845273e-17   3.54215146e-17
  4.08000000e-06  -5.67556743e-03  -2.94159513e-03  -2.04455835e-02  -1.87962874e-16   6.89736143e-17   4.22537962e-17
  4.16000000e-06  -5.66097330e-03  -2.93273098e-03  -2.02968371e-02  -1.93527994e-16   3.62623014e-17   4.87371127e-17
  4.24000000e-06  -5.63651931e-03  -2.91383723e-03  -2.01418369e-02  -1.93898000e-16   3.44532814e-18   5.37622612e-17
  4.32000000e-06  -5.59967670e-03  -2.89338660e-03  -1.99996719e-02  -1.89363088e-16  -2.84511061e-17   5.71355432e-17
  4.40000000e-06  -5.55194643e-03  -2.86732892e-03  -1.98612148e-02  -1.80234221e-16  -5.87324554e-17   5.88612538e-17
  4.48000000e-06  -5.49371656e-03  -2.83588686e-03  -1.97259763e-02  -1.66939804e-16  -8.66952588e-17   5.89566719e-17
  4.56000000e-06  -5.42562559e-03  -2.79941091e-03  -1.95934085e-02  -1.49989223e-16  -1.11730909e-16   5.74971984e-17
  4.64000000e-06  -5.34853563e-03  -2.75836498e-03  -1.94629209e-02  -1.29954779e-16  -1.33336620e-16   5.46094204e-17
  4.72000000e-06  -5.26350103e-03  -2.71330988e-03  -1.93338955e-02  -1.07453352e-16  -1.51122949e-16   5.04618543e-17
  4.80000000e-06  -5.17173369e-03  -2.66488504e-03  -1.92057010e-02  -8.31282475e-17  -1.64817782e-16   4.52541462e-17
  4.88000000e-06  -4.96195387e-03  -2.55774803e-03  -1.92291290e-02  -6.00165206e-17  -1.72377842e-16   3.84155878e-17
  4.96000000e-06  -4.87913519e-03  -2.51446686e-03  -1.91170396e-02  -3.38847502e-17  -1.78358526e-16   3.21077371e-17
  5.04000000e-06  -4.79406365e-03  -2.47011799e-03  -1.90040260e-02  -7.66264060e-18  -1.80097546e-16   2.53418605e-17
  5.12000000e-06  -4.70802514e-03  -2.42536655e-03  -1.88896348e-02   1.80456242e-17  -1.77720446e-16   1.83210516e-17
  5.20000000e-06  -4.62229077e-03  -2.38086784e-03  -1.87734496e-02   4.26774086e-17  -1.71446628e-16   1.12352484e-17
  5.28000000e-06  -4.53808816e-03  -2.33725255e-03  -1.86550982e-02   6.57229965e-17  -1.61578179e-16   4.25579416e-18
  5.36000000e-06  -4.45657543e-03  -2.29511357e-03  -1.85342587e-02   8.67349946e-17  -1.48487149e-16  -2.46819549e-18
  5.44000000e-06  -4.37881830e-03  -2.25499432e-03  -1.84106644e-02   1.05335632e-16  -1.32601750e-16  -8.81170793e-18
  5.52000000e-06  -4.30577081e-03  -2.21737900e-03  -1.82841085e-02   1.21221874e-16  -1.14391975e-16  -1.46741222e-17
  5.60000000e-06  -4.15724612e-03  -2.14086243e-03  -1.82543924e-02   1.33411178e-16  -9.25704082e-17  -1.95264014e-17
  5.68000000e-06  -4.10738581e-03  -2.11526411e-03  -1.81370368e-02   1.43338479e-16  -7.14828737e-17  -2.41241877e-17
  5.76000000e-06  -4.06342335e-03  -2.09274388e-03  -1.80170755e-02   1.50134765e-16  -4.95133146e-17  -2.81090249e-17
  5.84000000e-06  -4.02569935e-03  -2.07346669e-03  -1.78945602e-02   1.53783152e-16  -2.71526411e-17  -3.14500403e-17
  5.92000000e-06  -3.99442239e-03  -2.05752919e-03  -1.77695919e-02   1.54335598e-16  -4.87345081e-18  -3.41287691e-17
  6.00000000e-06  -3.96967049e-03  -2.04496070e-03  -1.76423186e-02   1.51907441e-16   1.68796694e-17  -3.61370158e-17
  6.08000000e-06  -3.95139519e-03  -2.03572553e-03  -1.75129302e-02   1.46670722e-16   3.76983453e-17  -3.74750233e-17
  6.16000000e-06  -3.93942798e-03  -2.02972654e-03  -1.73816545e-02   1.38846564e-16   5.72170146e-17  -3.81500467e-17
  6.24000000e-06  -3.93348876e-03  -2.02680963e-03  -1.72487504e-02   1.28696910e-16   7.51178808e-17  -3.81753737e-17
  6.32000000e-06  -3.83698877e-03  -1.97783233e-03  -1.72217211e-02   1.15588268e-16   9.41006656e-17  -3.65600060e-17
  6.40000000e-06  -3.84412737e-03  -1.98184421e-03  -1.71044899e-02   1.01347594e-16   1.08059483e-16  -3.52977567e-17
  6.48000000e-06  -3.82249801e-03  -1.97010434e-03  -1.70064635e-02   8.53187263e-17   1.20617469e-16  -3.31497293e-17
  6.56000000e-06  -3.82138454e-03  -1.96966403e-03  -1.68902935e-02   6.82624381e-17   1.30168970e-16  -3.06238708e-17
  6.64000000e-06  -3.82296716e-03  -1.97053305e-03  -1.67737818e-02   5.04314646e-17   1.37197910e-16  -2.76115937e-17
  6.72000000e-06  -3.82665222e-03  -1.97240211e-03  -1.66572650e-02   3.21731412e-17   1.41678288e-16  -2.41673513e-17
  6.80000000e-06  -3.83182400e-03  -1.97495205e-03  -1.65410706e-02   1.38239818e-17   1.43631327e-16  -2.03515273e-17
  6.88000000e-06  -3.83785594e-03  -1.97785965e-03  -1.64255107e-02  -4.29608797e-18   1.43121703e-16  -1.62300509e-17
  6.96000000e-06  -3.84412172e-03  -1.98080322e-03  -1.63108774e-02  -2.18886171e-17   1.40253278e-16  -1.18737718e-17
  7.04000000e-06  -3.85000558e-03  -1.98346794e-03  -1.61974380e-02  -3.86806217e-17   1.35164496e-16  -7.35757316e-18
  7.12000000e-06  -3.81789783e-03  -1.96742353e-03  -1.61459441e-02  -5.52873388e-17   1.29403644e-16  -2.69481693e-18
  7.20000000e-06  -3.82348443e-03  -1.96983980e-03  -1.60493419e-02  -7.00688143e-17   1.20373572e-16   1.91848162e-18
  7.28000000e-06  -3.82716845e-03  -1.97121353e-03  -1.59543224e-02  -8.34174059e-17   1.09635381e-16   6.46456270e-18
  7.36000000e-06  -3.82851122e-03  -1.97132413e-03  -1.58609952e-02  -9.51715584e-17   9.74138867e-17   1.08650833e-17
  7.44000000e-06  -3.82711941e-03  -1.96997513e-03  -1.57694394e-02  -1.05202553e-16   8.39474701e-17   1.50448153e-17
  7.52000000e-06  -3.82264970e-03  -1.96699648e-03  -1.56797039e-02  -1.13414604e-16   6.94837266e-17   1.89333969e-17
  7.60000000e-06  -3.81481264e-03  -1.96224640e-03  -1.55918083e-02  -1.19744442e-16   5.42752657e-17   2.24670005e-17
  7.68000000e-06  -3.80337543e-03  -1.95561271e-03  -1.55057435e-02  -1.24160422e-16   3.85756916e-17   2.55898457e-17
  7.76000000e-06  -3.78816373e-03  -1.94701359e-03  -1.54214734e-02  -1.26661232e-16   2.26357937e-17   2.82554899e-17
  7.84000000e-06  -3.76906250e-03  -1.93639795e-03  -1.53389368e-02  -1.27274244e-16   6.69997413e-18   3.04278431e-17
  7.92000000e-06  -3.68004968e-03  -1.89059848e-03  -1.53420427e-02  -1.27792075e-16  -7.39709337e-18   3.15646441e-17
  8.00000000e-06  -3.64689555e-03  -1.86974973e-03  -1.52776459e-02  -1.25288465e-16  -2.27314434e-17   3.26893329e-17
  8.08000000e-06  -3.61358513e-03  -1.85161123e-03  -1.52141051e-02  -1.20993054e-16  -3.75480253e-17   3.33074499e-17
  8.16000000e-06  -3.57709130e-03  -1.83185645e-03  -1.51520352e-02  -1.15104301e-16  -5.15751597e-17   3.34091676e-17
  8.24000000e-06  -3.53753651e-03  -1.81055720e-03  -1.50912918e-02  -1.07748676e-16  -6.46332128e-17   3.30115547e-17
  8.32000000e-06  -3.49508343e-03  -1.78780547e-03  -1.50317159e-02  -9.90686894e-17  -7.65622359e-17   3.21408228e-17
  8.40000000e-06  -3.44993156e-03  -1.76371145e-03  -1.49731364e-02  -8.92203217e-17  -8.72235165e-17   3.08312905e-17
  8.48000000e-06  -3.40318597e-03  -1.74161667e-03  -1.49087300e-02  -7.82463315e-17  -9.65048076e-17   2.91346882e-17
  8.56000000e-06  -3.35347737e-03  -1.71573485e-03  -1.48505972e-02  -6.65563170e-17  -1.04287588e-16   2.70780323e-17
  8.64000000e-06  -3.30332016e-03  -1.68951779e-03  -1.47975510e-02  -5.42394482e-17  -1.10568284e-16   2.47322916e-17
  8.72000000e-06  -3.25684672e-03  -1.66520489e-03  -1.47465844e-02  -4.13901300e-17  -1.15385406e-16   2.21706696e-17
  8.80000000e-06  -3.22363862e-03  -1.64886871e-03  -1.46802695e-02  -2.79447289e-17  -1.18854089e-16   1.94859157e-17
  8.88000000e-06  -3.18069228e-03  -1.62677954e-03  -1.46221667e-02  -1.45414339e-17  -1.20510026e-16   1.65703945e-17
  8.96000000e-06  -3.13719996e-03  -1.60446364e-03  -1.45636367e-02  -1.19705242e-18  -1.20555234e-16   1.35393300e-17
  9.04000000e-06  -3.09349349e-03  -1.58209110e-03  -1.45045532e-02   1.19137485e-17  -1.19031959e-16   1.04425347e-17
  9.12000000e-06  -3.04990073e-03  -1.55982928e-03  -1.44447984e-02   2.46251896e-17  -1.16002731e-16   7.32721002e-18
  9.20000000e-06  -3.00674126e-03  -1.53784062e-03  -1.43842641e-02   3.67823614e-17  -1.11548661e-16   4.23720108e-18
  9.28000000e-06  -2.96432242e-03  -1.51628071e-03  -1.43228528e-02   4.82429763e-17  -1.05767532e-16   1.21243528e-18
  9.36000000e-06  -2.87660058e-03  -1.46940183e-03  -1.43115276e-02   5.82751038e-17  -9.78418164e-17  -1.66755459e-18
  9.44000000e-06  -2.84172496e-03  -1.45156838e-03  -1.42537331e-02   6.79910709e-17  -8.99300252e-17  -4.39690724e-18
  9.52000000e-06  -2.80823478e-03  -1.43448415e-03  -1.41949837e-02   7.66953379e-17  -8.10472787e-17  -6.98257085e-18
  9.60000000e-06  -2.77633335e-03  -1.41824858e-03  -1.41352426e-02   8.43044533e-17  -7.13317788e-17  -9.40140013e-18
  9.68000000e-06  -2.74620058e-03  -1.40294880e-03  -1.40744855e-02   9.07519886e-17  -6.09278720e-17  -1.16341360e-17
  9.76000000e-06  -2.71799133e-03  -1.38865885e-03  -1.40126998e-02   9.59887936e-17  -4.99837801e-17  -1.36651960e-17
  9.84000000e-06  -2.69183431e-03  -1.37543915e-03  -1.39498857e-02   9.99829861e-17  -3.86493793e-17  -1.54824038e-17
  9.92000000e-06  -2.66783119e-03  -1.36333617e-03  -1.38860548e-02   1.02719686e-16  -2.70740639e-17  -1.70766812e-17
  1.00000000e-05  -2.60507264e-03  -1.33289025e-03  -1.38546961e-02   1.03920347e-16  -1.43665926e-17  -1.81578117e-17
  1.00800000e-05  -2.58867610e-03  -1.32469946e-03  -1.37952688e-02   1.04134930e-16  -2.80639139e-18  -1.92713881e-17
  1.01600000e-05  -2.57164705e-03  -1.31705512e-03  -1.37440622e-02   1.03172653e-16   8.68934971e-18  -2.01372779e-17
  1.02400000e-05  -2.55957185e-03  -1.31086703e-03  -1.36833148e-02   1.01006769e-16   1.97833223e-17  -2.07893621e-17
  1.03200000e-05  -2.54951830e-03  -1.30571511e-03  -1.36219133e-02   9.77333146e-17   3.04554070e-17  -2.12113345e-17
  1.04000000e-05  -2.52027411e-03  -1.28895679e-03  -1.35654596e-02   9.31332071e-17   4.10766440e-17  -2.12058596e-17
  1.04800000e-05  -2.50824444e-03  -1.28269048e-03  -1.35041599e-02   8.77409678e-17   5.06789899e-17  -2.11106247e-17
  1.05600000e-05  -2.49792530e-03  -1.27728146e-03  -1.34422076e-02   8.14599925e-17   5.95438072e-17  -2.07953325e-17
  1.06400000e-05  -2.48921059e-03  -1.27267131e-03  -1.33796941e-02   7.43847956e-17   6.75916809e-17  -2.02681326e-17
  1.07200000e-05  -2.46992365e-03  -1.26439697e-03  -1.33339314e-02   6.65699274e-17   7.51782271e-17  -1.94599592e-17
  1.08000000e-05  -2.46476268e-03  -1.26174394e-03  -1.32779854e-02   5.81862970e-17   8.14624755e-17  -1.85419843e-17
  1.08800000e-05  -2.46067058e-03  -1.25961241e-03  -1.32218748e-02   4.93034032e-17   8.67727502e-17  -1.74422667e-17
  1.09600000e-05  -2.45750270e-03  -1.25792573e-03  -1.31656919e-02   4.00289784e-17   9.10763174e-17  -1.61737466e-17
  1.10400000e-05  -2.45510669e-03  -1.25660368e-03  -1.31095286e-02   3.04713483e-17   9.43525435e-17  -1.47506574e-17
  1.11200000e-05  -2.45332433e-03  -1.25556338e-03  -1.30534750e-02   2.07381570e-17   9.65925653e-17  -1.31884815e-17
  1.12000000e-05  -2.45199329e-03  -1.25472021e-03  -1.29976186e-02   1.09351784e-17   9.77988408e-17  -1.15038894e-17
  1.12800000e-05  -2.45094891e-03  -1.25398873e-03  -1.29420437e-02   1.16522321e-18   9.79845958e-17  -9.71465437e-18
  1.13600000e-05  -2.45002592e-03  -1.25328356e-03  -1.28868300e-02  -8.47285157e-18   9.71731837e-17  -7.83954221e-18
  1.14400000e-05  -2.44906010e-03  -1.25252025e-03  -1.28320523e-02  -1.78850243e-17   9.53973742e-17  -5.89817137e-18
  1.15200000e-05  -2.42784062e-03  -1.24168623e-03  -1.27909273e-02  -2.72633426e-17   9.32425741e-17  -3.87672987e-18
  1.16000000e-05  -2.42774136e-03  -1.24135754e-03  -1.27407198e-02  -3.60258131e-17   8.96445638e-17  -1.86956461e-18
  1.16800000e-05  -2.42716529e-03  -1.24075691e-03  -1.26910610e-02  -4.43166676e-17   8.52192337e-17   1.44000933e-19
  1.17600000e-05  -2.42597854e-03  -1.23981710e-03  -1.26419948e-02  -5.20660856e-17   8.00282200e-17   2.14292533e-18
  1.18400000e-05  -2.42405485e-03  -1.23847501e-03  -1.25935587e-02  -5.92117607e-17   7.41387186e-17   4.10635363e-18
  1.19200000e-05  -2.39964475e-03  -1.22592859e-03  -1.25705571e-02  -6.61027862e-17   6.82938981e-17   5.95834863e-18
  1.20000000e-05  -2.39558228e-03  -1.22210800e-03  -1.25270084e-02  -7.20193418e-17   6.12085956e-17   7.80112385e-18
  1.20800000e-05  -2.38655537e-03  -1.21690714e-03  -1.24824941e-02  -7.71995264e-17   5.37003429e-17   9.52474823e-18
  1.21600000e-05  -2.37646296e-03  -1.21114015e-03  -1.24388229e-02  -8.16089334e-17   4.57850510e-17   1.11335691e-17
  1.22400000e-05  -2.36523181e-03  -1.20477277e-03  -1.23960094e-02  -8.52238340e-17   3.75448876e-17   1.26122093e-17
  1.23200000e-05  -2.34788259e-03  -1.19617811e-03  -1.23653543e-02  -8.81760306e-17   2.92283498e-17   1.39150606e-17
  1.24000000e-05  -2.33512637e-03  -1.18953965e-03  -1.23280247e-02  -9.01937162e-17   2.05666039e-17   1.50996562e-17
  1.24800000e-05  -2.32118063e-03  -1.18228674e-03  -1.22914152e-02  -9.13877785e-17   1.18164954e-17   1.61215818e-17
  1.25600000e-05  -2.30602178e-03  -1.17441008e-03  -1.22555077e-02  -9.17632711e-17   3.05919117e-18   1.69732142e-17
  1.26400000e-05  -2.28963731e-03  -1.16590604e-03  -1.22202781e-02  -9.13324056e-17  -5.62599328e-18   1.76491452e-17
  1.27200000e-05  -2.27202570e-03  -1.15677661e-03  -1.21856970e-02  -9.01142255e-17  -1.41622342e-17   1.81462232e-17
  1.28000000e-05  -2.25319628e-03  -1.14702924e-03  -1.21517299e-02  -8.81342385e-17  -2.24757999e-17   1.84635553e-17
  1.28800000e-05  -2.23316884e-03  -1.13667666e-03  -1.21183376e-02  -8.54240109e-17  -3.04966084e-17   1.86024708e-17
  1.29600000e-05  -2.21197337e-03  -1.12573675e-03  -1.20854767e-02  -8.20207290e-17  -3.81587401e-17   1.85664471e-17
  1.30400000e-05  -2.18546885e-03  -1.11090396e-03  -1.20587117e-02  -7.80906425e-17  -4.53105340e-17   1.83270256e-17
  1.31200000e-05  -2.16549699e-03  -1.10015885e-03  -1.20300971e-02  -7.34339317e-17  -5.21676407e-17   1.79893518e-17
  1.32000000e-05  -2.14457531e-03  -1.08894841e-03  -1.20018402e-02  -6.82111636e-17  -5.85035286e-17   1.74965920e-17
  1.32800000e-05  -2.12276304e-03  -1.07730485e-03  -1.19738880e-02  -6.24764169e-17  -6.42711285e-17   1.68585365e-17
  1.33600000e-05  -2.10012623e-03  -1.06526364e-03  -1.19461855e-02  -5.62870999e-17  -6.94292287e-17   1.60863438e-17
  1.34400000e-05  -2.07673707e-03  -1.05286317e-03  -1.19186767e-02  -4.97033983e-17  -7.39427101e-17   1.51923280e-17
  1.35200000e-05  -2.05267310e-03  -1.04014435e-03  -1.18913043e-02  -4.27877131e-17  -7.77827250e-17   1.41897344e-17
  1.36000000e-05  -2.02801649e-03  -1.02715019e-03  -1.18640105e-02  -3.56040906e-17  -8.09268194e-17   1.30925104e-17
  1.36800000e-05  -2.00285322e-03  -1.01392544e-03  -1.18367378e-02  -2.82176494e-17  -8.33589980e-17   1.19150750e-17
  1.37600000e-05  -1.96700028e-03  -9.97528970e-04  -1.18213573e-02  -2.08150426e-17  -8.48766921e-17   1.06256964e-17
  1.38400000e-05  -1.94287436e-03  -9.85191163e-04  -1.17950073e-02  -1.32025547e-17  -8.59182089e-17   9.35114006e-18
  1.39200000e-05  -1.91854694e-03  -9.72773188e-04  -1.17684896e-02  -5.57627281e-18  -8.62372057e-17   8.03735960e-18
  1.40000000e-05  -1.89410356e-03  -9.60318810e-04  -1.17417594e-02   1.99958689e-18  -8.58420004e-17   6.69816678e-18
  1.40800000e-05  -1.86962947e-03  -9.47871462e-04  -1.17147742e-02   9.46240927e-18  -8.47469071e-17   5.34692129e-18
  1.41600000e-05  -1.84520892e-03  -9.35473879e-04  -1.16874935e-02   1.67516919e-17  -8.29719835e-17   3.99638741e-18
  1.42400000e-05  -1.82092446e-03  -9.23167750e-04  -1.16598797e-02   2.38095294e-17  -8.05427296e-17   2.65861200e-18
  1.43200000e-05  -1.79685627e-03  -9.10993385e-04  -1.16318981e-02   3.05810660e-17  -7.74897437e-17   1.34482467e-18
  1.44000000e-05  -1.77308155e-03  -8.98989401e-04  -1.16035172e-02   3.70149127e-17  -7.38483367e-17   6.53606131e-20
  1.44800000e-05  -1.75309965e-03  -8.88702508e-04  -1.15810581e-02   4.31159296e-17  -6.97514641e-17  -1.17417770e-18
  1.45600000e-05  -1.73277367e-03  -8.78241081e-04  -1.15550210e-02   4.87835754e-17  -6.51155464e-17  -2.36639528e-18
  1.46400000e-05  -1.71290458e-03  -8.68027402e-04  -1.15285353e-02   5.39907603e-17  -6.00124824e-17  -3.50335411e-18
  1.47200000e-05  -1.69354892e-03  -8.58088851e-04  -1.15015859e-02   5.87019856e-17  -5.44908625e-17  -4.57821061e-18
  1.48000000e-05  -1.67475834e-03  -8.48450216e-04  -1.14741618e-02   6.28865494e-17  -4.86018304e-17  -5.58503018e-18
  1.48800000e-05  -1.65657922e-03  -8.39133528e-04  -1.14462553e-02   6.65187123e-17  -4.23985733e-17  -6.51876534e-18
  1.49600000e-05  -1.63905240e-03  -8.30157935e-04  -1.14178627e-02   6.95778118e-17  -3.59358061e-17  -7.37522311e-18
  1.50400000e-05  -1.62221299e-03  -8.21539599e-04  -1.13889843e-02   7.20483264e-17  -2.92692543e-17  -8.15102357e-18
  1.51200000e-05  -1.60037025e-03  -8.12089665e-04  -1.13641515e-02   7.39114239e-17  -2.23175729e-17  -8.81383651e-18
  1.52000000e-05  -1.58630963e-03  -8.05076617e-04  -1.13359003e-02   7.51964893e-17  -1.54377323e-17  -9.42636714e-18
  1.52800000e-05  -1.57294087e-03  -7.98422544e-04  -1.13072506e-02   7.58787577e-17  -8.51690343e-18  -9.95403000e-18
  1.53600000e-05  -1.56027273e-03  -7.92130666e-04  -1.12782179e-02   7.59621660e-17  -1.60958396e-18  -1.03958530e-17
  1.54400000e-05  -1.54830841e-03  -7.86201342e-04  -1.12488205e-02   7.54553616e-17   5.23101399e-18  -1.07514207e-17
  1.55200000e-05  -1.53704560e-03  -7.80632112e-04  -1.12190793e-02   7.43715040e-17   1.19533762e-17  -1.10208315e-17
  1.56000000e-05  -1.52647662e-03  -7.75417766e-04  -1.11890176e-02   7.27280312e-17   1.85080692e-17  -1.12046588e-17
  1.56800000e-05  -1.51658854e-03  -7.70550427e-04  -1.11586611e-02   7.05463949e-17   2.48480910e-17  -1.13039155e-17
  1.57600000e-05  -1.50736338e-03  -7.66019662e-04  -1.11280371e-02   6.78517671e-17   3.09291864e-17  -1.13200228e-17
  1.58400000e-05  -1.49681653e-03  -7.60382144e-04  -1.10983925e-02   6.46441720e-17   3.67604154e-17  -1.12369813e-17
  1.59200000e-05  -1.48984425e-03  -7.56862685e-04  -1.10704909e-02   6.10291547e-17   4.22010998e-17  -1.10983672e-17
  1.60000000e-05  -1.48341193e-03  -7.53611513e-04  -1.10424188e-02   5.69928997e-17   4.72745050e-17  -1.08826300e-17
  1.60800000e-05  -1.47748738e-03  -7.50611149e-04  -1.10142074e-02   5.25714033e-17   5.19490739e-17  -1.05924226e-17
  1.61600000e-05  -1.47203496e-03  -7.47842427e-04  -1.09858884e-02   4.78027713e-17   5.61969122e-17  -1.02307416e-17
  1.62400000e-05  -1.46701589e-03  -7.45284658e-04  -1.09574943e-02   4.27268608e-17   5.99938953e-17  -9.80091895e-18
  1.63200000e-05  -1.46238857e-03  -7.42915802e-04  -1.09290576e-02   3.73849214e-17   6.33197405e-17  -9.30661374e-18
  1.64000000e-05  -1.45810895e-03  -7.40712649e-04  -1.09006110e-02   3.18192390e-17   6.61580450e-17  -8.75180460e-18
  1.64800000e-05  -1.45413084e-03  -7.38650996e-04  -1.08721871e-02   2.60727854e-17   6.84962913e-17  -8.14078107e-18
  1.65600000e-05  -1.44005652e-03  -7.31541590e-04  -1.08604122e-02   2.00732199e-17   7.07026969e-17  -7.42407682e-18
  1.66400000e-05  -1.43687041e-03  -7.29677012e-04  -1.08338885e-02   1.40549899e-17   7.20179566e-17  -6.71458328e-18
  1.67200000e-05  -1.43382068e-03  -7.27870805e-04  -1.08075102e-02   7.98373173e-18   7.28154482e-17  -5.96321238e-18
  1.68000000e-05  -1.43085989e-03  -7.26098577e-04  -1.07813024e-02   1.90218479e-18   7.30971696e-17  -5.17539613e-18
  1.68800000e-05  -1.42794034e-03  -7.24335878e-04  -1.07552888e-02  -4.14772480e-18   7.28686388e-17  -4.35680219e-18
  1.69600000e-05  -1.42501437e-03  -7.22558374e-04  -1.07294916e-02  -1.01251521e-17   7.21387576e-17  -3.51330497e-18
  1.70400000e-05  -1.42203474e-03  -7.20742005e-04  -1.07039312e-02  -1.59905831e-17   7.09196587e-17  -2.65095241e-18
  1.71200000e-05  -1.41895487e-03  -7.18863147e-04  -1.06786265e-02  -2.17060662e-17   6.92265365e-17  -1.77592853e-18
  1.72000000e-05  -1.40191079e-03  -7.08913188e-04  -1.06465011e-02  -2.73782655e-17   6.73083638e-17  -8.76710658e-19
  1.72800000e-05  -1.39652210e-03  -7.06258622e-04  -1.06303408e-02  -3.27541193e-17   6.48314102e-17  -4.31697803e-21
  1.73600000e-05  -1.39152794e-03  -7.03650345e-04  -1.06090730e-02  -3.78649895e-17   6.18718744e-17   8.62848706e-19
  1.74400000e-05  -1.38629937e-03  -7.00906116e-04  -1.05881529e-02  -4.26991469e-17   5.85190117e-17   1.71677414e-18
  1.75200000e-05  -1.38080138e-03  -6.98008483e-04  -1.05675980e-02  -4.72284348e-17   5.47996304e-17   2.55142950e-18
  1.76000000e-05  -1.37500094e-03  -6.94941100e-04  -1.05474234e-02  -5.14271533e-17   5.07424410e-17   3.36095131e-18
  1.76800000e-05  -1.36886715e-03  -6.91688816e-04  -1.05276417e-02  -5.52721584e-17   4.63778341e-17   4.13969378e-18
  1.77600000e-05  -1.36237145e-03  -6.88237765e-04  -1.05082629e-02  -5.87429439e-17   4.17376567e-17   4.88227967e-18
  1.78400000e-05  -1.35548779e-03  -6.84575439e-04  -1.04892944e-02  -6.18217041e-17   3.68549863e-17   5.58364980e-18
  1.79200000e-05  -1.34819273e-03  -6.80690756e-04  -1.04707410e-02  -6.44933810e-17   3.17639059e-17   6.23911049e-18
  1.80000000e-05  -1.34046559e-03  -6.76574112e-04  -1.04526049e-02  -6.67456936e-17   2.64992799e-17   6.84437800e-18
  1.80800000e-05  -1.32387804e-03  -6.67902880e-04  -1.04061640e-02  -6.84368201e-17   2.11486501e-17   7.34917875e-18
  1.81600000e-05  -1.31531417e-03  -6.63388902e-04  -1.03857593e-02  -6.97987263e-17   1.56564220e-17   7.83967309e-18
  1.82400000e-05  -1.30631031e-03  -6.58646048e-04  -1.03657885e-02  -7.07227030e-17   1.01026276e-17   8.27064340e-18
  1.83200000e-05  -1.29685917e-03  -6.53671719e-04  -1.03462490e-02  -7.12083754e-17   4.52277451e-18   8.63992587e-18
  1.84000000e-05  -1.29033914e-03  -6.50291682e-04  -1.03560468e-02  -7.14574135e-17  -1.05996116e-18   8.96998477e-18
  1.84800000e-05  -1.28058545e-03  -6.45219784e-04  -1.03410554e-02  -7.10948628e-17  -6.62558022e-18   9.21743460e-18
  1.85600000e-05  -1.27037225e-03  -6.39913354e-04  -1.03263778e-02  -7.03028200e-17  -1.21191741e-17   9.39980844e-18
  1.86400000e-05  -1.25970283e-03  -6.34374959e-04  -1.03119979e-02  -6.90903172e-17  -1.75071599e-17   9.51700848e-18
  1.87200000e-05  -1.24858322e-03  -6.28608567e-04  -1.02978984e-02  -6.74688335e-17  -2.27569890e-17   9.56949547e-18
  1.88000000e-05  -1.23061043e-03  -6.18969204e-04  -1.02692419e-02  -6.54261155e-17  -2.76924604e-17   9.50944978e-18
  1.88800000e-05  -1.21905315e-03  -6.13052307e-04  -1.02538867e-02  -6.30261389e-17  -3.25717384e-17   9.44036111e-18
  1.89600000e-05  -1.20711389e-03  -6.06946753e-04  -1.02388187e-02  -6.02668564e-17  -3.72224796e-17   9.31172094e-18
  1.90400000e-05  -1.19480802e-03  -6.00660983e-04  -1.02240177e-02  -5.71686017e-17  -4.16183469e-17   9.12596435e-18
  1.91200000e-05  -1.18215302e-03  -5.94204457e-04  -1.02094618e-02  -5.37534952e-17  -4.57348488e-17   8.88594412e-18
  1.92000000e-05  -1.16916831e-03  -5.87587580e-04  -1.01951281e-02  -5.00452957e-17  -4.95494577e-17   8.59489147e-18
  1.92800000e-05  -1.15587512e-03  -5.80821632e-04  -1.01809922e-02  -4.60692454e-17  -5.30417179e-17   8.25637321e-18
  1.93600000e-05  -1.14229634e-03  -5.73918686e-04  -1.01670290e-02  -4.18519085e-17  -5.61933405e-17   7.87424623e-18
  1.94400000e-05  -1.12845636e-03  -5.66891526e-04  -1.01532124e-02  -3.74210042e-17  -5.89882862e-17   7.45260973e-18
  1.95200000e-05  -1.11299759e-03  -5.58214272e-04  -1.01721244e-02  -3.29834787e-17  -6.15067570e-17   6.98423254e-18
  1.96000000e-05  -1.10029250e-03  -5.51602203e-04  -1.01619755e-02  -2.81864103e-17  -6.36192638e-17   6.50521368e-18
  1.96800000e-05  -1.08741116e-03  -5.44912356e-04  -1.01517958e-02  -2.32543901e-17  -6.53387743e-17   5.99805096e-18
  1.97600000e-05  -1.07438011e-03  -5.38158365e-04  -1.01415627e-02  -1.82184304e-17  -6.66575488e-17   5.46718866e-18
  1.98400000e-05  -1.06122657e-03  -5.31354132e-04  -1.01312539e-02  -1.31099385e-17  -6.75703777e-17   4.91710259e-18
  1.99200000e-05  -1.04797826e-03  -5.24513744e-04  -1.01208475e-02  -7.96052026e-18  -6.80745957e-17   4.35225541e-18
  2.00000000e-05  -1.03466322e-03  -5.17651383e-04  -1.01103226e-02  -2.80178262e-18  -6.81700788e-17   3.77705426e-18
  2.00800000e-05  -1.02130964e-03  -5.10781235e-04  -1.00996589e-02   2.33486294e-18  -6.78592259e-17   3.19581101e-18
  2.01600000e-05  -1.00332989e-03  -5.02014527e-04  -1.00694125e-02   7.38189393e-18  -6.69556361e-17   2.60255772e-18
  2.02400000e-05  -9.90660355e-04  -4.95707464e-04  -1.00581127e-02   1.23703153e-17  -6.58682568e-17   2.02787602e-18
  2.03200000e-05  -9.78034727e-04  -4.89432253e-04  -1.00466666e-02   1.72470046e-17  -6.43983221e-17   1.45823954e-18
  2.04000000e-05  -9.65477303e-04  -4.83200867e-04  -1.00350530e-02   2.19834634e-17  -6.25575742e-17   8.97188996e-19
  2.04800000e-05  -9.53011748e-04  -4.77024906e-04  -1.00232522e-02   2.65522869e-17  -6.03599183e-17   3.48045017e-19
  2.05600000e-05  -9.40660951e-04  -4.70915531e-04  -1.00112454e-02   3.09273277e-17  -5.78213163e-17  -1.86108075e-19
  2.06400000e-05  -9.28446899e-04  -4.64883395e-04  -9.99901512e-03   3.50838494e-17  -5.49596692e-17  -7.02434542e-19
  2.07200000e-05  -9.16390549e-04  -4.58938589e-04  -9.98654550e-03   3.89986717e-17  -5.17946854e-17  -1.19835576e-18
  2.08000000e-05  -9.04511714e-04  -4.53090584e-04  -9.97382200e-03   4.26503031e-17  -4.83477391e-17  -1.67155514e-18
  2.08800000e-05  -8.92483359e-04  -4.46988570e-04  -9.97666331e-03   4.60681353e-17  -4.46702812e-17  -2.11974068e-18
  2.09600000e-05  -8.81953469e-04  -4.41847183e-04  -9.96572741e-03   4.91646767e-17  -4.07453845e-17  -2.54449303e-18
  2.10400000e-05  -8.71633276e-04  -4.36815661e-04  -9.95453618e-03   5.19465970e-17  -3.66062285e-17  -2.94219721e-18
  2.11200000e-05  -8.61536074e-04  -4.31899933e-04  -9.94308832e-03   5.43996357e-17  -3.22789698e-17  -3.31144235e-18
  2.12000000e-05  -8.51673714e-04  -4.27105183e-04  -9.93138400e-03   5.65116635e-17  -2.77906529e-17  -3.65104868e-18
  2.12800000e-05  -8.42056542e-04  -4.22435829e-04  -9.91942492e-03   5.82727353e-17  -2.31690284e-17  -3.96005924e-18
  2.13600000e-05  -8.32693354e-04  -4.17895499e-04  -9.90721424e-03   5.96751272e-17  -1.84423677e-17  -4.23773004e-18
  2.14400000e-05  -8.23591355e-04  -4.13487024e-04  -9.89475657e-03   6.07133580e-17  -1.36392772e-17  -4.48351936e-18
  2.15200000e-05  -8.14756138e-04  -4.09212424e-04  -9.88205796e-03   6.13841944e-17  -8.78851320e-18  -4.69707631e-18
  2.16000000e-05  -8.05403953e-04  -4.04113122e-04  -9.85976845e-03   6.16144784e-17  -3.91868773e-18  -4.87242186e-18
  2.16800000e-05  -7.97538016e-04  -4.00131515e-04  -9.84600356e-03   6.15477601e-17   9.20517879e-19  -5.02285079e-18
  2.17600000e-05  -7.89925181e-04  -3.96271784e-04  -9.83197012e-03   6.11186327e-17   5.72179059e-18  -5.14103791e-18
  2.18400000e-05  -7.82564294e-04  -3.92532469e-04  -9.81767585e-03   6.03326662e-17   1.04576247e-17  -5.22721959e-18
  2.19200000e-05  -7.75452721e-04  -3.88911410e-04  -9.80312992e-03   5.91974908e-17   1.51012376e-17  -5.28177218e-18
  2.20000000e-05  -7.68586383e-04  -3.85405769e-04  -9.78834292e-03   5.77227167e-17   1.96267262e-17  -5.30520314e-18
  2.20800000e-05  -7.61959789e-04  -3.82012046e-04  -9.77332680e-03   5.59198420e-17   2.40092147e-17  -5.29814273e-18
  2.21600000e-05  -7.55566083e-04  -3.78726112e-04  -9.75809476e-03   5.38021490e-17   2.82249918e-17  -5.26133653e-18
  2.22400000e-05  -7.49397097e-04  -3.75543238e-04  -9.74266120e-03   5.13845911e-17   3.22516367e-17  -5.19563869e-18
  2.23200000e-05  -7.42486375e-04  -3.72679439e-04  -9.73974315e-03   4.87349800e-17   3.61621794e-17  -5.09889826e-18
  2.24000000e-05  -7.36976830e-04  -3.70041851e-04  -9.72711456e-03   4.57773311e-17   3.97706604e-17  -4.98129644e-18
  2.24800000e-05  -7.31649567e-04  -3.67489036e-04  -9.71442164e-03   4.25696511e-17   4.31347299e-17  -4.83792127e-18
  2.25600000e-05  -7.26492948e-04  -3.65015018e-04  -9.70168125e-03   3.91317950e-17   4.62376321e-17  -4.66995380e-18
  2.26400000e-05  -7.21494413e-04  -3.62613398e-04  -9.68891044e-03   3.54846740e-17   4.90642778e-17  -4.47866237e-18
  2.27200000e-05  -7.16640558e-04  -3.60277393e-04  -9.67612637e-03   3.16501172e-17   5.16013026e-17  -4.26539907e-18
  2.28000000e-05  -7.11917218e-04  -3.57999877e-04  -9.66334624e-03   2.76507315e-17   5.38371113e-17  -4.03159631e-18
  2.28800000e-05  -7.07309547e-04  -3.55773424e-04  -9.65058715e-03   2.35097606e-17   5.57619128e-17  -3.77876332e-18
  2.29600000e-05  -6.97913392e-04  -3.50741675e-04  -9.62777818e-03   1.91752131e-17   5.73999834e-17  -3.48109436e-18
  2.30400000e-05  -6.93639427e-04  -3.49329035e-04  -9.62376162e-03   1.48452227e-17   5.87380217e-17  -3.20208765e-18
  2.31200000e-05  -6.89308859e-04  -3.47193081e-04  -9.61265687e-03   1.04172028e-17   5.96959833e-17  -2.90312064e-18
  2.32000000e-05  -6.85020991e-04  -3.45073207e-04  -9.60163258e-03   5.94223124e-18   6.03219929e-17  -2.59185680e-18
  2.32800000e-05  -6.80760582e-04  -3.42961874e-04  -9.59070542e-03   1.44467648e-18   6.06150839e-17  -2.27012932e-18
  2.33600000e-05  -6.77372587e-04  -3.39249229e-04  -9.55944662e-03  -3.06175954e-18   6.03953807e-17  -1.92638079e-18
  2.34400000e-05  -6.73323237e-04  -3.36954394e-04  -9.54598257e-03  -7.50797749e-18   6.00013849e-17  -1.58835767e-18
  2.35200000e-05  -6.69257900e-04  -3.34643814e-04  -9.53262673e-03  -1.19008070e-17   5.92848421e-17  -1.24567938e-18
  2.36000000e-05  -6.65161521e-04  -3.32310398e-04  -9.51939549e-03  -1.62174731e-17   5.82522873e-17  -9.00330460e-19
  2.36800000e-05  -6.52866037e-04  -3.27581758e-04  -9.53338931e-03  -2.05699519e-17   5.72959340e-17  -5.60102986e-19
  2.37600000e-05  -6.48355402e-04  -3.25376994e-04  -9.52432431e-03  -2.47178863e-17   5.56763132e-17  -2.19418853e-19
  2.38400000e-05  -6.43775760e-04  -3.23134960e-04  -9.51544150e-03  -2.87297743e-17   5.37633569e-17   1.17988437e-19
  2.39200000e-05  -6.39114803e-04  -3.20849647e-04  -9.50674836e-03  -3.25854484e-17   5.15688190e-17   4.50207045e-19
  2.40000000e-05  -6.34360679e-04  -3.18515283e-04  -9.49825139e-03  -3.62657134e-17   4.91057998e-17   7.75363230e-19
  2.40800000e-05  -6.25504920e-04  -3.13664878e-04  -9.47602210e-03  -3.97383849e-17   4.63892391e-17   1.08757453e-18
  2.41600000e-05  -6.19679202e-04  -3.10691900e-04  -9.46530118e-03  -4.30078975e-17   4.34422960e-17   1.38970011e-18
  2.42400000e-05  -6.13729700e-04  -3.07653492e-04  -9.45478031e-03  -4.60504012e-17   4.02760198e-17   1.67866838e-18
  2.43200000e-05  -6.07647335e-04  -3.04545511e-04  -9.44446119e-03  -4.88517515e-17   3.69082391e-17   1.95293281e-18
  2.44000000e-05  -6.01212602e-04  -3.00919905e-04  -9.43909254e-03  -5.14384287e-17   3.33856659e-17   2.21197324e-18
  2.44800000e-05  -5.95314016e-04  -2.97884666e-04  -9.43492724e-03  -5.37558820e-17   2.96812794e-17   2.45471231e-18
  2.45600000e-05  -5.89272375e-04  -2.94777300e-04  -9.43095740e-03  -5.58005102e-17   2.58257203e-17   2.67935290e-18
  2.46400000e-05  -5.83081753e-04  -2.91595495e-04  -9.42717857e-03  -5.75626742e-17   2.18392475e-17   2.88479937e-18
  2.47200000e-05  -5.76736993e-04  -2.88337322e-04  -9.42358535e-03  -5.90341845e-17   1.77427045e-17   3.07009626e-18
  2.48000000e-05  -5.70233728e-04  -2.85001246e-04  -9.42017139e-03  -6.02083352e-17   1.35574174e-17   3.23443612e-18
  2.48800000e-05  -5.63568409e-04  -2.81586129e-04  -9.41692948e-03  -6.10799320e-17   9.30509140e-18   3.37716614e-18
  2.49600000e-05  -5.56738310e-04  -2.78091240e-04  -9.41385152e-03  -6.16453125e-17   5.00770531e-18   3.49779344e-18
  2.50400000e-05  -5.49741547e-04  -2.74516252e-04  -9.41092864e-03  -6.19023615e-17   6.87405043e-19   3.59598902e-18
  2.51200000e-05  -5.39980299e-04  -2.70850052e-04  -9.40285502e-03  -6.18129722e-17  -3.57976141e-18   3.65286562e-18
  2.52000000e-05  -5.32978107e-04  -2.67350165e-04  -9.39671294e-03  -6.14268576e-17  -7.88197698e-18   3.70836253e-18
  2.52800000e-05  -5.25831840e-04  -2.63777190e-04  -9.39069881e-03  -6.07359532e-17  -1.21361575e-17   3.74180242e-18
  2.53600000e-05  -5.18542844e-04  -2.60132207e-04  -9.38480210e-03  -5.97450098e-17  -1.63207181e-17   3.75350395e-18
  2.54400000e-05  -5.11113179e-04  -2.56416655e-04  -9.37901171e-03  -5.84602693e-17  -2.04145221e-17   3.74393791e-18
  2.55200000e-05  -5.03545603e-04  -2.52632322e-04  -9.37331605e-03  -5.68894285e-17  -2.43969835e-17   3.71372180e-18
  2.56000000e-05  -4.95843554e-04  -2.48781335e-04  -9.36770309e-03  -5.50415969e-17  -2.82481664e-17   3.66361287e-18
  2.56800000e-05  -4.88011133e-04  -2.44866145e-04  -9.36216044e-03  -5.29272469e-17  -3.19488817e-17   3.59449995e-18
  2.57600000e-05  -4.80053071e-04  -2.40889518e-04  -9.35667540e-03  -5.05581583e-17  -3.54807799e-17   3.50739400e-18
  2.58400000e-05  -4.70341599e-04  -2.34984997e-04  -9.35916749e-03  -4.80353695e-17  -3.88146683e-17   3.38853827e-18
  2.59200000e-05  -4.62510170e-04  -2.30898457e-04  -9.35873063e-03  -4.52210320e-17  -4.19925676e-17   3.27087160e-18
  2.60000000e-05  -4.54585949e-04  -2.26770488e-04  -9.35829466e-03  -4.21879855e-17  -4.49574520e-17   3.13872236e-18
  2.60800000e-05  -4.46574776e-04  -2.22604427e-04  -9.35784631e-03  -3.89519576e-17  -4.76942739e-17   2.99341508e-18
  2.61600000e-05  -4.38482905e-04  -2.18403791e-04  -9.35737238e-03  -3.55297219e-17  -5.01891580e-17   2.83633876e-18
  2.62400000e-05  -4.30316967e-04  -2.14172257e-04  -9.35685980e-03  -3.19390140e-17  -5.24294758e-17   2.66893373e-18
  2.63200000e-05  -4.20833125e-04  -2.10383728e-04  -9.35476402e-03  -2.81825157e-17  -5.43678911e-17   2.49052309e-18
  2.64000000e-05  -4.12340387e-04  -2.06185522e-04  -9.35350297e-03  -2.43111438e-17  -5.60572883e-17   2.30744222e-18
  2.64800000e-05  -4.03795489e-04  -2.01966856e-04  -9.35218312e-03  -2.03306629e-17  -5.74623125e-17   2.11874728e-18
  2.65600000e-05  -3.95366339e-04  -1.97784478e-04  -9.34842968e-03  -1.62555697e-17  -5.85671109e-17   1.92658780e-18
  2.66400000e-05  -3.88071703e-04  -1.94137638e-04  -9.34508059e-03  -1.21033473e-17  -5.94035973e-17   1.73668279e-18
  2.67200000e-05  -3.80573551e-04  -1.90354118e-04  -9.34090729e-03  -7.90754321e-18  -5.99303224e-17   1.54346736e-18
  2.68000000e-05  -3.73060446e-04  -1.86566347e-04  -9.33664004e-03  -3.68910589e-18  -6.01536618e-17   1.34940496e-18
  2.68800000e-05  -3.65539807e-04  -1.82778154e-04  -9.33226859e-03   5.30190323e-19  -6.00733218e-17   1.15580527e-18
  2.69600000e-05  -3.58019050e-04  -1.78993350e-04  -9.32778325e-03   4.72862923e-18  -5.96905913e-17   9.63924577e-19
  2.70400000e-05  -3.50505543e-04  -1.75215704e-04  -9.32317494e-03   8.88466857e-18  -5.90083315e-17   7.74957116e-19
  2.71200000e-05  -3.43006572e-04  -1.71448926e-04  -9.31843520e-03   1.29770549e-17  -5.80309570e-17   5.90027193e-19
  2.72000000e-05  -3.35529300e-04  -1.67696647e-04  -9.31355627e-03   1.69849371e-17  -5.67644081e-17   4.10182401e-19
  2.72800000e-05  -3.25204598e-04  -1.61865142e-04  -9.31254075e-03   2.08442213e-17  -5.51731158e-17   2.31082760e-19
  2.73600000e-05  -3.18139940e-04  -1.58505761e-04  -9.31117737e-03   2.46390666e-17  -5.33806842e-17   6.68524232e-20
  2.74400000e-05  -3.11110013e-04  -1.55165718e-04  -9.30965535e-03   2.82951863e-17  -5.13224784e-17  -9.01673118e-20
  2.75200000e-05  -3.04120721e-04  -1.51847817e-04  -9.30796997e-03   3.17939535e-17  -4.90094475e-17  -2.39281223e-19
  2.76000000e-05  -2.94074903e-04  -1.48112999e-04  -9.27570035e-03   3.50035435e-17  -4.62531904e-17  -3.71181132e-19
  2.76800000e-05  -2.86827460e-04  -1.44687385e-04  -9.27245114e-03   3.81023381e-17  -4.34733660e-17  -5.00272169e-19
  2.77600000e-05  -2.79639866e-04  -1.41293291e-04  -9.26902076e-03   4.09937542e-17  -4.04830216e-17  -6.19645672e-19
  2.78400000e-05  -2.72516322e-04  -1.37932876e-04  -9.26540259e-03   4.36634909e-17  -3.72979115e-17  -7.28992146e-19
  2.79200000e-05  -2.66005939e-04  -1.33551202e-04  -9.29508160e-03   4.62299668e-17  -3.40476247e-17  -8.33811351e-19
  2.80000000e-05  -2.59945547e-04  -1.30385494e-04  -9.29231258e-03   4.84435333e-17  -3.05261425e-17  -9.26842971e-19
  2.80800000e-05  -2.53945751e-04  -1.27250021e-04  -9.28936694e-03   5.03995038e-17  -2.68591026e-17  -1.00985552e-18
  2.81600000e-05  -2.48009404e-04  -1.24146072e-04  -9.28624661e-03   5.20883787e-17  -2.30656234e-17  -1.08277344e-18
  2.82400000e-05  -2.42139015e-04  -1.21074759e-04  -9.28295442e-03   5.35020843e-17  -1.91654266e-17  -1.14559354e-18
  2.83200000e-05  -2.36336734e-04  -1.18037022e-04  -9.27949411e-03   5.46340112e-17  -1.51787283e-17  -1.19838127e-18
  2.84000000e-05  -2.30604344e-04  -1.15033617e-04  -9.27587022e-03   5.54790436e-17  -1.11261260e-17  -1.24126682e-18
  2.84800000e-05  -2.24943254e-04  -1.12065119e-04  -9.27208816e-03   5.60335794e-17  -7.02848540e-18  -1.27444082e-18
  2.85600000e-05  -2.19354492e-04  -1.09131913e-04  -9.26815413e-03   5.62955413e-17  -2.90682591e-18  -1.29814979e-18
  2.86400000e-05  -2.09369832e-04  -1.02955277e-04  -9.23498676e-03   5.60185744e-17   1.29564187e-18  -1.28446233e-18
  2.87200000e-05  -2.03666115e-04  -1.00136429e-04  -9.23069271e-03   5.56919399e-17   5.37800947e-18  -1.28712937e-18
  2.88000000e-05  -1.98020713e-04  -9.73443572e-05  -9.22621021e-03   5.50777275e-17   9.42168876e-18  -1.28153151e-18
  2.88800000e-05  -1.92433110e-04  -9.45785104e-05  -9.22154558e-03   5.41798717e-17   1.34063108e-17  -1.26811173e-18
  2.89600000e-05  -1.86902492e-04  -9.18382022e-05  -9.21670604e-03   5.30037581e-17   1.73119039e-17  -1.24734678e-18
  2.90400000e-05  -1.81427749e-04  -8.91226151e-05  -9.21169972e-03   5.15561845e-17   2.11189991e-17  -1.21974264e-18
  2.91200000e-05  -1.76007484e-04  -8.64308050e-05  -9.20653558e-03   4.98453141e-17   2.48087311e-17  -1.18583009e-18
  2.92000000e-05  -1.70640021e-04  -8.37617069e-05  -9.20122336e-03   4.78806212e-17   2.83629349e-17  -1.14616042e-18
  2.92800000e-05  -1.65323416e-04  -8.11141410e-05  -9.19577358e-03   4.56728298e-17   3.17642368e-17  -1.10130126e-18
  2.93600000e-05  -1.57389077e-04  -7.75972558e-05  -9.21963385e-03   4.33393877e-17   3.51848022e-17  -1.03598369e-18
  2.94400000e-05  -1.52350624e-04  -7.51038545e-05  -9.21596097e-03   4.06710822e-17   3.82532178e-17  -9.84078482e-19
  2.95200000e-05  -1.47349448e-04  -7.26260778e-05  -9.21226158e-03   3.77955001e-17   4.11223846e-17  -9.28729988e-19
  2.96000000e-05  -1.42383287e-04  -7.01627790e-05  -9.20854796e-03   3.47274869e-17   4.37785237e-17  -8.70521243e-19
  2.96800000e-05  -1.37449702e-04  -6.77127394e-05  -9.20483245e-03   3.14827823e-17   4.62089800e-17  -8.10034915e-19
  2.97600000e-05  -1.32546095e-04  -6.52746749e-05  -9.20112741e-03   2.80779336e-17   4.84022756e-17  -7.47850014e-19
  2.98400000e-05  -1.27669718e-04  -6.28472425e-05  -9.19744513e-03   2.45302076e-17   5.03481584e-17  -6.84538751e-19
  2.99200000e-05  -1.22817689e-04  -6.04290477e-05  -9.19379779e-03   2.08574993e-17   5.20376421e-17  -6.20663534e-19
  3.00000000e-05  -1.17987009e-04  -5.80186516e-05  -9.19019738e-03   1.70782396e-17   5.34630409e-17  -5.56774109e-19
  3.00800000e-05  -1.06484220e-04  -5.19282137e-05  -9.15664966e-03   1.30902891e-17   5.45768625e-17  -4.61739650e-19
  3.01600000e-05  -1.01465904e-04  -4.94028607e-05  -9.15190910e-03   9.16696971e-18   5.54426732e-17  -4.00917611e-19
  3.02400000e-05  -9.64566799e-05  -4.68774437e-05  -9.14719702e-03   5.19672392e-18   5.60308072e-17  -3.41945160e-19
  3.03200000e-05  -8.80551264e-05  -4.33539370e-05  -9.16516943e-03   1.17645528e-18   5.65611785e-17  -2.78853840e-19
  3.04000000e-05  -8.21401955e-05  -4.04498754e-05  -9.16532145e-03  -2.86654462e-18   5.66375212e-17  -2.24271691e-19
  3.04800000e-05  -7.62245482e-05  -3.75450070e-05  -9.16561490e-03  -6.90520858e-18   5.64307966e-17  -1.73730652e-19
  3.05600000e-05  -7.03066195e-05  -3.46385406e-05  -9.16605630e-03  -1.09198969e-17   5.59420423e-17  -1.27645918e-19
  3.06400000e-05  -6.43848635e-05  -3.17296967e-05  -9.16665149e-03  -1.48910939e-17   5.51736376e-17  -8.63872415e-20
  3.07200000e-05  -5.84577604e-05  -2.88177112e-05  -9.16740552e-03  -1.87994966e-17   5.41292902e-17  -5.02765781e-20
  3.08000000e-05  -5.00559994e-05  -2.52974657e-05  -9.16191084e-03  -2.26252462e-17   5.28322015e-17  -2.22651695e-20
  3.08800000e-05  -4.36594925e-05  -2.22027226e-05  -9.15870746e-03  -2.63410983e-17   5.12397900e-17   1.35129807e-21
  3.09600000e-05  -3.72547998e-05  -1.91035163e-05  -9.15567050e-03  -2.99343545e-17   4.93931698e-17   1.87441390e-20
  3.10400000e-05  -3.08417670e-05  -1.59994659e-05  -9.15280288e-03  -3.33878411e-17   4.73017167e-17   2.98201343e-20
  3.11200000e-05  -2.44202938e-05  -1.28902203e-05  -9.15010672e-03  -3.66850893e-17   4.49759377e-17   3.45472374e-20
  3.12000000e-05  -1.79903342e-05  -9.77545960e-06  -9.14758328e-03  -3.98104057e-17   4.24274198e-17   3.29546031e-20
  3.12800000e-05  -1.15518969e-05  -6.65489655e-06  -9.14523302e-03  -4.27489410e-17   3.96687745e-17   2.51321940e-20
  3.13600000e-05  -5.10504468e-06  -3.52827807e-06  -9.14305556e-03  -4.54867535e-17   3.67135783e-17   1.12299652e-20
  3.14400000e-05   8.22000763e-07   4.05832389e-07  -9.14630111e-03  -4.80567272e-17   3.35831803e-17  -2.82885112e-21
  3.15200000e-05   7.24705870e-06   3.57796644e-06  -9.14971824e-03  -5.03869876e-17   3.02892921e-17  -2.80646222e-20
  3.16000000e-05   1.36720549e-05   6.75007002e-06  -9.15329386e-03  -5.24831733e-17   2.68379740e-17  -5.86012677e-20
  3.16800000e-05   2.00969233e-05   9.92211050e-06  -9.15702325e-03  -5.43346048e-17   2.32456447e-17  -9.40603192e-20
  3.17600000e-05   2.65215872e-05   1.30940500e-05  -9.16090095e-03  -5.59317301e-17   1.95294512e-17  -1.34012872e-19
  3.18400000e-05   3.29459602e-05   1.62658459e-05  -9.16492075e-03  -5.72661759e-17   1.57071942e-17  -1.77982811e-19
  3.19200000e-05   3.93699472e-05   1.94374512e-05  -9.16907574e-03  -5.83307930e-17   1.17972505e-17  -2.25450396e-19
  3.20000000e-05   4.57934454e-05   2.26088152e-05  -9.17335833e-03  -5.91196977e-17   7.81849238e-18  -2.75856203e-19
  3.20800000e-05   5.22163458e-05   2.57798841e-05  -9.17776031e-03  -5.96283082e-17   3.79020259e-18  -3.28605376e-19
  3.21600000e-05   5.74333324e-05   2.97626054e-05  -9.17470345e-03  -5.98224653e-17  -2.93501988e-19  -3.75438720e-19
  3.22400000e-05   6.35450525e-05   3.27876423e-05  -9.17515002e-03  -5.97303970e-17  -4.35942872e-18  -4.29258006e-19
  3.23200000e-05   6.96509544e-05   3.58054801e-05  -9.17570455e-03  -5.93533539e-17  -8.40958409e-18  -4.83355465e-19
  3.24000000e-05   7.57514171e-05   3.88162195e-05  -9.17635726e-03  -5.86930133e-17  -1.24241085e-17  -5.37068873e-19
  3.24800000e-05   8.18468423e-05   4.18199931e-05  -9.17709791e-03  -5.77524274e-17  -1.63832813e-17  -5.89729192e-19
  3.25600000e-05   8.79376530e-05   4.48169657e-05  -9.17791581e-03  -5.65360149e-17  -2.02676152e-17  -6.40665877e-19
  3.26400000e-05   9.40242923e-05   4.78073330e-05  -9.17879991e-03  -5.50495463e-17  -2.40579495e-17  -6.89212217e-19
  3.27200000e-05   1.00107222e-04   5.07913220e-05  -9.17973884e-03  -5.33001222e-17  -2.77355435e-17  -7.34710673e-19
  3.28000000e-05   1.10354612e-04   5.41842839e-05  -9.17763873e-03  -5.12891962e-17  -3.11762685e-17  -8.00779302e-19
  3.28800000e-05   1.17646543e-04   5.84851954e-05  -9.18926782e-03  -4.91337180e-17  -3.45912859e-17  -8.49196077e-19
  3.29600000e-05   1.23323742e-04   6.14338685e-05  -9.19482750e-03  -4.66755706e-17  -3.78626443e-17  -8.79000149e-19
  3.30400000e-05   1.28986954e-04   6.43720287e-05  -9.20040432e-03  -4.39896183e-17  -4.09571798e-17  -9.03284612e-19
  3.31200000e-05   1.34637495e-04   6.73004490e-05  -9.20598751e-03  -4.10884546e-17  -4.38588596e-17  -9.21548888e-19
  3.32000000e-05   1.40276746e-04   7.02199522e-05  -9.21156628e-03  -3.79858203e-17  -4.65525242e-17  -9.33331316e-19
  3.32800000e-05   1.45906149e-04   7.31314076e-05  -9.21712986e-03  -3.46965446e-17  -4.90239720e-17  -9.38213024e-19
  3.33600000e-05   1.51527199e-04   7.60357261e-05  -9.22266750e-03  -3.12364802e-17  -5.12600401e-17  -9.35821522e-19
  3.34400000e-05   1.57141440e-04   7.89338575e-05  -9.22816861e-03  -2.76224316e-17  -5.32486811e-17  -9.25834026e-19
  3.35200000e-05   1.62750455e-04   8.18267849e-05  -9.23362277e-03  -2.38720770e-17  -5.49790350e-17  -9.07980462e-19
  3.36000000e-05   1.70482899e-04   8.51911387e-05  -9.23181987e-03  -2.00045559e-17  -5.63463896e-17  -8.89385614e-19
  3.36800000e-05   1.76544923e-04   8.81157631e-05  -9.23475490e-03  -1.60457677e-17  -5.75056862e-17  -8.55459221e-19
  3.37600000e-05   1.82592775e-04   9.10352634e-05  -9.23765919e-03  -1.20121390e-17  -5.83829286e-17  -8.12785461e-19
  3.38400000e-05   1.88629090e-04   9.39510103e-05  -9.24052105e-03  -7.92383406e-18  -5.89730943e-17  -7.61347478e-19
  3.39200000e-05   1.90324015e-04   9.44910878e-05  -9.24707223e-03  -3.74535833e-18  -5.93949386e-17  -6.84013689e-19
  3.40000000e-05   1.95365494e-04   9.68812393e-05  -9.24960607e-03   4.13158116e-19  -5.94175875e-17  -6.13618854e-19
  3.40800000e-05   2.00401717e-04   9.92732138e-05  -9.25203328e-03   4.56496707e-18  -5.91448974e-17  -5.35739189e-19
  3.41600000e-05   2.05435518e-04   1.01668609e-04  -9.25434541e-03   8.68893719e-18  -5.85777254e-17  -4.50653109e-19
  3.42400000e-05   2.10469750e-04   1.04069007e-04  -9.25653460e-03   1.27640185e-17  -5.77184527e-17  -3.58693874e-19
  3.43200000e-05   2.22400490e-04   1.10475907e-04  -9.26143093e-03   1.66765399e-17  -5.64393160e-17  -2.72777930e-19
  3.44000000e-05   2.27128641e-04   1.13108593e-04  -9.26766053e-03   2.05907885e-17  -5.50504195e-17  -1.67239369e-19
  3.44800000e-05   2.31873953e-04   1.15751786e-04  -9.27373585e-03   2.44009700e-17  -5.33836101e-17  -5.62123904e-20
  3.45600000e-05   2.36640420e-04   1.18407643e-04  -9.27965185e-03   2.80870974e-17  -5.14463993e-17   5.97970351e-20
  3.46400000e-05   2.41431938e-04   1.21078260e-04  -9.28540433e-03   3.16297298e-17  -4.92477617e-17   1.80239179e-19
  3.47200000e-05   2.46252281e-04   1.23765665e-04  -9.29098991e-03   3.50100823e-17  -4.67980956e-17   3.04522472e-19
  3.48000000e-05   2.51105088e-04   1.26471804e-04  -9.29640610e-03   3.82101343e-17  -4.41091753e-17   4.32015572e-19
  3.48800000e-05   2.55993838e-04   1.29198530e-04  -9.30165125e-03   4.12127333e-17  -4.11940954e-17   5.62049582e-19
  3.49600000e-05   2.60921832e-04   1.31947598e-04  -9.30672464e-03   4.40016949e-17  -3.80672054e-17   6.93920446e-19
  3.50400000e-05   2.69876646e-04   1.35234737e-04  -9.30906106e-03   4.65304511e-17  -3.46444043e-17   8.45665866e-19
  3.51200000e-05   2.76494897e-04   1.38379818e-04  -9.31178935e-03   4.88201889e-17  -3.11012248e-17   9.87431196e-19
  3.52000000e-05   2.82218610e-04   1.41065043e-04  -9.31620171e-03   5.08730865e-17  -2.74271413e-17   1.12581514e-18
  3.52800000e-05   2.88006903e-04   1.43782228e-04  -9.32043803e-03   5.26583529e-17  -2.36101246e-17   1.26295060e-18
  3.53600000e-05   2.93862567e-04   1.46532615e-04  -9.32450109e-03   5.41659782e-17  -1.96696150e-17   1.39794217e-18
  3.54400000e-05   2.99788050e-04   1.49317273e-04  -9.32839460e-03   5.53873949e-17  -1.56257726e-17   1.52987539e-18
  3.55200000e-05   3.05785440e-04   1.52137097e-04  -9.33212318e-03   5.63155299e-17  -1.14993677e-17   1.65782088e-18
  3.56000000e-05   3.11856452e-04   1.54992798e-04  -9.33569231e-03   5.69448480e-17  -7.31166818e-18   1.78083872e-18
  3.56800000e-05   3.17211638e-04   1.58546660e-04  -9.31243824e-03   5.70825378e-17  -3.07386039e-18   1.89208181e-18
  3.57600000e-05   3.22985698e-04   1.61636498e-04  -9.31590507e-03   5.71018866e-17   1.13560851e-18   1.99944593e-18
  3.58400000e-05   3.28846351e-04   1.64771623e-04  -9.31917586e-03   5.68181533e-17   5.34111785e-18   2.09938167e-18
  3.59200000e-05   3.34793037e-04   1.67951716e-04  -9.32225643e-03   5.62321468e-17   9.52075521e-18   2.19101014e-18
  3.60000000e-05   3.40824747e-04   1.71176221e-04  -9.32515361e-03   5.53462902e-17   1.36526951e-17   2.27346412e-18
  3.60800000e-05   3.46940021e-04   1.74444350e-04  -9.32787523e-03   5.41646099e-17   1.77153203e-17   2.34589420e-18
  3.61600000e-05   3.53136957e-04   1.77755081e-04  -9.33043006e-03   5.26927146e-17   2.16873414e-17   2.40747531e-18
  3.62400000e-05   3.59413220e-04   1.81107168e-04  -9.33282777e-03   5.09377657e-17   2.55479144e-17   2.45741348e-18
  3.63200000e-05   3.65766048e-04   1.84499142e-04  -9.33507888e-03   4.89084378e-17   2.92767558e-17   2.49495292e-18
  3.64000000e-05   3.77669225e-04   1.89628715e-04  -9.35716109e-03   4.66814980e-17   3.30327506e-17   2.55356545e-18
  3.64800000e-05   3.84576652e-04   1.93132065e-04  -9.36104347e-03   4.41250742e-17   3.64666396e-17   2.56513612e-18
  3.65600000e-05   3.91567939e-04   1.96675628e-04  -9.36487798e-03   4.13254750e-17   3.97130126e-17   2.56194611e-18
  3.66400000e-05   3.98638346e-04   2.00256729e-04  -9.36867830e-03   3.82966827e-17   4.27545228e-17   2.54341182e-18
  3.67200000e-05   4.05782693e-04   2.03872482e-04  -9.37245832e-03   3.50539092e-17   4.55748516e-17   2.50902452e-18
  3.68000000e-05   4.12995384e-04   2.07519805e-04  -9.37623208e-03   3.16135161e-17   4.81587943e-17   2.45835850e-18
  3.68800000e-05   4.20270435e-04   2.11195437e-04  -9.38001368e-03   2.79929305e-17   5.04923393e-17   2.39107889e-18
  3.69600000e-05   4.27601500e-04   2.14895947e-04  -9.38381723e-03   2.42105550e-17   5.25627408e-17   2.30694919e-18
  3.70400000e-05   4.34981906e-04   2.18617759e-04  -9.38765674e-03   2.02856731e-17   5.43585846e-17   2.20583829e-18
  3.71200000e-05   4.47899142e-04   2.25083123e-04  -9.36618504e-03   1.61179438e-17   5.58682882e-17   2.11337080e-18
  3.72000000e-05   4.55828989e-04   2.29124051e-04  -9.36881663e-03   1.19711280e-17   5.70795231e-17   1.97837993e-18
  3.72800000e-05   4.63793985e-04   2.33175405e-04  -9.37146711e-03   7.74568369e-18   5.79912164e-17   1.82623774e-18
  3.73600000e-05   4.71785389e-04   2.37232476e-04  -9.37415322e-03   3.46340732e-18   5.85980472e-17   1.65725313e-18
  3.74400000e-05   4.79794274e-04   2.41290500e-04  -9.37689155e-03  -8.53581525e-19   5.88962555e-17   1.47186980e-18
  3.75200000e-05   4.87811569e-04   2.45344683e-04  -9.37969846e-03  -5.18295290e-18   5.88836603e-17   1.27066863e-18
  3.76000000e-05   4.95828109e-04   2.49390222e-04  -9.38259002e-03  -9.50227940e-18   5.85596683e-17   1.05436894e-18
  3.76800000e-05   5.03834679e-04   2.53422334e-04  -9.38558187e-03  -1.37891487e-17   5.79252757e-17   8.23828223e-19
  3.77600000e-05   5.11822059e-04   2.57436279e-04  -9.38868920e-03  -1.80212755e-17   5.69830621e-17   5.80040623e-19
  3.78400000e-05   5.24570301e-04   2.63876474e-04  -9.42178644e-03  -2.22991361e-17   5.59803670e-17   3.26311510e-19
  3.79200000e-05   5.32680733e-04   2.68006446e-04  -9.42840003e-03  -2.63970419e-17   5.44394682e-17   5.60999495e-20
  3.80000000e-05   5.40732829e-04   2.72104133e-04  -9.43519655e-03  -3.03775413e-17   5.26022446e-17  -2.23932344e-19
  3.80800000e-05   5.48716964e-04   2.76164723e-04  -9.44218325e-03  -3.42193084e-17   5.04769331e-17  -5.12250895e-19
  3.81600000e-05   5.56623802e-04   2.80183566e-04  -9.44936638e-03  -3.79016050e-17   4.80732884e-17  -8.07206516e-19
  3.82400000e-05   5.64444346e-04   2.84156198e-04  -9.45675118e-03  -4.14043849e-17   4.54025468e-17  -1.10704572e-18
  3.83200000e-05   5.79209853e-04   2.90198364e-04  -9.44426373e-03  -4.46788942e-17   4.25783592e-17  -1.43179881e-18
  3.84000000e-05   5.87836780e-04   2.94408841e-04  -9.44917930e-03  -4.77629888e-17   3.94372549e-17  -1.74260267e-18
  3.84800000e-05   5.96859842e-04   2.98234891e-04  -9.45861051e-03  -5.06259159e-17   3.60956471e-17  -2.05649601e-18
  3.85600000e-05   6.05934330e-04   3.02643661e-04  -9.46942254e-03  -5.32642452e-17   3.25491222e-17  -2.36802710e-18
  3.86400000e-05   6.14866880e-04   3.06980415e-04  -9.48043153e-03  -5.56418785e-17   2.88069654e-17  -2.67595140e-18
  3.87200000e-05   6.23650444e-04   3.11242283e-04  -9.49163341e-03  -5.77443623e-17   2.48875905e-17  -2.97801500e-18
  3.88000000e-05   6.32278692e-04   3.15426761e-04  -9.50302308e-03  -5.95585339e-17   2.08105264e-17  -3.27194775e-18
  3.88800000e-05   6.40746047e-04   3.19531724e-04  -9.51459439e-03  -6.10726072e-17   1.65963344e-17  -3.55548276e-18
  3.89600000e-05   6.49047726e-04   3.23555445e-04  -9.52634017e-03  -6.22762525e-17   1.22665193e-17  -3.82637616e-18
  3.90400000e-05   6.57179772e-04   3.27496604e-04  -9.53825229e-03  -6.31606726e-17   7.84343339e-18  -4.08242700e-18
  3.91200000e-05   6.65139084e-04   3.31354303e-04  -9.55032165e-03  -6.37186719e-17   3.35017396e-18  -4.32149681e-18
  3.92000000e-05   6.72248395e-04   3.35392176e-04  -9.55229319e-03  -6.38903961e-17  -1.18558358e-18  -4.53795239e-18
  3.92800000e-05   6.80167003e-04   3.39228617e-04  -9.56056659e-03  -6.37615874e-17  -5.72158866e-18  -4.73920180e-18
  3.93600000e-05   6.87896337e-04   3.42972479e-04  -9.56900079e-03  -6.32979043e-17  -1.02502755e-17  -4.91775055e-18
  3.94400000e-05   6.95437305e-04   3.46624678e-04  -9.57758550e-03  -6.24998943e-17  -1.47470868e-17  -5.07189023e-18
  3.95200000e-05   6.98928744e-04   3.50260756e-04  -9.60279531e-03  -6.14612990e-17  -1.93367106e-17  -5.17869618e-18
  3.96000000e-05   7.04996660e-04   3.53426385e-04  -9.61525696e-03  -6.00004391e-17  -2.37499281e-17  -5.27224188e-18
  3.96800000e-05   7.10879905e-04   3.56501122e-04  -9.62783498e-03  -5.82115843e-17  -2.80604554e-17  -5.33713233e-18
  3.97600000e-05   7.16583344e-04   3.59487610e-04  -9.64051547e-03  -5.61019780e-17  -3.22436547e-17  -5.37242407e-18
  3.98400000e-05   7.22112834e-04   3.62388981e-04  -9.65328393e-03  -5.36807212e-17  -3.62752979e-17  -5.37737275e-18
  3.99200000e-05   7.37594408e-04   3.66320552e-04  -9.62077066e-03  -5.08047454e-17  -3.96321798e-17  -5.40407624e-18
  4.00000000e-05   7.43147333e-04   3.68978688e-04  -9.63380761e-03  -4.78460515e-17  -4.32574003e-17  -5.34759737e-18
  4.00800000e-05   7.48528648e-04   3.71561151e-04  -9.64697610e-03  -4.46176539e-17  -4.66684498e-17  -5.25944862e-18
  4.01600000e-05   7.53748750e-04   3.74073355e-04  -9.66025883e-03  -4.11351466e-17  -4.98445689e-17  -5.13972672e-18
  4.02400000e-05   7.58680274e-04   3.77719423e-04  -9.70582286e-03  -3.75381740e-17  -5.30014143e-17  -4.99691128e-18
  4.03200000e-05   7.63682621e-04   3.80269967e-04  -9.72048133e-03  -3.35754047e-17  -5.56741179e-17  -4.81582613e-18
  4.04000000e-05   7.68563689e-04   3.82764323e-04  -9.73511666e-03  -2.94109641e-17  -5.80532697e-17  -4.60445633e-18
  4.04800000e-05   7.73337336e-04   3.85209357e-04  -9.74971255e-03  -2.50668125e-17  -6.01225810e-17  -4.36370637e-18
  4.05600000e-05   7.78018080e-04   3.87612242e-04  -9.76425289e-03  -2.05662428e-17  -6.18673552e-17  -4.09467611e-18
  4.06400000e-05   7.86628513e-04   3.91285052e-04  -9.77332201e-03  -1.59646030e-17  -6.31428276e-17  -3.81293652e-18
  4.07200000e-05   7.91091496e-04   3.93481269e-04  -9.78618235e-03  -1.12350106e-17  -6.41926869e-17  -3.48926067e-18
  4.08000000e-05   7.95508769e-04   3.95663804e-04  -9.79895062e-03  -6.42799963e-18  -6.48854424e-17  -3.14180081e-18
  4.08800000e-05   7.99898027e-04   3.97841183e-04  -9.81161076e-03  -1.57086099e-18  -6.52141720e-17  -2.77236966e-18
  4.09600000e-05   8.04277183e-04   4.00021991e-04  -9.82414730e-03   3.30850107e-18  -6.51740392e-17  -2.38291389e-18
  4.10400000e-05   8.08664263e-04   4.02214823e-04  -9.83654541e-03   8.18173151e-18  -6.47623560e-17  -1.97550104e-18
  4.11200000e-05   8.13077309e-04   4.04428231e-04  -9.84879106e-03   1.30201939e-17  -6.39786336e-17  -1.55230640e-18
  4.12000000e-05   8.17534265e-04   4.06670676e-04  -9.86087103e-03   1.77951451e-17  -6.28246187e-17  -1.11560015e-18
  4.12800000e-05   8.24266018e-04   4.12588653e-04  -9.89254693e-03   2.24613847e-17  -6.14147149e-17  -6.89899010e-19
  4.13600000e-05   8.28832748e-04   4.12458713e-04  -9.87906241e-03   2.69948536e-17  -5.93358254e-17  -2.12505944e-19
  4.14400000e-05   8.33671139e-04   4.15015390e-04  -9.89379124e-03   3.14096069e-17  -5.71299964e-17   2.50202872e-19
  4.15200000e-05   8.38630053e-04   4.17640850e-04  -9.90831123e-03   3.56530014e-17  -5.45815162e-17   7.16994802e-19
  4.16000000e-05   8.43727446e-04   4.20343247e-04  -9.92260688e-03   3.96980768e-17  -5.17025826e-17   1.18532616e-18
  4.16800000e-05   8.48980519e-04   4.23130307e-04  -9.93666400e-03   4.35187612e-17  -4.85075932e-17   1.65262181e-18
  4.17600000e-05   8.51419219e-04   4.27367011e-04  -9.98746573e-03   4.72709321e-17  -4.53156507e-17   2.09071715e-18
  4.18400000e-05   8.56080594e-04   4.29620894e-04  -1.00015741e-02   5.06237590e-17  -4.15350330e-17   2.54896874e-18
  4.19200000e-05   8.60949620e-04   4.31984654e-04  -1.00154560e-02   5.36800478e-17  -3.74887174e-17   2.99749369e-18
  4.20000000e-05   8.66040254e-04   4.34465242e-04  -1.00291126e-02   5.64186381e-17  -3.31992736e-17   3.43369176e-18
  4.20800000e-05   8.75902865e-04   4.39042171e-04  -1.00107486e-02   5.85511877e-17  -2.84476893e-17   3.87537629e-18
  4.21600000e-05   8.81574782e-04   4.41978064e-04  -1.00239515e-02   6.05695811e-17  -2.37804308e-17   4.27837132e-18
  4.22400000e-05   8.87519751e-04   4.45057580e-04  -1.00368962e-02   6.22212542e-17  -1.89498027e-17   4.66168402e-18
  4.23200000e-05   8.93745970e-04   4.48284533e-04  -1.00495855e-02   6.34931371e-17  -1.39842702e-17   5.02287416e-18
  4.24000000e-05   9.00259941e-04   4.51661849e-04  -1.00620236e-02   6.43744392e-17  -8.91343497e-18   5.35954518e-18
  4.24800000e-05   9.07066413e-04   4.55191531e-04  -1.00742165e-02   6.48567471e-17  -3.76785122e-18   5.66935233e-18
  4.25600000e-05   9.14168338e-04   4.58874650e-04  -1.00861716e-02   6.49341053e-17   1.42116634e-18   5.95001183e-18
  4.26400000e-05   9.21566844e-04   4.62711323e-04  -1.00978979e-02   6.46030818e-17   6.62174199e-18   6.19931137e-18
  4.27200000e-05   9.29261209e-04   4.66700710e-04  -1.01094059e-02   6.38628153e-17   1.18016438e-17   6.41512203e-18
  4.28000000e-05   9.47781583e-04   4.75686656e-04  -1.01372056e-02   6.27176592e-17   1.71589033e-17   6.66898812e-18
  4.28800000e-05   9.56432783e-04   4.80336248e-04  -1.01512848e-02   6.11580917e-17   2.22178288e-17   6.81348557e-18
  4.29600000e-05   9.65398605e-04   4.85144994e-04  -1.01652341e-02   5.91990231e-17   2.71618867e-17   6.91849368e-18
  4.30400000e-05   9.74670255e-04   4.90108078e-04  -1.01790714e-02   5.68494740e-17   3.19590975e-17   6.98225806e-18
  4.31200000e-05   9.84236934e-04   4.95219674e-04  -1.01928155e-02   5.41210477e-17   3.65780939e-17   7.00318042e-18
  4.32000000e-05   9.94085892e-04   5.00472966e-04  -1.02064858e-02   5.10278805e-17   4.09883276e-17   6.97984078e-18
  4.32800000e-05   1.00420249e-03   5.05860189e-04  -1.02201025e-02   4.75865762e-17   4.51602727e-17   6.91102095e-18
  4.33600000e-05   1.01457026e-03   5.11372667e-04  -1.02336860e-02   4.38161235e-17   4.90656230e-17   6.79572878e-18
  4.34400000e-05   1.02517102e-03   5.17000855e-04  -1.02472572e-02   3.97377975e-17   5.26774837e-17   6.63322305e-18
  4.35200000e-05   1.04699802e-03   5.26910931e-04  -1.02366695e-02   3.51593552e-17   5.61376187e-17   6.48563483e-18
  4.36000000e-05   1.05913605e-03   5.33070200e-04  -1.02491798e-02   3.05225214e-17   5.90880449e-17   6.22738402e-18
  4.36800000e-05   1.07146298e-03   5.39313704e-04  -1.02616783e-02   2.56553995e-17   6.16740826e-17   5.92013188e-18
  4.37600000e-05   1.08395255e-03   5.45627815e-04  -1.02741891e-02   2.05873009e-17   6.38763965e-17   5.56427327e-18
  4.38400000e-05   1.09657726e-03   5.51998337e-04  -1.02867369e-02   1.53490930e-17   6.56779082e-17   5.16058328e-18
  4.39200000e-05   1.10930848e-03   5.58410591e-04  -1.02993458e-02   9.97301710e-18   6.70639223e-17   4.71023674e-18
  4.40000000e-05   1.12211666e-03   5.64849503e-04  -1.03120399e-02   4.49249733e-18   6.80222408e-17   4.21482418e-18
  4.40800000e-05   1.13497149e-03   5.71299696e-04  -1.03248427e-02  -1.05805912e-18   6.85432616e-17   3.67636375e-18
  4.41600000e-05   1.14784209e-03   5.77745588e-04  -1.03377774e-02  -6.64346810e-18   6.86200636e-17   3.09730860e-18
  4.42400000e-05   1.17803457e-03   5.93056956e-04  -1.03657144e-02  -1.24654969e-17   6.86963602e-17   2.51367796e-18
  4.43200000e-05   1.19323124e-03   6.00722863e-04  -1.03790594e-02  -1.80877922e-17   6.79079554e-17   1.85093291e-18
  4.44000000e-05   1.20833921e-03   6.08334315e-04  -1.03925905e-02  -2.36391122e-17   6.66640904e-17   1.15370540e-18
  4.44800000e-05   1.22332528e-03   6.15874691e-04  -1.04063357e-02  -2.90826297e-17   6.49688472e-17   4.26197316e-19
  4.45600000e-05   1.23815674e-03   6.23327656e-04  -1.04203218e-02  -3.43818332e-17   6.28292367e-17  -3.26947460e-19
  4.46400000e-05   1.25280152e-03   6.30677279e-04  -1.04345739e-02  -3.95007550e-17   6.02551895e-17  -1.10067044e-18
  4.47200000e-05   1.26722844e-03   6.37908137e-04  -1.04491155e-02  -4.44041997e-17   5.72595304e-17  -1.88953259e-18
  4.48000000e-05   1.28140742e-03   6.45005421e-04  -1.04639686e-02  -4.90579691e-17   5.38579376e-17  -2.68775497e-18
  4.48800000e-05   1.29772311e-03   6.53283737e-04  -1.04850462e-02  -5.34831898e-17   5.01348764e-17  -3.49584267e-18
  4.49600000e-05   1.31297225e-03   6.60930250e-04  -1.05045627e-02  -5.75849208e-17   4.60149911e-17  -4.30238788e-18
  4.50400000e-05   1.32786621e-03   6.68387193e-04  -1.05244455e-02  -6.13471003e-17   4.15442289e-17  -5.10175200e-18
  4.51200000e-05   1.34237851e-03   6.75641709e-04  -1.05447006e-02  -6.47404645e-17   3.67481848e-17  -5.88709006e-18
  4.52000000e-05   1.35648488e-03   6.82682129e-04  -1.05653314e-02  -6.77377105e-17   3.16550362e-17  -6.65145747e-18
  4.52800000e-05   1.37016345e-03   6.89498065e-04  -1.05863390e-02  -7.03137118e-17   2.62954225e-17  -7.38788311e-18
  4.53600000e-05   1.38339496e-03   6.96080501e-04  -1.06077218e-02  -7.24457289e-17   2.07023060e-17  -8.08944519e-18
  4.54400000e-05   1.39616287e-03   7.02421875e-04  -1.06294757e-02  -7.41136101e-17   1.49108143e-17  -8.74934867e-18
  4.55200000e-05   1.40845361e-03   7.08516152e-04  -1.06515938e-02  -7.52999851e-17   8.95806312e-18  -9.36100318e-18
  4.56000000e-05   1.42191495e-03   7.15486625e-04  -1.06625988e-02  -7.59554228e-17   2.95457205e-18  -9.93080541e-18
  4.56800000e-05   1.43391401e-03   7.21631386e-04  -1.06849555e-02  -7.61555366e-17  -3.17658462e-18  -1.04345605e-17
  4.57600000e-05   1.44538088e-03   7.27501287e-04  -1.07077455e-02  -7.58431198e-17  -9.35009476e-18  -1.08729145e-17
  4.58400000e-05   1.45631480e-03   7.33096866e-04  -1.07309573e-02  -7.50134743e-17  -1.55235230e-17  -1.12407007e-17
  4.59200000e-05   1.46671862e-03   7.38420532e-04  -1.07545761e-02  -7.36653745e-17  -2.16536033e-17  -1.15333082e-17
  4.60000000e-05   1.47659883e-03   7.43476572e-04  -1.07785844e-02  -7.18011683e-17  -2.76965117e-17  -1.17467399e-17
  4.60800000e-05   1.47654896e-03   7.42008397e-04  -1.08367512e-02  -6.94388327e-17  -3.40268987e-17  -1.17911797e-17
  4.61600000e-05   1.48352987e-03   7.45611826e-04  -1.08635736e-02  -6.65068281e-17  -3.98334398e-17  -1.18161071e-17
  4.62400000e-05   1.49000026e-03   7.48970738e-04  -1.08905273e-02  -6.30787162e-17  -4.54157179e-17  -1.17535491e-17
  4.63200000e-05   1.50876245e-03   7.58221592e-04  -1.08848211e-02  -5.92120072e-17  -5.01990406e-17  -1.17042667e-17
  4.64000000e-05   1.51495708e-03   7.61311954e-04  -1.09124344e-02  -5.49118071e-17  -5.51837084e-17  -1.14732463e-17
  4.64800000e-05   1.52068606e-03   7.64185557e-04  -1.09401851e-02  -5.01823497e-17  -5.98230839e-17  -1.11540651e-17
  4.65600000e-05   1.52598480e-03   7.66861419e-04  -1.09680410e-02  -4.50520100e-17  -6.40773047e-17  -1.07482362e-17
  4.66400000e-05   1.53089212e-03   7.69360153e-04  -1.09959691e-02  -3.95528048e-17  -6.79085706e-17  -1.02580523e-17
  4.67200000e-05   1.53545002e-03   7.71703832e-04  -1.10239356e-02  -3.37202524e-17  -7.12815053e-17  -9.68655631e-18
  4.68000000e-05   1.53970338e-03   7.73915848e-04  -1.10519060e-02  -2.75931962e-17  -7.41635132e-17  -9.03750495e-18
  4.68800000e-05   1.54369969e-03   7.76020755e-04  -1.10798458e-02  -2.12135935e-17  -7.65251255e-17  -8.31532365e-18
  4.69600000e-05   1.54748874e-03   7.78044095e-04  -1.11077200e-02  -1.46262689e-17  -7.83403323e-17  -7.52505640e-18
  4.70400000e-05   1.55961369e-03   7.83855291e-04  -1.11451065e-02  -7.95707224e-18  -7.95067951e-17  -6.70534469e-18
  4.71200000e-05   1.56339534e-03   7.85920368e-04  -1.11763740e-02  -1.09531011e-18  -8.02057886e-17  -5.79327120e-18
  4.72000000e-05   1.56712241e-03   7.87984753e-04  -1.12074332e-02   5.83313948e-18  -8.03025377e-17  -4.83035953e-18
  4.72800000e-05   1.57085468e-03   7.90078522e-04  -1.12382534e-02   1.27747717e-17  -7.97864435e-17  -3.82356970e-18
  4.73600000e-05   1.57465234e-03   7.92231772e-04  -1.12688057e-02   1.96747716e-17  -7.86517259e-17  -2.78019445e-18
  4.74400000e-05   1.57857559e-03   7.94474387e-04  -1.12990626e-02   2.64774539e-17  -7.68976093e-17  -1.70779819e-18
  4.75200000e-05   1.58268412e-03   7.96835792e-04  -1.13289989e-02   3.31267269e-17  -7.45284660e-17  -6.14158816e-19
  4.76000000e-05   1.58703665e-03   7.99344717e-04  -1.13585918e-02   3.95665770e-17  -7.15539146e-17   4.92786810e-19
  4.76800000e-05   1.59169041e-03   8.02028949e-04  -1.13878208e-02   4.57415686e-17  -6.79888698e-17   1.60499316e-18
  4.77600000e-05   1.59852954e-03   8.06327571e-04  -1.14124324e-02   5.15413716e-17  -6.37790101e-17   2.71314913e-18
  4.78400000e-05   1.60116890e-03   8.07832191e-04  -1.14475776e-02   5.70955966e-17  -5.92182986e-17   3.80702777e-18
  4.79200000e-05   1.60553378e-03   8.10242316e-04  -1.14779786e-02   6.22005692e-17  -5.40700389e-17   4.88372418e-18
  4.80000000e-05   1.61048760e-03   8.12963858e-04  -1.15079787e-02   6.68398609e-17  -4.84351243e-17   5.93229827e-18
  4.80800000e-05   1.61607927e-03   8.16019668e-04  -1.15375740e-02   7.09675451e-17  -4.23531473e-17   6.94497619e-18
  4.81600000e-05   1.62235284e-03   8.19430046e-04  -1.15667642e-02   7.45412013e-17  -3.58683409e-17   7.91410040e-18
  4.82400000e-05   1.62934715e-03   8.23212536e-04  -1.15955523e-02   7.75223869e-17  -2.90292803e-17   8.83214615e-18
  4.83200000e-05   1.63709535e-03   8.27381738e-04  -1.16239446e-02   7.98770807e-17  -2.18885360e-17   9.69173769e-18
  4.84000000e-05   1.64562458e-03   8.31949146e-04  -1.16519511e-02   8.15760950e-17  -1.45022809e-17   1.04856659e-17
  4.84800000e-05   1.65495566e-03   8.36923004e-04  -1.16795851e-02   8.25954489e-17  -6.92985388e-18   1.12069093e-17
  4.85600000e-05   1.68195104e-03   8.52072067e-04  -1.16961520e-02   8.25855522e-17   1.14592093e-18   1.19595969e-17
  4.86400000e-05   1.69381232e-03   8.58651520e-04  -1.17266340e-02   8.21751530e-17   8.87889601e-18   1.25196338e-17
  4.87200000e-05   1.70637287e-03   8.63668534e-04  -1.17655315e-02   8.11667875e-17   1.65918527e-17   1.29896950e-17
  4.88000000e-05   1.72006804e-03   8.70747642e-04  -1.17959327e-02   7.93344623e-17   2.42719760e-17   1.33601506e-17
  4.88800000e-05   1.73463578e-03   8.78258081e-04  -1.18260804e-02   7.67869796e-17   3.18174859e-17   1.36259353e-17
  4.89600000e-05   1.75005344e-03   8.86186245e-04  -1.18560103e-02   7.35356708e-17   3.91603321e-17   1.37815924e-17
  4.90400000e-05   1.76629066e-03   8.94514719e-04  -1.18857606e-02   6.95984080e-17   4.62329615e-17   1.38221767e-17
  4.91200000e-05   1.78330954e-03   9.03222375e-04  -1.19153714e-02   6.49995798e-17   5.29689348e-17   1.37433482e-17
  4.92000000e-05   1.80106482e-03   9.12284492e-04  -1.19448847e-02   5.97700056e-17   5.93035448e-17   1.35414751e-17
  4.92800000e-05   1.83847429e-03   9.35689532e-04  -1.19494110e-02   5.34500208e-17   6.55263234e-17   1.33545313e-17
  4.93600000e-05   1.85985945e-03   9.46836368e-04  -1.19794253e-02   4.70243727e-17   7.08744936e-17   1.29025615e-17
  4.94400000e-05   1.88185049e-03   9.58282760e-04  -1.20094107e-02   4.00960134e-17   7.56415500e-17   1.23187307e-17
  4.95200000e-05   1.90436794e-03   9.69987620e-04  -1.20394172e-02   3.27197607e-17   7.97752755e-17   1.16028451e-17
  4.96000000e-05   1.92732651e-03   9.81906977e-04  -1.20694951e-02   2.49556238e-17   8.32281205e-17   1.07560347e-17
  4.96800000e-05   1.95063575e-03   9.93994318e-04  -1.20996946e-02   1.68683690e-17   8.59577335e-17   9.78087023e-18
  4.97600000e-05   1.97420079e-03   1.00620096e-03  -1.21300649e-02   8.52703570e-18   8.79274591e-17   8.68146836e-18
  4.98400000e-05   1.99792308e-03   1.01847647e-03  -1.21606542e-02   4.40435108e-21   8.91068014e-17   7.46357706e-18
  4.99200000e-05   2.02170130e-03   1.03076906e-03  -1.21915090e-02  -8.62358068e-18   8.94718483e-17   6.13463916e-18
  5.00000000e-05   2.06651991e-03   1.05179836e-03  -1.22170165e-02  -1.75265412e-17   8.94599337e-17   4.73723395e-18
  5.00800000e-05   2.09264441e-03   1.06510910e-03  -1.22531275e-02  -2.61968481e-17   8.82025810e-17   3.19303655e-18
  5.01600000e-05   2.11849225e-03   1.07825365e-03  -1.22896766e-02  -3.47419429e-17   8.60924945e-17   1.56464730e-18
  5.02400000e-05   2.14395066e-03   1.09117506e-03  -1.23267016e-02  -4.30784258e-17   8.31331244e-17  -1.33468586e-19
  5.03200000e-05   2.16890876e-03   1.10381760e-03  -1.23642355e-02  -5.11228225e-17   7.93360484e-17  -1.88513158e-18
  5.04000000e-05   2.19325863e-03   1.11612729e-03  -1.24023067e-02  -5.87923644e-17   7.47211396e-17  -3.67258758e-18
  5.04800000e-05   2.21689646e-03   1.12805246e-03  -1.24409385e-02  -6.60057924e-17   6.93166687e-17  -5.47669045e-18
  5.05600000e-05   2.23972363e-03   1.13954432e-03  -1.24801488e-02  -7.26841793e-17   6.31593337e-17  -7.27712589e-18
  5.06400000e-05   2.29391001e-03   1.16443967e-03  -1.24925307e-02  -7.89894388e-17   5.70265336e-17  -9.18874716e-18
  5.07200000e-05   2.31772698e-03   1.17639191e-03  -1.25351239e-02  -8.44777104e-17   4.95570416e-17  -1.09689993e-17
  5.08000000e-05   2.34036024e-03   1.18772977e-03  -1.25783893e-02  -8.92222946e-17   4.14774071e-17  -1.26843235e-17
  5.08800000e-05   2.36173297e-03   1.19841705e-03  -1.26223264e-02  -9.31599278e-17   3.28552655e-17  -1.43115110e-17
  5.09600000e-05   2.38177952e-03   1.20842338e-03  -1.26669277e-02  -9.62336546e-17   2.37658689e-17  -1.58276830e-17
  5.10400000e-05   2.40044633e-03   1.21772468e-03  -1.27121789e-02  -9.83936480e-17   1.42916250e-17  -1.72106928e-17
  5.11200000e-05   2.41769279e-03   1.22630351e-03  -1.27580593e-02  -9.95980000e-17   4.52152989e-18  -1.84395286e-17
  5.12000000e-05   2.43349195e-03   1.23414944e-03  -1.28045410e-02  -9.98134713e-17  -5.44950491e-18  -1.94947075e-17
  5.12800000e-05   2.44783116e-03   1.24125932e-03  -1.28515903e-02  -9.90161892e-17  -1.55214329e-17  -2.03586506e-17
  5.13600000e-05   2.48392546e-03   1.26182032e-03  -1.28836097e-02  -9.74594920e-17  -2.49967832e-17  -2.12381134e-17
  5.14400000e-05   2.49748115e-03   1.26861992e-03  -1.29371841e-02  -9.47163027e-17  -3.49752242e-17  -2.17143425e-17
  5.15200000e-05   2.50950512e-03   1.27464787e-03  -1.29912442e-02  -9.09437715e-17  -4.47567858e-17  -2.19588669e-17
  5.16000000e-05   2.52004673e-03   1.27993223e-03  -1.30457283e-02  -8.61574206e-17  -5.42294209e-17  -2.19635656e-17
  5.16800000e-05   2.52917181e-03   1.28450935e-03  -1.31005698e-02  -8.03846156e-17  -6.32806943e-17  -2.17235702e-17
  5.17600000e-05   2.53696227e-03   1.28842372e-03  -1.31556972e-02  -7.36647870e-17  -7.17991256e-17  -2.12373755e-17
  5.18400000e-05   2.54499545e-03   1.28919164e-03  -1.32023135e-02  -6.59819926e-17  -7.95489107e-17  -2.04871413e-17
  5.19200000e-05   2.55028126e-03   1.29174671e-03  -1.32579254e-02  -5.75505113e-17  -8.66722084e-17  -1.95150087e-17
  5.20000000e-05   2.55456303e-03   1.29383412e-03  -1.33136535e-02  -4.83640770e-17  -9.29513421e-17  -1.83129822e-17
  5.20800000e-05   2.57353893e-03   1.30350453e-03  -1.33600886e-02  -3.86804720e-17  -9.78716061e-17  -1.70000207e-17
  5.21600000e-05   2.57773869e-03   1.30578690e-03  -1.34211049e-02  -2.83192163e-17  -1.02245282e-16  -1.53869664e-17
  5.22400000e-05   2.58131489e-03   1.30779238e-03  -1.34819602e-02  -1.74789556e-17  -1.05532262e-16  -1.35835571e-17
  5.23200000e-05   2.58445321e-03   1.30961559e-03  -1.35425592e-02  -6.27514684e-18  -1.07664972e-16  -1.16091461e-17
  5.24000000e-05   2.58734699e-03   1.31135462e-03  -1.36028076e-02   5.16808730e-18  -1.08587990e-16  -9.48522762e-18
  5.24800000e-05   2.59019513e-03   1.31310990e-03  -1.36626138e-02   1.67192094e-17  -1.08259332e-16  -7.23510068e-18
  5.25600000e-05   2.59156637e-03   1.31576644e-03  -1.37187301e-02   2.82122498e-17  -1.06648281e-16  -4.89916421e-18
  5.26400000e-05   2.56413623e-03   1.30278802e-03  -1.38035331e-02   3.99892484e-17  -1.04671087e-16  -2.45055792e-18
  5.27200000e-05   2.56172117e-03   1.30188669e-03  -1.38627531e-02   5.12167371e-17  -1.00566847e-16   1.99354620e-20
  5.28000000e-05   2.56013911e-03   1.30144323e-03  -1.39212762e-02   6.19921980e-17  -9.51733699e-17   2.50306885e-18
  5.28800000e-05   2.60031053e-03   1.32156461e-03  -1.39506604e-02   7.15077376e-17  -8.74536174e-17   5.04397034e-18
  5.29600000e-05   2.60229563e-03   1.32305703e-03  -1.40144562e-02   8.08513355e-17  -7.97403514e-17   7.48498862e-18
  5.30400000e-05   2.60581327e-03   1.32536685e-03  -1.40773444e-02   8.93345656e-17  -7.09022960e-17   9.86106751e-18
  5.31200000e-05   2.61104547e-03   1.32858391e-03  -1.41392978e-02   9.68249704e-17  -6.10259222e-17   1.21460304e-17
  5.32000000e-05   2.61815545e-03   1.33278795e-03  -1.42003005e-02   1.03199156e-16  -5.02145933e-17   1.43142061e-17
  5.32800000e-05   2.62728511e-03   1.33804746e-03  -1.42603485e-02   1.08344959e-16  -3.85876976e-17   1.63404792e-17
  5.33600000e-05   2.63855262e-03   1.34441839e-03  -1.43194499e-02   1.12163527e-16  -2.62795011e-17   1.82003305e-17
  5.34400000e-05   2.65205038e-03   1.35194325e-03  -1.43776260e-02   1.14571276e-16  -1.34377306e-17   1.98698830e-17
  5.35200000e-05   2.66784318e-03   1.36065016e-03  -1.44349104e-02   1.15501689e-16  -2.21902306e-19   2.13259695e-17
  5.36000000e-05   2.68596668e-03   1.37055217e-03  -1.44913500e-02   1.14906906e-16   1.31985833e-17   2.25462409e-17
  5.36800000e-05   2.73340981e-03   1.39353949e-03  -1.45334500e-02   1.12322186e-16   2.72209560e-17   2.37353170e-17
  5.37600000e-05   2.76011989e-03   1.40770619e-03  -1.45941441e-02   1.08561519e-16   4.05378544e-17   2.44418716e-17
  5.38400000e-05   2.78930513e-03   1.42311380e-03  -1.46541187e-02   1.03245706e-16   5.35237909e-17   2.48499573e-17
  5.39200000e-05   2.82086687e-03   1.43970581e-03  -1.47134774e-02   9.64099594e-17   6.59901607e-17   2.49408123e-17
  5.40000000e-05   2.85467208e-03   1.45740848e-03  -1.47723346e-02   8.81125976e-17   7.77498616e-17   2.46979161e-17
  5.40800000e-05   2.89055433e-03   1.47613138e-03  -1.48308139e-02   7.84349939e-17   8.86200342e-17   2.41076065e-17
  5.41600000e-05   2.92831518e-03   1.49576822e-03  -1.48890463e-02   6.74811749e-17   9.84248279e-17   2.31597693e-17
  5.42400000e-05   2.96772613e-03   1.51619791e-03  -1.49471687e-02   5.53770699e-17   1.06998160e-16   2.18485770e-17
  5.43200000e-05   3.00853105e-03   1.53728590e-03  -1.50053211e-02   4.22694145e-17   1.14186438e-16   2.01732469e-17
  5.44000000e-05   3.08645766e-03   1.57875139e-03  -1.50390953e-02   2.77075558e-17   1.20555420e-16   1.83418769e-17
  5.44800000e-05   3.13578913e-03   1.60437562e-03  -1.51046718e-02   1.29770832e-17   1.24679100e-16   1.59371556e-17
  5.45600000e-05   3.18565433e-03   1.63021997e-03  -1.51707357e-02  -2.23340593e-18   1.27045027e-16   1.31830444e-17
  5.46400000e-05   3.23567840e-03   1.65609100e-03  -1.52374439e-02  -1.77093138e-17   1.27567484e-16   1.01041696e-17
  5.47200000e-05   3.28547577e-03   1.68179058e-03  -1.53049453e-02  -3.32242989e-17   1.26185172e-16   6.73373231e-18
  5.48000000e-05   3.33465567e-03   1.70711872e-03  -1.53733778e-02  -4.85432037e-17   1.22863296e-16   3.11365291e-18
  5.48800000e-05   3.38282787e-03   1.73187656e-03  -1.54428661e-02  -6.34252590e-17   1.17595401e-16  -7.05569514e-19
  5.49600000e-05   3.42960874e-03   1.75586946e-03  -1.55135191e-02  -7.76275390e-17   1.10404930e-16  -4.66531421e-18
  5.50400000e-05   3.51751637e-03   1.79917702e-03  -1.55466983e-02  -9.12708209e-17   1.02294404e-16  -8.81221618e-18
  5.51200000e-05   3.56776273e-03   1.82476397e-03  -1.56276258e-02  -1.03600307e-16   9.15949652e-17  -1.29566784e-17
  5.52000000e-05   3.61527764e-03   1.84891715e-03  -1.57101366e-02  -1.14569223e-16   7.91834848e-17  -1.70460545e-17
  5.52800000e-05   3.65972422e-03   1.87147041e-03  -1.57942737e-02  -1.23955861e-16   6.52034327e-17  -2.09960888e-17
  5.53600000e-05   3.70080635e-03   1.89227908e-03  -1.58800537e-02  -1.31554956e-16   4.98314439e-17  -2.47205975e-17
  5.54400000e-05   3.73827512e-03   1.91122323e-03  -1.59674667e-02  -1.37182083e-16   3.32763734e-17  -2.81338172e-17
  5.55200000e-05   3.77193476e-03   1.92821050e-03  -1.60564754e-02  -1.40678043e-16   1.57776533e-17  -3.11528995e-17
  5.56000000e-05   3.80164793e-03   1.94317878e-03  -1.61470157e-02  -1.41913130e-16  -2.39709778e-18  -3.37004531e-17
  5.56800000e-05   3.82734014e-03   1.95609828e-03  -1.62389972e-02  -1.40791194e-16  -2.09552469e-17  -3.57070269e-17
  5.57600000e-05   3.89119500e-03   1.98885564e-03  -1.62902977e-02  -1.37523944e-16  -3.83661096e-17  -3.75338223e-17
  5.58400000e-05   3.91458987e-03   2.00037794e-03  -1.63969479e-02  -1.31829809e-16  -5.67507040e-17  -3.83963220e-17
  5.59200000e-05   3.93365282e-03   2.00971425e-03  -1.65048963e-02  -1.23707750e-16  -7.46146516e-17  -3.85690075e-17
  5.60000000e-05   3.94859614e-03   2.01698274e-03  -1.66139381e-02  -1.13213578e-16  -9.16071447e-17  -3.80285951e-17
  5.60800000e-05   3.95971042e-03   2.02234114e-03  -1.67238457e-02  -1.00451114e-16  -1.07375955e-16  -3.67683453e-17
  5.61600000e-05   3.96736192e-03   2.02598527e-03  -1.68343714e-02  -8.55733789e-17  -1.21574862e-16  -3.47984153e-17
  5.62400000e-05   3.97198839e-03   2.02814668e-03  -1.69452508e-02  -6.87827875e-17  -1.33871553e-16  -3.21456191e-17
  5.63200000e-05   3.97409310e-03   2.02908940e-03  -1.70562072e-02  -5.03302417e-17  -1.43955823e-16  -2.88526221e-17
  5.64000000e-05   3.97423735e-03   2.02910600e-03  -1.71669554e-02  -3.05130182e-17  -1.51547878e-16  -2.49766294e-17
  5.64800000e-05   3.97303135e-03   2.02851273e-03  -1.72772069e-02  -9.67137704e-18  -1.56406509e-16  -2.05876610e-17
  5.65600000e-05   3.96786161e-03   2.02794414e-03  -1.73985185e-02   1.18503008e-17  -1.58559417e-16  -1.57788887e-17
  5.66400000e-05   3.95201527e-03   2.02022873e-03  -1.75255450e-02   3.38592455e-17  -1.57908252e-16  -1.05673479e-17
  5.67200000e-05   3.93707558e-03   2.01303321e-03  -1.76511071e-02   5.57701982e-17  -1.54036566e-16  -5.12768052e-18
  5.68000000e-05   3.92388882e-03   2.00678912e-03  -1.77749939e-02   7.71179427e-17  -1.46905168e-16   4.38511564e-19
  5.68800000e-05   3.91328555e-03   2.00191878e-03  -1.78970189e-02   9.74255576e-17  -1.36546282e-16   6.02890689e-18
  5.69600000e-05   3.90606246e-03   1.99882602e-03  -1.80170247e-02   1.16215190e-16  -1.23066791e-16   1.15421215e-17
  5.70400000e-05   3.90296427e-03   1.99788699e-03  -1.81348889e-02   1.33019653e-16  -1.06649740e-16   1.68788917e-17
  5.71200000e-05   3.90466591e-03   1.99944106e-03  -1.82505286e-02   1.47394562e-16  -8.75539598e-17   2.19427913e-17
  5.72000000e-05   3.91175553e-03   2.00378230e-03  -1.83639046e-02   1.58930690e-16  -6.61117096e-17   2.66405507e-17
  5.72800000e-05   3.92471876e-03   2.01115146e-03  -1.84750252e-02   1.67266169e-16  -4.27242881e-17   3.08821044e-17
  5.73600000e-05   3.99716519e-03   2.04922207e-03  -1.85366544e-02   1.71000533e-16  -1.65494459e-17   3.50442897e-17
  5.74400000e-05   4.02908284e-03   2.06836924e-03  -1.86608637e-02   1.71996834e-16   9.14385746e-18   3.81494863e-17
  5.75200000e-05   4.06995980e-03   2.09034921e-03  -1.87801909e-02   1.69089511e-16   3.53294511e-17   4.05767121e-17
  5.76000000e-05   4.11821667e-03   2.11611893e-03  -1.88974240e-02   1.62204171e-16   6.13649101e-17   4.22199010e-17
  5.76800000e-05   4.17363476e-03   2.14555279e-03  -1.90128623e-02   1.51354146e-16   8.66275427e-17   4.30004109e-17
  5.77600000e-05   4.23582426e-03   2.17843729e-03  -1.91268585e-02   1.36652469e-16   1.10484607e-16   4.28465362e-17
  5.78400000e-05   4.30422686e-03   2.21447269e-03  -1.92398105e-02   1.18314314e-16   1.32308393e-16   4.16971348e-17
  5.79200000e-05   4.37812237e-03   2.25327676e-03  -1.93521528e-02   9.66568923e-17   1.51491921e-16   3.95061435e-17
  5.80000000e-05   4.45663972e-03   2.29439070e-03  -1.94643453e-02   7.20967094e-17   1.67464948e-16   3.62477682e-17
  5.80800000e-05   4.53877219e-03   2.33728733e-03  -1.95768609e-02   4.51441426e-17   1.79710017e-16   3.19220190e-17
  5.81600000e-05   4.70079608e-03   2.42110430e-03  -1.96433152e-02   1.51669716e-17   1.89256347e-16   2.69560505e-17
  5.82400000e-05   4.80557229e-03   2.47568038e-03  -1.97746262e-02  -1.50955494e-17   1.93100573e-16   2.05067110e-17
  5.83200000e-05   4.91032964e-03   2.53014374e-03  -1.99079175e-02  -4.58426884e-17   1.92066500e-16   1.31029849e-17
  5.84000000e-05   5.01353084e-03   2.58370062e-03  -2.00436861e-02  -7.62775307e-17   1.85960310e-16   4.89161593e-18
  5.84800000e-05   5.11362831e-03   2.63555459e-03  -2.01823665e-02  -1.05566421e-16   1.74713399e-16  -3.93218214e-18
  5.85600000e-05   5.20910564e-03   2.68492809e-03  -2.03243162e-02  -1.32859404e-16   1.58394690e-16  -1.31271488e-17
  5.86400000e-05   5.29852115e-03   2.73108481e-03  -2.04698039e-02  -1.57312970e-16   1.37220520e-16  -2.24118033e-17
  5.87200000e-05   5.38055218e-03   2.77335255e-03  -2.06190007e-02  -1.78114786e-16   1.11561311e-16  -3.14737393e-17
  5.88000000e-05   5.54252089e-03   2.85360399e-03  -2.06723334e-02  -1.94860283e-16   8.41476535e-17  -4.06288489e-17
  5.88800000e-05   5.62457577e-03   2.89560419e-03  -2.08520130e-02  -2.06835908e-16   5.15560408e-17  -4.86321560e-17
  5.89600000e-05   5.69481733e-03   2.93146087e-03  -2.10363137e-02  -2.13218348e-16   1.62585976e-17  -5.54554432e-17
  5.90400000e-05   5.75268524e-03   2.96091016e-03  -2.12249738e-02  -2.13525811e-16  -2.08040684e-17  -6.07749047e-17
  5.91200000e-05   5.79796852e-03   2.98387008e-03  -2.14175988e-02  -2.07435014e-16  -5.85615745e-17  -6.43135501e-17
  5.92000000e-05   5.83083135e-03   3.00045305e-03  -2.16136695e-02  -1.94806815e-16  -9.58398257e-17  -6.58587188e-17
  5.92800000e-05   5.85182748e-03   3.01097252e-03  -2.18125521e-02  -1.75708099e-16  -1.31394740e-16  -6.52761504e-17
  5.93600000e-05   5.86190203e-03   3.01594298e-03  -2.20135120e-02  -1.50428446e-16  -1.63952998e-16  -6.25193158e-17
  5.94400000e-05   5.86237930e-03   3.01607269e-03  -2.22157297e-02  -1.19490098e-16  -1.92258666e-16  -5.76331460e-17
  5.95200000e-05   5.85493604e-03   3.01224901e-03  -2.24183204e-02  -8.36498240e-17  -2.15124041e-16  -5.07518638e-17
  5.96000000e-05   5.87237767e-03   3.01913579e-03  -2.26111486e-02  -4.41842774e-17  -2.30798208e-16  -4.22923184e-17
  5.96800000e-05   5.86466099e-03   3.01542255e-03  -2.28504454e-02  -1.78239253e-18  -2.40254731e-16  -3.21622904e-17
  5.97600000e-05   5.77400901e-03   2.97457618e-03  -2.31350050e-02   4.32575184e-17  -2.43702955e-16  -2.05378690e-17
  5.98400000e-05   5.72050154e-03   2.94735054e-03  -2.33735867e-02   8.82507305e-17  -2.37074800e-16  -8.29586409e-18
  5.99200000e-05   5.67243725e-03   2.92308339e-03  -2.36076723e-02   1.31743240e-16  -2.21465976e-16   4.23344339e-18
  6.00000000e-05   5.63308250e-03   2.90345632e-03  -2.38367461e-02   1.71989863e-16  -1.97028065e-16   1.66453385e-17
  6.00800000e-05   5.60548983e-03   2.89003499e-03  -2.40604270e-02   2.07254346e-16  -1.64280324e-16   2.85525376e-17
  6.01600000e-05   5.59237125e-03   2.88420383e-03  -2.42784973e-02   2.35885985e-16  -1.24113633e-16   3.95902996e-17
  6.02400000e-05   5.59597765e-03   2.88710416e-03  -2.44909298e-02   2.56399535e-16  -7.77781057e-17   4.94163589e-17
  6.03200000e-05   5.61798977e-03   2.89957850e-03  -2.46979090e-02   2.67554491e-16  -2.68537615e-17   5.77074685e-17
  6.04000000e-05   5.65942568e-03   2.92212360e-03  -2.48998443e-02   2.68429460e-16   2.67954579e-17   6.41552692e-17
  6.04800000e-05   5.89232452e-03   3.04275074e-03  -2.49763598e-02   2.54983870e-16   8.44810247e-17   7.04467113e-17
  6.05600000e-05   6.00008227e-03   3.09990815e-03  -2.52102307e-02   2.33664665e-16   1.36990658e-16   7.24573170e-17
  6.06400000e-05   6.12909785e-03   3.16798041e-03  -2.54407147e-02   2.01691570e-16   1.85763700e-16   7.17229508e-17
  6.07200000e-05   6.27688886e-03   3.24564699e-03  -2.56693483e-02   1.59867698e-16   2.28467412e-16   6.79797680e-17
  6.08000000e-05   6.44007877e-03   3.33112849e-03  -2.58978131e-02   1.09507926e-16   2.62869482e-16   6.10434437e-17
  6.08800000e-05   6.61448995e-03   3.42223640e-03  -2.61278528e-02   5.24204435e-17   2.86944862e-16   5.08548352e-17
  6.09600000e-05   6.79528031e-03   3.51644533e-03  -2.63611803e-02  -9.13595838e-18   2.98985177e-16   3.75280477e-17
  6.10400000e-05   6.97712242e-03   3.61098699e-03  -2.65993813e-02  -7.25195699e-17   2.97708111e-16   2.13930614e-17
  6.11200000e-05   7.15442165e-03   3.70296404e-03  -2.68438219e-02  -1.34798781e-16   2.82363254e-16   3.02392316e-18
  6.12000000e-05   7.58963122e-03   3.92710372e-03  -2.68387763e-02  -1.95240081e-16   2.58137019e-16  -1.74400415e-17
  6.12800000e-05   7.79334416e-03   4.03247844e-03  -2.71510018e-02  -2.47571959e-16   2.15908376e-16  -3.89955265e-17
  6.13600000e-05   7.97219261e-03   4.12478790e-03  -2.74745073e-02  -2.89821421e-16   1.60644090e-16  -5.99788515e-17
  6.14400000e-05   8.12104568e-03   4.20142212e-03  -2.78093076e-02  -3.19043051e-16   9.42976007e-17  -7.89224672e-17
  6.15200000e-05   8.23608125e-03   4.26045853e-03  -2.81548235e-02  -3.32732310e-16   1.96802228e-17  -9.43555397e-17
  6.16000000e-05   8.31510258e-03   4.30082359e-03  -2.85099035e-02  -3.29033215e-16  -5.95974707e-17  -1.04955218e-16
  6.16800000e-05   8.35778701e-03   4.32241861e-03  -2.88728713e-02  -3.06935953e-16  -1.39259161e-16  -1.09696111e-16
  6.17600000e-05   8.36584021e-03   4.32619584e-03  -2.92415931e-02  -2.66446756e-16  -2.14573725e-16  -1.07974245e-16
  6.18400000e-05   8.34303293e-03   4.31417352e-03  -2.96135624e-02  -2.08711449e-16  -2.80636667e-16  -9.96841155e-17
  6.19200000e-05   8.29510448e-03   4.28938156e-03  -2.99859982e-02  -1.36074765e-16  -3.32705569e-16  -8.52349656e-17
  6.20000000e-05   8.39689190e-03   4.33905747e-03  -3.02149960e-02  -5.40427684e-17  -3.61610275e-16  -6.69481819e-17
  6.20800000e-05   8.33754547e-03   4.30892633e-03  -3.06788526e-02   3.57346484e-17  -3.76109770e-16  -4.31140647e-17
  6.21600000e-05   8.27821015e-03   4.27923620e-03  -3.11324900e-02   1.27903145e-16  -3.67026531e-16  -1.64389069e-17
  6.22400000e-05   8.23117882e-03   4.25634592e-03  -3.15721121e-02   2.16342980e-16  -3.33227754e-16   1.14792817e-17
  6.23200000e-05   7.85910030e-03   4.06962747e-03  -3.22256230e-02   3.00261517e-16  -2.83858776e-16   3.73797555e-17
  6.24000000e-05   7.75727248e-03   4.01794842e-03  -3.26431104e-02   3.65791688e-16  -2.04179156e-16   6.17944937e-17
  6.24800000e-05   7.70724979e-03   3.99325329e-03  -3.30491722e-02   4.09005264e-16  -1.06240654e-16   8.25454834e-17
  6.25600000e-05   7.71581849e-03   3.99899778e-03  -3.34451379e-02   4.25141375e-16   3.93431609e-18   9.85508571e-17
  6.26400000e-05   7.78591982e-03   4.03663668e-03  -3.38331399e-02   4.11098898e-16   1.18925026e-16   1.08793928e-16
  6.27200000e-05   7.91618567e-03   4.10538790e-03  -3.42160895e-02   3.65863013e-16   2.30339197e-16   1.12282594e-16
  6.28000000e-05   8.08915219e-03   4.21343557e-03  -3.45978769e-02   2.90652144e-16   3.29063450e-16   1.08030244e-16
  6.28800000e-05   9.17559097e-03   4.77789275e-03  -3.44038473e-02   1.75486140e-16   4.21229326e-16   1.05301525e-16
  6.29600000e-05   9.53910736e-03   4.96862194e-03  -3.49094699e-02   5.20063566e-17   4.69932126e-16   8.10957400e-17
  6.30400000e-05   9.91749151e-03   5.16672684e-03  -3.54299941e-02  -8.27440821e-17   4.83024470e-16   4.72775062e-17
  6.31200000e-05   1.07299373e-02   5.57771726e-03  -3.55927715e-02  -2.22557267e-16   4.63174049e-16   5.49067573e-18
  6.32000000e-05   1.11825388e-02   5.81380876e-03  -3.60083538e-02  -3.47567209e-16   3.95282872e-16  -4.41171172e-17
  6.32800000e-05   1.15851199e-02   6.02318343e-03  -3.64573484e-02  -4.48087279e-16   2.88102715e-16  -9.47915715e-17
  6.33600000e-05   1.19183783e-02   6.19591366e-03  -3.69420853e-02  -5.12868446e-16   1.48078400e-16  -1.40627664e-16
  6.34400000e-05   1.21745895e-02   6.31837149e-03  -3.74664154e-02  -5.32768719e-16  -1.41085260e-17  -1.75500734e-16
  6.35200000e-05   1.11674138e-02   5.79432528e-03  -3.89565681e-02  -4.96744010e-16  -2.14744794e-16  -1.74338948e-16
  6.36000000e-05   1.10571582e-02   5.73648074e-03  -3.95789600e-02  -4.04152542e-16  -3.76053520e-16  -1.67412240e-16
  6.36800000e-05   1.20149031e-02   6.23270703e-03  -3.93458134e-02  -2.73686634e-16  -4.74117071e-16  -1.58678920e-16
  6.37600000e-05   1.17475336e-02   6.09372645e-03  -4.01966695e-02  -1.07413800e-16  -5.64812795e-16  -1.17016209e-16
  6.38400000e-05   1.14420935e-02   5.93562231e-03  -4.10245810e-02   8.29911087e-17  -5.96759966e-16  -6.31950327e-17
  6.39200000e-05   1.11468492e-02   5.78348166e-03  -4.18212315e-02   2.77210830e-16  -5.60616366e-16  -3.64138397e-18
  6.40000000e-05   1.09116195e-02   5.66312041e-03  -4.25798687e-02   4.51745786e-16  -4.54883125e-16   5.52660286e-17
  6.40800000e-05   1.07691608e-02   5.60750428e-03  -4.32956448e-02   5.82546105e-16  -2.87214048e-16   1.07700872e-16
  6.41600000e-05   1.07801637e-02   5.61562837e-03  -4.39672982e-02   6.48946075e-16  -7.37274161e-17   1.49695783e-16
  6.42400000e-05   1.09509396e-02   5.70744031e-03  -4.46018251e-02   6.36197537e-16   1.61272846e-16   1.76840654e-16
  6.43200000e-05   1.12820350e-02   5.88298743e-03  -4.52097473e-02   5.39090950e-16   3.88349516e-16   1.85064036e-16
  6.44000000e-05   1.17532796e-02   6.13148383e-03  -4.58064078e-02   3.63747859e-16   5.76135986e-16   1.70452108e-16
  6.44800000e-05   1.23246565e-02   6.43179767e-03  -4.64099607e-02   1.28185251e-16   6.95251824e-16   1.30393522e-16
  6.45600000e-05   1.29399380e-02   6.75438322e-03  -4.70383225e-02  -1.38710649e-16   7.22475420e-16   6.55841556e-17
  6.46400000e-05   1.46612667e-02   7.64555043e-03  -4.68131308e-02  -4.10542423e-16   6.61434397e-16  -2.05506856e-17
  6.47200000e-05   1.54989322e-02   8.08254561e-03  -4.78050610e-02  -6.34054395e-16   4.85191240e-16  -1.23534739e-16
  6.48000000e-05   1.61280029e-02   8.40964174e-03  -4.88754200e-02  -7.73711894e-16   2.13867303e-16  -2.18512296e-16
  6.48800000e-05   1.64877279e-02   8.59546987e-03  -5.00124861e-02  -7.94307440e-16  -1.18237858e-16  -2.82182231e-16
  6.49600000e-05   1.65583035e-02   8.63018030e-03  -5.11931378e-02  -6.76917302e-16  -4.57222531e-16  -2.96026297e-16
  6.50400000e-05   1.63702349e-02   8.53025831e-03  -5.23867177e-02  -4.26783194e-16  -7.37592582e-16  -2.53468761e-16
  6.51200000e-05   1.60042194e-02   8.33836192e-03  -5.35590870e-02  -7.72628980e-17  -8.95996644e-16  -1.62580753e-16
  6.52000000e-05   1.55798657e-02   8.11732139e-03  -5.46765102e-02   3.12230942e-16  -8.87158225e-16  -4.27392363e-17
  6.52800000e-05   1.52345513e-02   7.93900597e-03  -5.57100983e-02   6.65106863e-16  -6.97383327e-16   8.24998413e-17
  6.53600000e-05   1.50964593e-02   7.87019440e-03  -5.66416533e-02   9.02556931e-16  -3.51724869e-16   1.91683510e-16
  6.54400000e-05   1.52573991e-02   7.95839249e-03  -5.74703321e-02   9.62003492e-16   8.75389338e-17   2.67517862e-16
  6.55200000e-05   1.57511216e-02   8.22058336e-03  -5.82174029e-02   8.14516354e-16   5.31409492e-16   2.95410672e-16
  6.56000000e-05   1.65418213e-02   8.63734880e-03  -5.89253723e-02   4.76068039e-16   8.81500358e-16   2.62855505e-16
  6.56800000e-05   1.83411159e-02   9.57034154e-03  -5.96163893e-02  -2.57151541e-18   1.06434586e-15   1.70070496e-16
  6.57600000e-05   2.01320278e-02   1.05082484e-02  -6.07287047e-02  -5.17439278e-16   1.00600754e-15   2.54039952e-18
  6.58400000e-05   2.17324132e-02   1.13440052e-02  -6.20239791e-02  -9.43927939e-16   6.81860631e-16  -2.06030017e-16
  6.59200000e-05   2.28913958e-02   1.19470301e-02  -6.35228791e-02  -1.15191527e-15   1.36724181e-16  -3.89395141e-16
  6.60000000e-05   2.34508044e-02   1.22358001e-02  -6.51855725e-02  -1.04898905e-15  -5.03435027e-16  -4.71876924e-16
  6.60800000e-05   2.34121864e-02   1.22126408e-02  -6.69247444e-02  -6.22913990e-16  -1.04921077e-15  -4.09376428e-16
