       time             b_x              b_y              b_z              F_x              F_y              F_z
  0.00000000e+00   0.00000000e+00   0.00000000e+00   1.05921270e-07  -9.96250424e-22  -1.33228584e-20   0.00000000e+00
  8.00000000e-08   0.00000000e+00   0.00000000e+00  -1.53015728e-07   1.43904041e-21   1.92464474e-20  -8.91459337e-45
  1.60000000e-07   0.00000000e+00   0.00000000e+00  -4.11951623e-07   3.87381217e-21   5.18156523e-20  -6.41895563e-44
  2.40000000e-07   0.00000000e+00   0.00000000e+00  -6.70886497e-07   6.30813065e-21   8.43847621e-20  -1.69987503e-43
  3.20000000e-07   0.00000000e+00   0.00000000e+00  -3.76209315e-06   3.53710132e-20   4.73199974e-19  -5.33041454e-42
  4.00000000e-07   0.00000000e+00   0.00000000e+00  -3.20662220e-06   3.01465221e-20   4.03332410e-19  -3.87228056e-42
  4.80000000e-07   0.00000000e+00   0.00000000e+00  -2.65115191e-06   2.49228804e-20   3.33464867e-19  -2.64665255e-42
  5.60000000e-07   0.00000000e+00   0.00000000e+00   1.63781331e-06  -1.53958721e-20  -2.06006062e-19  -1.00967444e-42
  6.40000000e-07   0.00000000e+00   0.00000000e+00   1.37888232e-06  -1.29610711e-20  -1.73437479e-19  -7.15528412e-43
  7.20000000e-07   0.00000000e+00   0.00000000e+00   1.11995183e-06  -1.05266624e-20  -1.40868931e-19  -4.71904412e-43
  8.00000000e-07   0.00000000e+00   0.00000000e+00   8.61021776e-07  -8.09258046e-21  -1.08300413e-19  -2.78802080e-43
  8.80000000e-07   0.00000000e+00   0.00000000e+00  -3.21823859e-06   3.02469005e-20   4.04794193e-19  -3.90039375e-42
  9.60000000e-07   0.00000000e+00   0.00000000e+00  -2.66277076e-06   2.50260229e-20   3.34926754e-19  -2.66990838e-42
  1.04000000e-06   0.00000000e+00   0.00000000e+00   1.53777941e-08  -1.44524092e-22  -1.93423915e-21  -8.68223581e-47
  1.12000000e-06   0.00000000e+00   0.00000000e+00  -7.20921875e-07   6.77532057e-21   9.06785059e-20  -1.95714103e-43
  1.20000000e-06   0.00000000e+00   0.00000000e+00  -5.98737715e-07   5.62697570e-21   7.53100239e-20  -1.34980597e-43
  1.28000000e-06   0.00000000e+00   0.00000000e+00  -4.76553577e-07   4.47865017e-21   5.99415433e-20  -8.54967429e-44
  1.36000000e-06   0.00000000e+00   0.00000000e+00  -3.54369458e-07   3.33034241e-21   4.45730638e-20  -4.72625326e-44
  1.44000000e-06   0.00000000e+00   0.00000000e+00   4.03662006e-07  -3.79356124e-21  -5.07731485e-20  -6.13323069e-44
  1.52000000e-06   0.00000000e+00   0.00000000e+00   3.14272005e-07  -2.95346318e-21  -3.95295560e-20  -3.71658368e-44
  1.60000000e-06   0.00000000e+00   0.00000000e+00   2.24882017e-07  -2.11338081e-21  -2.82859640e-20  -1.90206211e-44
  1.68000000e-06   0.00000000e+00   0.00000000e+00  -7.00867648e-07   6.58653422e-21   8.81560823e-20  -1.84974161e-43
  1.76000000e-06   0.00000000e+00   0.00000000e+00  -5.78683597e-07   5.43828050e-21   7.27876072e-20  -1.26087120e-43
  1.84000000e-06   0.00000000e+00   0.00000000e+00  -4.56499552e-07   4.29003163e-21   5.74191327e-20  -7.84497047e-44
  1.92000000e-06  -4.78141964e-14  -1.60822754e-14  -4.05098580e-08   3.80793987e-22   5.09510039e-21  -2.47219248e-27
  2.00000000e-06   0.00000000e+00   0.00000000e+00   6.13166723e-07  -5.76234801e-21  -7.71249411e-20  -1.41565058e-43
  2.08000000e-06   0.00000000e+00   0.00000000e+00   1.77760741e-13  -1.67053628e-27  -2.23589871e-26  -1.19327086e-56
  2.16000000e-06   0.00000000e+00   0.00000000e+00   2.55719110e-13  -2.40316308e-27  -3.21646964e-26  -2.46770075e-56
  2.24000000e-06   0.00000000e+00   0.00000000e+00   7.13829167e-13  -6.70832891e-27  -8.97864006e-26  -1.91877359e-55
  2.32000000e-06   0.00000000e+00   0.00000000e+00   6.19151647e-13  -5.81858109e-27  -7.78777338e-26  -1.44341740e-55
  2.40000000e-06   0.00000000e+00   0.00000000e+00   5.24474128e-13  -4.92883328e-27  -6.59690670e-26  -1.03560769e-55
  2.48000000e-06   0.00000000e+00   0.00000000e+00   4.29796609e-13  -4.03908547e-27  -5.40604003e-26  -6.95344444e-56
  2.56000000e-06   0.00000000e+00   0.00000000e+00  -2.03058105e-13   1.90827248e-27   2.55409238e-26  -1.55043437e-56
  2.64000000e-06   0.00000000e+00   0.00000000e+00  -1.25099736e-13   1.17564568e-27   1.57352145e-26  -5.87740061e-57
  2.72000000e-06   0.00000000e+00   0.00000000e+00  -4.71413677e-14   4.43018883e-28   5.92950516e-27  -8.30129864e-58
  2.80000000e-06   0.00000000e+00   0.00000000e+00   8.99655590e-13  -8.45466378e-27  -1.13159900e-25  -3.04816222e-55
  2.88000000e-06   0.00000000e+00   0.00000000e+00   8.04978071e-13  -7.56491597e-27  -1.01251233e-25  -2.44023054e-55
  2.96000000e-06   0.00000000e+00   0.00000000e+00   7.10300551e-13  -6.67516816e-27  -8.93425666e-26  -1.89984533e-55
  3.04000000e-06   0.00000000e+00   0.00000000e+00   6.15623032e-13  -5.78542034e-27  -7.74338998e-26  -1.42700659e-55
  3.12000000e-06   0.00000000e+00   0.00000000e+00   8.40784229e-13  -7.90141032e-27  -1.05754980e-25  -2.66199451e-55
  3.20000000e-06   0.00000000e+00   0.00000000e+00   6.98544620e-13  -6.56468982e-27  -8.78638896e-26  -1.83728821e-55
  3.28000000e-06   0.00000000e+00   0.00000000e+00   5.56305011e-13  -5.22796932e-27  -6.99727987e-26  -1.16503985e-55
  3.36000000e-06   0.00000000e+00   0.00000000e+00  -4.72641584e-13   4.44172828e-27   5.94494993e-26  -8.40805622e-56
  3.44000000e-06   0.00000000e+00   0.00000000e+00  -4.11431752e-13   3.86649866e-27   5.17504437e-26  -6.37031361e-56
  3.52000000e-06   0.00000000e+00   0.00000000e+00  -3.50221921e-13   3.29126904e-27   4.40513881e-26  -4.61489726e-56
  3.60000000e-06   0.00000000e+00   0.00000000e+00  -2.89012089e-13   2.71603941e-27   3.63523325e-26  -3.14180718e-56
  3.68000000e-06   0.00000000e+00   0.00000000e+00   8.48776082e-13  -7.97651510e-27  -1.06760207e-25  -2.71285497e-55
  3.76000000e-06   0.00000000e+00   0.00000000e+00   7.06536473e-13  -6.63979460e-27  -8.88691157e-26  -1.87958269e-55
  3.84000000e-06   0.00000000e+00   0.00000000e+00   5.64296864e-13  -5.30307410e-27  -7.09780248e-26  -1.19876835e-55
  3.92000000e-06   0.00000000e+00   0.00000000e+00  -1.04784188e-12   9.84726920e-27   1.31798972e-25  -4.13493562e-55
  4.00000000e-06   0.00000000e+00   0.00000000e+00  -9.86632047e-13   9.27203958e-27   1.24099917e-25  -3.66585405e-55
  4.08000000e-06   0.00000000e+00   0.00000000e+00   1.99073210e-13  -1.87082376e-27  -2.50396983e-26  -1.48852444e-56
  4.16000000e-06   0.00000000e+00   0.00000000e+00   7.71165894e-14  -7.24716039e-28  -9.69982920e-27  -2.22274137e-57
  4.24000000e-06   0.00000000e+00   0.00000000e+00   4.87108957e-14  -4.57768784e-28  -6.12692252e-27  -9.04881116e-58
  4.32000000e-06   0.00000000e+00   0.00000000e+00   2.74241790e-13  -2.57723306e-27  -3.44945042e-26  -2.83976806e-56
  4.40000000e-06   0.00000000e+00   0.00000000e+00   4.99772684e-13  -4.69669733e-27  -6.28620859e-26  -9.42189074e-56
  4.48000000e-06   0.00000000e+00   0.00000000e+00   8.85652937e-13  -8.32307151e-27  -1.11398627e-25  -2.95326969e-55
  4.56000000e-06   0.00000000e+00   0.00000000e+00   7.63696316e-13  -7.17696378e-27  -9.60587583e-26  -2.19567965e-55
  4.64000000e-06   0.00000000e+00   0.00000000e+00   6.41739696e-13  -6.03085605e-27  -8.07188892e-26  -1.55016743e-55
  4.72000000e-06   0.00000000e+00   0.00000000e+00   5.19783075e-13  -4.88474833e-27  -6.53790200e-26  -1.01673304e-55
  4.80000000e-06   0.00000000e+00   0.00000000e+00   3.31064324e-13  -3.11123233e-27  -4.16417197e-26  -4.13694429e-56
  4.88000000e-06   0.00000000e+00   0.00000000e+00   5.56595218e-13  -5.23069660e-27  -7.00093014e-26  -1.16847521e-55
  4.96000000e-06   0.00000000e+00   0.00000000e+00   7.82126112e-13  -7.35016087e-27  -9.83768831e-26  -2.30654027e-55
  5.04000000e-06   0.00000000e+00   0.00000000e+00   1.32831942e-12  -1.24831038e-26  -1.67077818e-25  -6.64480116e-55
  5.12000000e-06   0.00000000e+00   0.00000000e+00   8.45694654e-13  -7.94755687e-27  -1.06372620e-25  -2.69365755e-55
  5.20000000e-06   0.00000000e+00   0.00000000e+00   8.35308641e-13  -7.84995257e-27  -1.05066254e-25  -2.62788964e-55
  5.28000000e-06   0.00000000e+00   0.00000000e+00   8.24922627e-13  -7.75234827e-27  -1.03759887e-25  -2.56293458e-55
  5.36000000e-06   0.00000000e+00   0.00000000e+00   3.61866239e-13  -3.40069847e-27  -4.55160263e-26  -4.93771859e-56
  5.44000000e-06   0.00000000e+00   0.00000000e+00   4.76280036e-13  -4.47592125e-27  -5.99071488e-26  -8.55205696e-56
  5.52000000e-06   0.00000000e+00   0.00000000e+00   5.90693833e-13  -5.55114404e-27  -7.42982714e-26  -1.31528241e-55
  5.60000000e-06   0.00000000e+00   0.00000000e+00   1.42609427e-12  -1.34019593e-26  -1.79376071e-25  -7.66087391e-55
  5.68000000e-06   0.00000000e+00   0.00000000e+00   1.41570826e-12  -1.33043550e-26  -1.78069705e-25  -7.54968205e-55
  5.76000000e-06   0.00000000e+00   0.00000000e+00   1.40532225e-12  -1.32067507e-26  -1.76763338e-25  -7.43930304e-55
  5.84000000e-06   0.00000000e+00   0.00000000e+00   1.39493623e-12  -1.31091464e-26  -1.75456971e-25  -7.32973686e-55
  5.92000000e-06   0.00000000e+00   0.00000000e+00   5.20047120e-13  -4.88722974e-27  -6.54122320e-26  -1.01955054e-55
  6.00000000e-06   0.00000000e+00   0.00000000e+00   6.34460917e-13  -5.96245252e-27  -7.98033546e-26  -1.51736144e-55
  6.08000000e-06   0.00000000e+00   0.00000000e+00   7.48874715e-13  -7.03767531e-27  -9.41944771e-26  -2.11381520e-55
  6.16000000e-06   0.00000000e+00   0.00000000e+00   1.87217036e-13  -1.75940339e-27  -2.35484126e-26  -1.32404592e-56
  6.24000000e-06   0.00000000e+00   0.00000000e+00   0.00000000e+00  -0.00000000e+00   0.00000000e+00   0.00000000e+00
