       time             b_x              b_y              b_z              F_x              F_y              F_z
  0.00000000e+00   0.00000000e+00   0.00000000e+00  -3.02280332e-06  -5.97869498e-19   2.86733149e-18   0.00000000e+00
  8.00000000e-08   0.00000000e+00   0.00000000e+00  -3.71362271e-06  -7.34531362e-19   3.52261431e-18  -2.13018204e-40
  1.60000000e-07   0.00000000e+00   0.00000000e+00  -6.07559887e-07  -1.20172270e-19   5.76310186e-19  -5.70051002e-42
  2.40000000e-07   0.00000000e+00   0.00000000e+00  -5.60365909e-08  -1.10837664e-20   5.31543593e-20  -4.82667863e-44
  3.20000000e-07   0.00000000e+00   0.00000000e+00   3.24001623e-13   6.40860558e-26  -3.07336639e-25  -1.61996083e-54
  4.00000000e-07   0.00000000e+00   0.00000000e+00   6.33084405e-13   1.25221232e-25  -6.00521785e-25  -6.19402242e-54
  4.80000000e-07   0.00000000e+00   0.00000000e+00   3.22206579e-13   6.37310043e-26  -3.05633923e-25  -1.60496330e-54
  5.60000000e-07   0.00000000e+00   0.00000000e+00   1.50111304e-13   2.96913370e-26  -1.42390347e-25  -3.48824735e-55
  6.40000000e-07   0.00000000e+00   0.00000000e+00   1.52287272e-13   3.01217338e-26  -1.44454395e-25  -3.58016082e-55
  7.20000000e-07   0.00000000e+00   0.00000000e+00   2.05757948e-13   4.06979917e-26  -1.95174813e-25  -6.54525555e-55
  8.00000000e-07   0.00000000e+00   0.00000000e+00   1.36837054e-13   2.70657504e-26  -1.29798857e-25  -2.89097347e-55
  8.80000000e-07   0.00000000e+00   0.00000000e+00   5.08744674e-13   1.00627396e-25  -4.82577453e-25  -3.99927711e-54
  9.60000000e-07   0.00000000e+00   0.00000000e+00   5.43802065e-13   1.07561589e-25  -5.15831672e-25  -4.56588930e-54
  1.04000000e-06   0.00000000e+00   0.00000000e+00   9.03797106e-13   1.78766980e-25  -8.57310411e-25  -1.26154845e-53
  1.12000000e-06   0.00000000e+00   0.00000000e+00   2.19700192e-13   4.34557044e-26  -2.08399939e-25  -7.45517156e-55
  1.20000000e-06   0.00000000e+00   0.00000000e+00   7.77423328e-14   1.53770818e-26  -7.37436653e-26  -9.35521474e-56
  1.28000000e-06   0.00000000e+00   0.00000000e+00   4.53393567e-13   8.96791971e-26  -4.30073323e-25  -3.17600640e-54
  1.36000000e-06   0.00000000e+00   0.00000000e+00   2.30555062e-13   4.56027487e-26  -2.18696490e-25  -8.21176749e-55
  1.44000000e-06   0.00000000e+00   0.00000000e+00  -5.23531280e-14  -1.03552120e-26   4.96603511e-26  -4.23703101e-56
  1.52000000e-06   0.00000000e+00   0.00000000e+00   4.31708161e-13   8.53899219e-26  -4.09503304e-25  -2.87838916e-54
  1.60000000e-06   0.00000000e+00   0.00000000e+00   9.82594031e-13   1.94352656e-25  -9.32054425e-25  -1.49146674e-53
  1.68000000e-06   0.00000000e+00   0.00000000e+00   5.07803486e-13   1.00441233e-25  -4.81684675e-25  -3.98532719e-54
  1.76000000e-06   0.00000000e+00   0.00000000e+00   1.65685796e-13   3.27719012e-26  -1.57163767e-25  -4.23687196e-55
  1.84000000e-06   0.00000000e+00   0.00000000e+00   6.02782277e-13   1.19227608e-25  -5.71778244e-25  -5.61220716e-54
  1.92000000e-06   0.00000000e+00   0.00000000e+00   7.82526597e-13   1.54780222e-25  -7.42277437e-25  -9.46526408e-54
  2.00000000e-06   0.00000000e+00   0.00000000e+00   1.12591077e-13   2.22700059e-26  -1.06799969e-25  -1.96469047e-55
  2.08000000e-06   0.00000000e+00   0.00000000e+00   1.55879790e-15   3.08323175e-28  -1.47862132e-27  -4.17071204e-59
  2.16000000e-06   0.00000000e+00   0.00000000e+00  -2.39492334e-13  -4.73705006e-26   2.27174075e-25  -8.86341223e-55
  2.24000000e-06   0.00000000e+00   0.00000000e+00   6.17063738e-13   1.22052417e-25  -5.85325139e-25  -5.88101919e-54
  2.32000000e-06   0.00000000e+00   0.00000000e+00   2.46508658e-13   4.87582978e-26  -2.33829515e-25  -9.39082541e-55
  2.40000000e-06   0.00000000e+00   0.00000000e+00   2.08390915e-13   4.12187806e-26  -1.97672354e-25  -6.71142912e-55
  2.48000000e-06   0.00000000e+00   0.00000000e+00   5.74637751e-13   1.13660748e-25  -5.45081327e-25  -5.10157705e-54
  2.56000000e-06   0.00000000e+00   0.00000000e+00   7.01579207e-13   1.38769194e-25  -6.65493565e-25  -7.60455886e-54
  2.64000000e-06   0.00000000e+00   0.00000000e+00   6.07451219e-13   1.20151104e-25  -5.76207039e-25  -5.69776507e-54
  2.72000000e-06   0.00000000e+00   0.00000000e+00   4.48128816e-14   8.86378533e-27  -4.25079365e-26  -3.12327789e-56
  2.80000000e-06  -2.93649440e-13   1.30312710e-14  -3.63630668e-13  -1.25801450e-25  -8.69147275e-25   7.04435404e-26
  2.88000000e-06  -1.16749943e-13  -1.00056384e-14   8.04771013e-13   2.00547733e-25  -1.24607281e-24   1.36016111e-26
  2.96000000e-06   0.00000000e+00   0.00000000e+00   9.49208012e-13   1.87749052e-25  -9.00385613e-25  -1.39199506e-53
  3.04000000e-06   0.00000000e+00   0.00000000e+00   3.96258127e-13   7.83780655e-26  -3.75876638e-25  -2.42408135e-54
  3.12000000e-06   0.00000000e+00   0.00000000e+00   6.59169591e-13   1.30380764e-25  -6.25265282e-25  -6.71284024e-54
  3.20000000e-06   0.00000000e+00   0.00000000e+00   8.69825737e-13   1.72047597e-25  -8.25086355e-25  -1.16891646e-53
  3.28000000e-06   0.00000000e+00   0.00000000e+00   3.50282405e-13   6.92842755e-26  -3.32265671e-25  -1.89570602e-54
  3.36000000e-06   0.00000000e+00   0.00000000e+00   3.59900506e-13   7.11866925e-26  -3.41389067e-25  -2.00124119e-54
  3.44000000e-06   0.00000000e+00   0.00000000e+00   3.02542114e-13   5.98414618e-26  -2.86980896e-25  -1.41571559e-54
  3.52000000e-06   0.00000000e+00   0.00000000e+00   4.12948770e-13   8.16793992e-26  -3.91708800e-25  -2.63283480e-54
  3.60000000e-06   0.00000000e+00   0.00000000e+00   1.23611640e-13   2.44498234e-26  -1.17253690e-25  -2.36509455e-55
  3.68000000e-06   0.00000000e+00   0.00000000e+00   8.32544348e-13   1.64673507e-25  -7.89722530e-25  -1.07113145e-53
  3.76000000e-06   0.00000000e+00   0.00000000e+00   9.29520657e-13   1.83854982e-25  -8.81710875e-25  -1.33517137e-53
  3.84000000e-06   0.00000000e+00   0.00000000e+00   7.70380414e-13   1.52377762e-25  -7.30755991e-25  -9.16639529e-54
  3.92000000e-06   0.00000000e+00   0.00000000e+00   5.65735242e-13   1.11899872e-25  -5.36636718e-25  -4.94419028e-54
  4.00000000e-06   0.00000000e+00   0.00000000e+00  -3.01258654e-14  -5.95875994e-27   2.85763452e-26  -1.39582400e-56
  4.08000000e-06   0.00000000e+00   0.00000000e+00   3.63158298e-13   7.18310689e-26  -3.44479294e-25  -2.03821085e-54
  4.16000000e-06   0.00000000e+00   0.00000000e+00   7.45364502e-13   1.47429728e-25  -7.07026768e-25  -8.58347558e-54
  4.24000000e-06   0.00000000e+00   0.00000000e+00   5.70509414e-13   1.12844182e-25  -5.41165331e-25  -5.02903376e-54
  4.32000000e-06   0.00000000e+00   0.00000000e+00   3.84553097e-13   7.60628634e-26  -3.64773655e-25  -2.28496894e-54
  4.40000000e-06   0.00000000e+00   0.00000000e+00   7.98107692e-13   1.57862092e-25  -7.57057119e-25  -9.84148195e-54
  4.48000000e-06   0.00000000e+00   0.00000000e+00   9.72266103e-13   1.92309838e-25  -9.22257714e-25  -1.46042186e-53
  4.56000000e-06   0.00000000e+00   0.00000000e+00   7.49868535e-13   1.48320605e-25  -7.11299137e-25  -8.68920789e-54
  4.64000000e-06   0.00000000e+00   0.00000000e+00   3.63106497e-13   7.18208230e-26  -3.44430158e-25  -2.03707222e-54
  4.72000000e-06   0.00000000e+00   0.00000000e+00   1.99007806e-13   3.93628441e-26  -1.88771864e-25  -6.11894584e-55
  4.80000000e-06   0.00000000e+00   0.00000000e+00   8.91736794e-13   1.76381505e-25  -8.45870420e-25  -1.22839860e-53
  4.88000000e-06   0.00000000e+00   0.00000000e+00   6.01098164e-13   1.18894498e-25  -5.70180753e-25  -5.58522903e-54
  4.96000000e-06   0.00000000e+00   0.00000000e+00   7.58458297e-13   1.50019621e-25  -7.19447086e-25  -8.88546822e-54
  5.04000000e-06   0.00000000e+00   0.00000000e+00   9.19808521e-13   1.81933966e-25  -8.72498281e-25  -1.30708587e-53
  5.12000000e-06   0.00000000e+00   0.00000000e+00   3.58454966e-13   7.09007712e-26  -3.40017878e-25  -1.98564306e-54
  5.20000000e-06   0.00000000e+00   0.00000000e+00   7.16419651e-13   1.41704567e-25  -6.79570693e-25  -7.93369088e-54
  5.28000000e-06   0.00000000e+00   0.00000000e+00   1.00585511e-12   1.98953592e-25  -9.54119074e-25  -1.56314305e-53
  5.36000000e-06   0.00000000e+00   0.00000000e+00   1.41277202e-12   2.79439917e-25  -1.34010627e-24  -3.08363706e-53
  5.44000000e-06   0.00000000e+00   0.00000000e+00   7.55092075e-13   1.49353798e-25  -7.16254005e-25  -8.80791627e-54
  5.52000000e-06   0.00000000e+00   0.00000000e+00   4.48179698e-13   8.86479173e-26  -4.25127629e-25  -3.10467452e-54
  5.60000000e-06   0.00000000e+00   0.00000000e+00   7.46094892e-13   1.47574196e-25  -7.07719592e-25  -8.60014934e-54
  5.68000000e-06   0.00000000e+00   0.00000000e+00   7.98365155e-13   1.57913017e-25  -7.57301340e-25  -9.84759910e-54
  5.76000000e-06   0.00000000e+00   0.00000000e+00   1.24861454e-12   2.46970309e-25  -1.18439220e-24  -2.40846978e-53
  5.84000000e-06   0.00000000e+00   0.00000000e+00   1.01057809e-12   1.99887776e-25  -9.58599131e-25  -1.57799327e-53
  5.92000000e-06   0.00000000e+00   0.00000000e+00   1.24346609e-12   2.45951969e-25  -1.17950856e-24  -2.38879522e-53
  6.00000000e-06   0.00000000e+00   0.00000000e+00   9.48195119e-13   1.87548706e-25  -8.99424818e-25  -1.38894373e-53
  6.08000000e-06   0.00000000e+00   0.00000000e+00   5.44557136e-13   1.07710939e-25  -5.16547906e-25  -4.58431778e-54
  6.16000000e-06   0.00000000e+00   0.00000000e+00   9.55348695e-13   1.88963651e-25  -9.06210451e-25  -1.41041489e-53
  6.24000000e-06   0.00000000e+00   0.00000000e+00   1.02169607e-12   2.02086862e-25  -9.69145258e-25  -1.61260377e-53
  6.32000000e-06   0.00000000e+00   0.00000000e+00   6.70755123e-13   1.32672330e-25  -6.36254915e-25  -6.95345150e-54
  6.40000000e-06   0.00000000e+00   0.00000000e+00   1.08794727e-12   2.15191049e-25  -1.03198883e-24  -1.82825705e-53
  6.48000000e-06   0.00000000e+00   0.00000000e+00   7.68388334e-13   1.51983737e-25  -7.28866373e-25  -9.12527536e-54
  6.56000000e-06   0.00000000e+00   0.00000000e+00   1.47113492e-12   2.90983834e-25  -1.39546727e-24  -3.34381366e-53
  6.64000000e-06   0.00000000e+00   0.00000000e+00   1.25606866e-12   2.48444700e-25  -1.19146292e-24  -2.43717710e-53
  6.72000000e-06   0.00000000e+00   0.00000000e+00   1.01429790e-12   2.00623537e-25  -9.62127609e-25  -1.58952227e-53
  6.80000000e-06   0.00000000e+00   0.00000000e+00   1.03179829e-12   2.04085035e-25  -9.78727868e-25  -1.64496202e-53
  6.88000000e-06   0.00000000e+00   0.00000000e+00   9.91446009e-13   1.96103537e-25  -9.40451103e-25  -1.51853805e-53
  6.96000000e-06   0.00000000e+00   0.00000000e+00   1.69743532e-12   3.35745029e-25  -1.61012794e-24  -4.45095484e-53
  7.04000000e-06   0.00000000e+00   0.00000000e+00   1.05849807e-12   2.09366132e-25  -1.00405435e-24  -1.73087224e-53
  7.12000000e-06   0.00000000e+00   0.00000000e+00   8.28549820e-13   1.63883407e-25  -7.85933461e-25  -1.06088146e-53
  7.20000000e-06   0.00000000e+00   0.00000000e+00   1.19336487e-12   2.36042173e-25  -1.13198429e-24  -2.20008498e-53
  7.28000000e-06   0.00000000e+00   0.00000000e+00   9.96225173e-13   1.97048834e-25  -9.44984451e-25  -1.53369928e-53
  7.36000000e-06   0.00000000e+00   0.00000000e+00   1.30606779e-12   2.58334301e-25  -1.23889035e-24  -2.63477718e-53
  7.44000000e-06   0.00000000e+00   0.00000000e+00   1.17208653e-12   2.31833415e-25  -1.11180040e-24  -2.12275721e-53
  7.52000000e-06   0.00000000e+00   0.00000000e+00   8.65935783e-13   1.71278182e-25  -8.21396481e-25  -1.15868810e-53
  7.60000000e-06   0.00000000e+00   0.00000000e+00   8.86258132e-13   1.75297850e-25  -8.40673553e-25  -1.21407670e-53
  7.68000000e-06   0.00000000e+00   0.00000000e+00   1.21177203e-12   2.39683027e-25  -1.14944468e-24  -2.26807893e-53
  7.76000000e-06   0.00000000e+00   0.00000000e+00   1.75056467e-12   3.46253775e-25  -1.66052459e-24  -4.73395405e-53
  7.84000000e-06   0.00000000e+00   0.00000000e+00   1.40890834e-12   2.78675698e-25  -1.33644131e-24  -3.06609254e-53
  7.92000000e-06   0.00000000e+00   0.00000000e+00   1.89955642e-12   3.75723669e-25  -1.80185296e-24  -5.57385205e-53
  8.00000000e-06   0.00000000e+00   0.00000000e+00   1.33387549e-12   2.63834540e-25  -1.26526777e-24  -2.74907940e-53
  8.08000000e-06   0.00000000e+00   0.00000000e+00   1.31767168e-12   2.60629499e-25  -1.24989740e-24  -2.68269511e-53
  8.16000000e-06   0.00000000e+00   0.00000000e+00   1.50376572e-12   2.97438058e-25  -1.42641971e-24  -3.49299512e-53
  8.24000000e-06   0.00000000e+00   0.00000000e+00   7.88858805e-13   1.56032704e-25  -7.48283948e-25  -9.61962605e-54
  8.32000000e-06   0.00000000e+00   0.00000000e+00   1.34534105e-12   2.66102375e-25  -1.27614359e-24  -2.79606547e-53
  8.40000000e-06   0.00000000e+00   0.00000000e+00   1.40563135e-12   2.78027524e-25  -1.33333287e-24  -3.05318752e-53
  8.48000000e-06   0.00000000e+00   0.00000000e+00   1.47309084e-12   2.91370706e-25  -1.39732259e-24  -3.35325414e-53
  8.56000000e-06   0.00000000e+00   0.00000000e+00   1.68874139e-12   3.34025410e-25  -1.60188118e-24  -4.40605453e-53
  8.64000000e-06   0.00000000e+00   0.00000000e+00   5.99608311e-13   1.18599812e-25  -5.68767530e-25  -5.55811029e-54
  8.72000000e-06   0.00000000e+00   0.00000000e+00   1.57585996e-12   3.11697974e-25  -1.49480580e-24  -3.83651865e-53
  8.80000000e-06   0.00000000e+00   0.00000000e+00   1.49380181e-12   2.95467242e-25  -1.41696829e-24  -3.44829709e-53
  8.88000000e-06   0.00000000e+00   0.00000000e+00   1.11015972e-12   2.19584573e-25  -1.05305879e-24  -1.90465607e-53
  8.96000000e-06  -5.07665897e-07  -3.37514137e-07   1.58811520e-12   1.39543063e-18  -2.09891324e-18  -2.19741863e-19
  9.04000000e-06  -9.83919144e-07  -6.53955861e-07   8.69335843e-13   2.70373469e-18  -4.06794533e-18  -4.25782797e-19
