       time             b_x              b_y              b_z              F_x              F_y              F_z
  0.00000000e+00   8.19486176e-03   5.07777487e-03   2.26490622e-03  -1.23685775e-16   1.97804050e-16   4.05464763e-18
  8.00000000e-09   8.19601366e-03   5.07864301e-03   2.27806624e-03  -1.23403590e-16   1.98105699e-16   2.33065281e-18
  1.60000000e-08   8.19719316e-03   5.07946738e-03   2.29122708e-03  -1.23109161e-16   1.98399153e-16   6.05591508e-19
  2.40000000e-08   8.19840019e-03   5.08024791e-03   2.30438801e-03  -1.22802485e-16   1.98684367e-16  -1.12043732e-18
  3.20000000e-08   8.19963466e-03   5.08098451e-03   2.31754828e-03  -1.22483557e-16   1.98961294e-16  -2.84733438e-18
  4.00000000e-08   8.20089650e-03   5.08167711e-03   2.33070713e-03  -1.22152375e-16   1.99229889e-16  -4.57500006e-18
  4.80000000e-08   8.20218560e-03   5.08232565e-03   2.34386383e-03  -1.21808938e-16   1.99490105e-16  -6.30333439e-18
  5.60000000e-08   8.20350189e-03   5.08293005e-03   2.35701762e-03  -1.21453248e-16   1.99741894e-16  -8.03223712e-18
  6.40000000e-08   8.20484526e-03   5.08349025e-03   2.37016777e-03  -1.21085308e-16   1.99985210e-16  -9.76160767e-18
  7.20000000e-08   8.20621563e-03   5.08400619e-03   2.38331351e-03  -1.20705122e-16   2.00220003e-16  -1.14913451e-17
  8.00000000e-08   8.20761289e-03   5.08447779e-03   2.39645411e-03  -1.20312696e-16   2.00446227e-16  -1.32213484e-17
  8.80000000e-08   8.20903694e-03   5.08490500e-03   2.40958882e-03  -1.19908039e-16   2.00663832e-16  -1.49515158e-17
  9.60000000e-08   8.21048769e-03   5.08528777e-03   2.42271688e-03  -1.19491159e-16   2.00872769e-16  -1.66817457e-17
  1.04000000e-07   8.21196501e-03   5.08562603e-03   2.43583756e-03  -1.19062069e-16   2.01072989e-16  -1.84119360e-17
  1.12000000e-07   8.21346882e-03   5.08591972e-03   2.44895010e-03  -1.18620780e-16   2.01264442e-16  -2.01419843e-17
  1.20000000e-07   8.21499899e-03   5.08616880e-03   2.46205376e-03  -1.18167309e-16   2.01447078e-16  -2.18717879e-17
  1.28000000e-07   8.21655540e-03   5.08637321e-03   2.47514779e-03  -1.17701671e-16   2.01620846e-16  -2.36012441e-17
  1.36000000e-07   8.21813795e-03   5.08653291e-03   2.48823144e-03  -1.17223885e-16   2.01785696e-16  -2.53302495e-17
  1.44000000e-07   8.21974652e-03   5.08664784e-03   2.50130397e-03  -1.16733970e-16   2.01941576e-16  -2.70587008e-17
  1.52000000e-07   8.22138097e-03   5.08671797e-03   2.51436463e-03  -1.16231949e-16   2.02088436e-16  -2.87864943e-17
  1.60000000e-07   8.22304120e-03   5.08674324e-03   2.52741267e-03  -1.15717844e-16   2.02226223e-16  -3.05135260e-17
  1.68000000e-07   8.22472706e-03   5.08672362e-03   2.54044735e-03  -1.15191681e-16   2.02354885e-16  -3.22396918e-17
  1.76000000e-07   8.22643843e-03   5.08665908e-03   2.55346792e-03  -1.14653487e-16   2.02474371e-16  -3.39648872e-17
  1.84000000e-07   8.22817518e-03   5.08654956e-03   2.56647363e-03  -1.14103290e-16   2.02584628e-16  -3.56890075e-17
  1.92000000e-07   8.22993718e-03   5.08639504e-03   2.57946375e-03  -1.13541120e-16   2.02685604e-16  -3.74119480e-17
  2.00000000e-07   8.23172428e-03   5.08619548e-03   2.59243753e-03  -1.12967011e-16   2.02777245e-16  -3.91336036e-17
  2.08000000e-07   8.23353634e-03   5.08595085e-03   2.60539422e-03  -1.12380995e-16   2.02859499e-16  -4.08538688e-17
  2.16000000e-07   8.23537322e-03   5.08566114e-03   2.61833308e-03  -1.11783109e-16   2.02932312e-16  -4.25726383e-17
  2.24000000e-07   8.23723478e-03   5.08532629e-03   2.63125338e-03  -1.11173390e-16   2.02995630e-16  -4.42898064e-17
  2.32000000e-07   8.23912087e-03   5.08494631e-03   2.64415436e-03  -1.10551877e-16   2.03049402e-16  -4.60052670e-17
  2.40000000e-07   8.24103134e-03   5.08452115e-03   2.65703529e-03  -1.09918612e-16   2.03093572e-16  -4.77189143e-17
  2.48000000e-07   8.24296603e-03   5.08405081e-03   2.66989543e-03  -1.09273636e-16   2.03128087e-16  -4.94306419e-17
  2.56000000e-07   8.24492480e-03   5.08353526e-03   2.68273404e-03  -1.08616995e-16   2.03152893e-16  -5.11403433e-17
  2.64000000e-07   8.24690747e-03   5.08297450e-03   2.69555038e-03  -1.07948735e-16   2.03167936e-16  -5.28479121e-17
  2.72000000e-07   8.24891389e-03   5.08236849e-03   2.70834371e-03  -1.07268904e-16   2.03173163e-16  -5.45532415e-17
  2.80000000e-07   8.25094391e-03   5.08171724e-03   2.72111331e-03  -1.06577552e-16   2.03168518e-16  -5.62562246e-17
  2.88000000e-07   8.25299734e-03   5.08102074e-03   2.73385842e-03  -1.05874730e-16   2.03153949e-16  -5.79567544e-17
  2.96000000e-07   8.25507403e-03   5.08027898e-03   2.74657833e-03  -1.05160493e-16   2.03129400e-16  -5.96547237e-17
  3.04000000e-07   8.25717380e-03   5.07949195e-03   2.75927229e-03  -1.04434894e-16   2.03094818e-16  -6.13500253e-17
  3.12000000e-07   8.25929649e-03   5.07865966e-03   2.77193958e-03  -1.03697991e-16   2.03050149e-16  -6.30425517e-17
  3.20000000e-07   8.26144190e-03   5.07778209e-03   2.78457946e-03  -1.02949844e-16   2.02995339e-16  -6.47321955e-17
  3.28000000e-07   8.26360988e-03   5.07685927e-03   2.79719121e-03  -1.02190511e-16   2.02930333e-16  -6.64188490e-17
  3.36000000e-07   8.26580023e-03   5.07589118e-03   2.80977409e-03  -1.01420057e-16   2.02855078e-16  -6.81024046e-17
  3.44000000e-07   8.26801278e-03   5.07487784e-03   2.82232739e-03  -1.00638543e-16   2.02769520e-16  -6.97827544e-17
  3.52000000e-07   8.27024734e-03   5.07381926e-03   2.83485037e-03  -9.98460374e-17   2.02673605e-16  -7.14597906e-17
  3.60000000e-07   8.27250372e-03   5.07271544e-03   2.84734232e-03  -9.90426063e-17   2.02567280e-16  -7.31334053e-17
  3.68000000e-07   8.27478173e-03   5.07156641e-03   2.85980250e-03  -9.82283193e-17   2.02450491e-16  -7.48034905e-17
  3.76000000e-07   8.27708119e-03   5.07037218e-03   2.87223021e-03  -9.74032475e-17   2.02323186e-16  -7.64699382e-17
  3.84000000e-07   8.27940189e-03   5.06913277e-03   2.88462472e-03  -9.65674636e-17   2.02185311e-16  -7.81326402e-17
  3.92000000e-07   8.28174364e-03   5.06784819e-03   2.89698531e-03  -9.57210420e-17   2.02036814e-16  -7.97914885e-17
  4.00000000e-07   8.28410624e-03   5.06651848e-03   2.90931127e-03  -9.48640591e-17   2.01877641e-16  -8.14463748e-17
  4.08000000e-07   8.28648948e-03   5.06514366e-03   2.92160189e-03  -9.39965928e-17   2.01707741e-16  -8.30971911e-17
  4.16000000e-07   8.28889318e-03   5.06372376e-03   2.93385645e-03  -9.31187227e-17   2.01527063e-16  -8.47438292e-17
  4.24000000e-07   8.29131711e-03   5.06225881e-03   2.94607424e-03  -9.22305301e-17   2.01335553e-16  -8.63861808e-17
  4.32000000e-07   8.29376108e-03   5.06074883e-03   2.95825456e-03  -9.13320983e-17   2.01133161e-16  -8.80241380e-17
  4.40000000e-07   8.29622487e-03   5.05919388e-03   2.97039669e-03  -9.04235119e-17   2.00919836e-16  -8.96575924e-17
  4.48000000e-07   8.29870827e-03   5.05759399e-03   2.98249994e-03  -8.95048574e-17   2.00695527e-16  -9.12864360e-17
  4.56000000e-07   8.30121106e-03   5.05594919e-03   2.99456360e-03  -8.85762230e-17   2.00460184e-16  -9.29105608e-17
  4.64000000e-07   8.30373304e-03   5.05425953e-03   3.00658697e-03  -8.76376985e-17   2.00213758e-16  -9.45298586e-17
  4.72000000e-07   8.30627397e-03   5.05252506e-03   3.01856935e-03  -8.66893754e-17   1.99956198e-16  -9.61442216e-17
  4.80000000e-07   8.30883364e-03   5.05074583e-03   3.03051006e-03  -8.57313467e-17   1.99687457e-16  -9.77535418e-17
  4.88000000e-07   8.31141182e-03   5.04892188e-03   3.04240838e-03  -8.47637073e-17   1.99407485e-16  -9.93577114e-17
  4.96000000e-07   8.31400830e-03   5.04705327e-03   3.05426363e-03  -8.37865537e-17   1.99116235e-16  -1.00956623e-16
  5.04000000e-07   8.31662284e-03   5.04514006e-03   3.06607513e-03  -8.27999837e-17   1.98813659e-16  -1.02550168e-16
  5.12000000e-07   8.31925522e-03   5.04318230e-03   3.07784218e-03  -8.18040972e-17   1.98499711e-16  -1.04138240e-16
  5.20000000e-07   8.32190520e-03   5.04118006e-03   3.08956411e-03  -8.07989952e-17   1.98174344e-16  -1.05720730e-16
  5.28000000e-07   8.32457255e-03   5.03913339e-03   3.10124022e-03  -7.97847808e-17   1.97837513e-16  -1.07297533e-16
  5.36000000e-07   8.32725704e-03   5.03704237e-03   3.11286984e-03  -7.87615582e-17   1.97489173e-16  -1.08868540e-16
  5.44000000e-07   8.32995842e-03   5.03490707e-03   3.12445229e-03  -7.77294335e-17   1.97129280e-16  -1.10433645e-16
  5.52000000e-07   8.33267647e-03   5.03272755e-03   3.13598690e-03  -7.66885142e-17   1.96757788e-16  -1.11992740e-16
  5.60000000e-07   8.33541093e-03   5.03050390e-03   3.14747299e-03  -7.56389094e-17   1.96374657e-16  -1.13545719e-16
  5.68000000e-07   8.33816157e-03   5.02823618e-03   3.15890990e-03  -7.45807297e-17   1.95979843e-16  -1.15092476e-16
  5.76000000e-07   8.34092815e-03   5.02592448e-03   3.17029696e-03  -7.35140872e-17   1.95573305e-16  -1.16632904e-16
  5.84000000e-07   8.34371040e-03   5.02356887e-03   3.18163351e-03  -7.24390954e-17   1.95155002e-16  -1.18166897e-16
  5.92000000e-07   8.34650810e-03   5.02116945e-03   3.19291888e-03  -7.13558696e-17   1.94724894e-16  -1.19694348e-16
  6.00000000e-07   8.34932099e-03   5.01872630e-03   3.20415242e-03  -7.02645262e-17   1.94282942e-16  -1.21215153e-16
  6.08000000e-07   8.35214881e-03   5.01623951e-03   3.21533347e-03  -6.91651832e-17   1.93829107e-16  -1.22729206e-16
  6.16000000e-07   8.35499132e-03   5.01370918e-03   3.22646137e-03  -6.80579601e-17   1.93363353e-16  -1.24236402e-16
  6.24000000e-07   8.35784826e-03   5.01113539e-03   3.23753549e-03  -6.69429777e-17   1.92885642e-16  -1.25736635e-16
  6.32000000e-07   8.36071936e-03   5.00851825e-03   3.24855517e-03  -6.58203583e-17   1.92395938e-16  -1.27229800e-16
  6.40000000e-07   8.36360439e-03   5.00585786e-03   3.25951977e-03  -6.46902255e-17   1.91894208e-16  -1.28715794e-16
  6.48000000e-07   8.36650306e-03   5.00315433e-03   3.27042865e-03  -6.35527043e-17   1.91380416e-16  -1.30194512e-16
  6.56000000e-07   8.36941514e-03   5.00040775e-03   3.28128118e-03  -6.24079211e-17   1.90854531e-16  -1.31665850e-16
  6.64000000e-07   8.37234034e-03   4.99761824e-03   3.29207671e-03  -6.12560035e-17   1.90316520e-16  -1.33129705e-16
  6.72000000e-07   8.37527840e-03   4.99478590e-03   3.30281462e-03  -6.00970805e-17   1.89766352e-16  -1.34585973e-16
  6.80000000e-07   8.37822907e-03   4.99191087e-03   3.31349428e-03  -5.89312825e-17   1.89203998e-16  -1.36034552e-16
  6.88000000e-07   8.38119207e-03   4.98899324e-03   3.32411507e-03  -5.77587408e-17   1.88629428e-16  -1.37475338e-16
  6.96000000e-07   8.38416714e-03   4.98603314e-03   3.33467637e-03  -5.65795884e-17   1.88042616e-16  -1.38908229e-16
  7.04000000e-07   8.38715400e-03   4.98303070e-03   3.34517756e-03  -5.53939592e-17   1.87443534e-16  -1.40333124e-16
  7.12000000e-07   8.39015238e-03   4.97998604e-03   3.35561803e-03  -5.42019885e-17   1.86832157e-16  -1.41749921e-16
  7.20000000e-07   8.39316201e-03   4.97689929e-03   3.36599716e-03  -5.30038127e-17   1.86208461e-16  -1.43158519e-16
  7.28000000e-07   8.39618262e-03   4.97377057e-03   3.37631435e-03  -5.17995693e-17   1.85572422e-16  -1.44558816e-16
  7.36000000e-07   8.39921392e-03   4.97060003e-03   3.38656900e-03  -5.05893972e-17   1.84924018e-16  -1.45950714e-16
  7.44000000e-07   8.37753743e-03   4.95246657e-03   3.40150666e-03  -4.90490227e-17   1.83864079e-16  -1.46896869e-16
  7.52000000e-07   8.38023925e-03   4.94897596e-03   3.41162097e-03  -4.78270882e-17   1.83189472e-16  -1.48257340e-16
  7.60000000e-07   8.38295172e-03   4.94544459e-03   3.42167136e-03  -4.65997918e-17   1.82502649e-16  -1.49609030e-16
  7.68000000e-07   8.38567456e-03   4.94187260e-03   3.43165727e-03  -4.53672766e-17   1.81803596e-16  -1.50951844e-16
  7.76000000e-07   8.38840752e-03   4.93826016e-03   3.44157810e-03  -4.41296863e-17   1.81092298e-16  -1.52285688e-16
  7.84000000e-07   8.39115031e-03   4.93460743e-03   3.45143330e-03  -4.28871660e-17   1.80368744e-16  -1.53610468e-16
  7.92000000e-07   8.39390268e-03   4.93091456e-03   3.46122230e-03  -4.16398615e-17   1.79632921e-16  -1.54926091e-16
  8.00000000e-07   8.39666434e-03   4.92718174e-03   3.47094452e-03  -4.03879195e-17   1.78884821e-16  -1.56232466e-16
  8.08000000e-07   8.39943504e-03   4.92340912e-03   3.48059941e-03  -3.91314876e-17   1.78124435e-16  -1.57529498e-16
  8.16000000e-07   8.40221449e-03   4.91959687e-03   3.49018642e-03  -3.78707142e-17   1.77351756e-16  -1.58817098e-16
  8.24000000e-07   8.40500242e-03   4.91574518e-03   3.49970499e-03  -3.66057486e-17   1.76566778e-16  -1.60095175e-16
  8.32000000e-07   8.40779855e-03   4.91185422e-03   3.50915457e-03  -3.53367410e-17   1.75769496e-16  -1.61363637e-16
  8.40000000e-07   8.41060262e-03   4.90792417e-03   3.51853462e-03  -3.40638421e-17   1.74959909e-16  -1.62622395e-16
  8.48000000e-07   8.41341434e-03   4.90395521e-03   3.52784460e-03  -3.27872035e-17   1.74138014e-16  -1.63871360e-16
  8.56000000e-07   8.41623344e-03   4.89994752e-03   3.53708398e-03  -3.15069775e-17   1.73303811e-16  -1.65110443e-16
  8.64000000e-07   8.41905963e-03   4.89590130e-03   3.54625222e-03  -3.02233172e-17   1.72457302e-16  -1.66339557e-16
  8.72000000e-07   8.42189265e-03   4.89181674e-03   3.55534880e-03  -2.89363761e-17   1.71598490e-16  -1.67558613e-16
  8.80000000e-07   8.42473220e-03   4.88769402e-03   3.56437319e-03  -2.76463086e-17   1.70727378e-16  -1.68767525e-16
  8.88000000e-07   8.42757801e-03   4.88353336e-03   3.57332487e-03  -2.63532695e-17   1.69843973e-16  -1.69966207e-16
  8.96000000e-07   8.43042980e-03   4.87933493e-03   3.58220334e-03  -2.50574144e-17   1.68948282e-16  -1.71154573e-16
  9.04000000e-07   8.43328728e-03   4.87509895e-03   3.59100809e-03  -2.37588992e-17   1.68040314e-16  -1.72332538e-16
  9.12000000e-07   8.43615018e-03   4.87082563e-03   3.59973860e-03  -2.24578805e-17   1.67120080e-16  -1.73500019e-16
  9.20000000e-07   8.43901820e-03   4.86651516e-03   3.60839438e-03  -2.11545154e-17   1.66187591e-16  -1.74656931e-16
  9.28000000e-07   8.44189108e-03   4.86216776e-03   3.61697493e-03  -1.98489613e-17   1.65242861e-16  -1.75803193e-16
  9.36000000e-07   8.44476851e-03   4.85778364e-03   3.62547976e-03  -1.85413761e-17   1.64285905e-16  -1.76938720e-16
  9.44000000e-07   8.44765023e-03   4.85336302e-03   3.63390839e-03  -1.72319183e-17   1.63316739e-16  -1.78063433e-16
  9.52000000e-07   8.45053593e-03   4.84890611e-03   3.64226033e-03  -1.59207465e-17   1.62335384e-16  -1.79177251e-16
  9.60000000e-07   8.45342535e-03   4.84441314e-03   3.65053511e-03  -1.46080197e-17   1.61341857e-16  -1.80280093e-16
  9.68000000e-07   8.45631819e-03   4.83988432e-03   3.65873225e-03  -1.32938973e-17   1.60336182e-16  -1.81371880e-16
  9.76000000e-07   8.45921416e-03   4.83531990e-03   3.66685129e-03  -1.19785391e-17   1.59318381e-16  -1.82452534e-16
  9.84000000e-07   8.46211299e-03   4.83072008e-03   3.67489176e-03  -1.06621048e-17   1.58288479e-16  -1.83521976e-16
  9.92000000e-07   8.46501437e-03   4.82608511e-03   3.68285321e-03  -9.34475456e-18   1.57246503e-16  -1.84580130e-16
  1.00000000e-06   8.46791804e-03   4.82141522e-03   3.69073518e-03  -8.02664875e-18   1.56192481e-16  -1.85626920e-16
  1.00800000e-06   8.47082370e-03   4.81671065e-03   3.69853722e-03  -6.70794780e-18   1.55126444e-16  -1.86662270e-16
  1.01600000e-06   8.47373106e-03   4.81197164e-03   3.70625889e-03  -5.38881231e-18   1.54048423e-16  -1.87686105e-16
  1.02400000e-06   8.47663984e-03   4.80719842e-03   3.71389975e-03  -4.06940297e-18   1.52958451e-16  -1.88698352e-16
  1.03200000e-06   8.47954974e-03   4.80239125e-03   3.72145937e-03  -2.74988053e-18   1.51856564e-16  -1.89698937e-16
  1.04000000e-06   8.48246049e-03   4.79755037e-03   3.72893732e-03  -1.43040579e-18   1.50742799e-16  -1.90687788e-16
  1.04800000e-06   8.48537180e-03   4.79267603e-03   3.73633318e-03  -1.11139516e-19   1.49617194e-16  -1.91664834e-16
  1.05600000e-06   8.48828337e-03   4.78776848e-03   3.74364653e-03   1.20775752e-18   1.48479789e-16  -1.92630003e-16
  1.06400000e-06   8.49119492e-03   4.78282799e-03   3.75087695e-03   2.52612462e-18   1.47330627e-16  -1.93583227e-16
  1.07200000e-06   8.49410617e-03   4.77785480e-03   3.75802403e-03   3.84380121e-18   1.46169752e-16  -1.94524437e-16
  1.08000000e-06   8.49701682e-03   4.77284919e-03   3.76508738e-03   5.16062679e-18   1.44997210e-16  -1.95453564e-16
  1.08800000e-06   8.49992660e-03   4.76781140e-03   3.77206660e-03   6.47644107e-18   1.43813047e-16  -1.96370541e-16
  1.09600000e-06   8.50283521e-03   4.76274172e-03   3.77896129e-03   7.79108392e-18   1.42617313e-16  -1.97275302e-16
  1.10400000e-06   8.50574236e-03   4.75764040e-03   3.78577107e-03   9.10439545e-18   1.41410059e-16  -1.98167781e-16
  1.11200000e-06   8.50864778e-03   4.75250772e-03   3.79249555e-03   1.04162160e-17   1.40191338e-16  -1.99047914e-16
  1.12000000e-06   8.51155118e-03   4.74734395e-03   3.79913436e-03   1.17263863e-17   1.38961204e-16  -1.99915638e-16
  1.12800000e-06   8.51445226e-03   4.74214936e-03   3.80568712e-03   1.30347472e-17   1.37719714e-16  -2.00770890e-16
  1.13600000e-06   8.51735076e-03   4.73692425e-03   3.81215348e-03   1.43411402e-17   1.36466926e-16  -2.01613607e-16
  1.14400000e-06   8.52024637e-03   4.73166888e-03   3.81853306e-03   1.56454068e-17   1.35202900e-16  -2.02443729e-16
  1.15200000e-06   8.52313883e-03   4.72638354e-03   3.82482552e-03   1.69473893e-17   1.33927697e-16  -2.03261197e-16
  1.16000000e-06   8.52602783e-03   4.72106852e-03   3.83103051e-03   1.82469301e-17   1.32641381e-16  -2.04065951e-16
  1.16800000e-06   8.52891311e-03   4.71572410e-03   3.83714767e-03   1.95438725e-17   1.31344017e-16  -2.04857933e-16
  1.17600000e-06   8.53179438e-03   4.71035058e-03   3.84317668e-03   2.08380599e-17   1.30035673e-16  -2.05637086e-16
  1.18400000e-06   8.53467136e-03   4.70494825e-03   3.84911719e-03   2.21293365e-17   1.28716417e-16  -2.06403354e-16
  1.19200000e-06   8.53754376e-03   4.69951741e-03   3.85496889e-03   2.34175471e-17   1.27386321e-16  -2.07156682e-16
  1.20000000e-06   8.54041131e-03   4.69405835e-03   3.86073144e-03   2.47025368e-17   1.26045455e-16  -2.07897016e-16
  1.20800000e-06   8.54327373e-03   4.68857138e-03   3.86640453e-03   2.59841517e-17   1.24693896e-16  -2.08624303e-16
  1.21600000e-06   8.54613073e-03   4.68305679e-03   3.87198786e-03   2.72622385e-17   1.23331718e-16  -2.09338491e-16
  1.22400000e-06   8.54898205e-03   4.67751490e-03   3.87748111e-03   2.85366444e-17   1.21959000e-16  -2.10039528e-16
  1.23200000e-06   8.55182739e-03   4.67194601e-03   3.88288398e-03   2.98072176e-17   1.20575822e-16  -2.10727365e-16
  1.24000000e-06   8.55466649e-03   4.66635043e-03   3.88819618e-03   3.10738069e-17   1.19182264e-16  -2.11401952e-16
  1.24800000e-06   8.55749907e-03   4.66072847e-03   3.89341743e-03   3.23362620e-17   1.17778410e-16  -2.12063241e-16
  1.25600000e-06   8.56032485e-03   4.65508045e-03   3.89854744e-03   3.35944334e-17   1.16364344e-16  -2.12711186e-16
  1.26400000e-06   8.56314356e-03   4.64940669e-03   3.90358592e-03   3.48481724e-17   1.14940155e-16  -2.13345740e-16
  1.27200000e-06   8.56595493e-03   4.64370750e-03   3.90853262e-03   3.60973312e-17   1.13505928e-16  -2.13966858e-16
  1.28000000e-06   8.56875868e-03   4.63798321e-03   3.91338727e-03   3.73417632e-17   1.12061756e-16  -2.14574496e-16
  1.28800000e-06   8.58193944e-03   4.63886682e-03   3.92099376e-03   3.85830019e-17   1.10721442e-16  -2.15440029e-16
  1.29600000e-06   8.58491684e-03   4.63319507e-03   3.92568518e-03   3.98197865e-17   1.09255810e-16  -2.16026756e-16
  1.30400000e-06   8.58788702e-03   4.62749966e-03   3.93028331e-03   4.10514480e-17   1.07780397e-16  -2.16599894e-16
  1.31200000e-06   8.59084971e-03   4.62178093e-03   3.93478790e-03   4.22778433e-17   1.06295299e-16  -2.17159401e-16
  1.32000000e-06   8.59380464e-03   4.61603921e-03   3.93919873e-03   4.34988301e-17   1.04800615e-16  -2.17705238e-16
  1.32800000e-06   8.59675154e-03   4.61027482e-03   3.94351554e-03   4.47142674e-17   1.03296444e-16  -2.18237365e-16
  1.33600000e-06   8.59969013e-03   4.60448809e-03   3.94773812e-03   4.59240153e-17   1.01782886e-16  -2.18755743e-16
  1.34400000e-06   8.60262015e-03   4.59867938e-03   3.95186625e-03   4.71279350e-17   1.00260045e-16  -2.19260337e-16
  1.35200000e-06   8.60554134e-03   4.59284901e-03   3.95589970e-03   4.83258889e-17   9.87280249e-17  -2.19751109e-16
  1.36000000e-06   8.60845342e-03   4.58699733e-03   3.95983827e-03   4.95177406e-17   9.71869319e-17  -2.20228025e-16
  1.36800000e-06   8.61135613e-03   4.58112468e-03   3.96368175e-03   5.07033550e-17   9.56368739e-17  -2.20691051e-16
  1.37600000e-06   8.61424920e-03   4.57523140e-03   3.96742994e-03   5.18825982e-17   9.40779602e-17  -2.21140154e-16
  1.38400000e-06   8.61713238e-03   4.56931783e-03   3.97108265e-03   5.30553375e-17   9.25103018e-17  -2.21575302e-16
  1.39200000e-06   8.62000540e-03   4.56338434e-03   3.97463970e-03   5.42214418e-17   9.09340114e-17  -2.21996465e-16
  1.40000000e-06   8.62286800e-03   4.55743125e-03   3.97810090e-03   5.53807811e-17   8.93492033e-17  -2.22403614e-16
  1.40800000e-06   8.62571992e-03   4.55145894e-03   3.98146608e-03   5.65332268e-17   8.77559932e-17  -2.22796719e-16
  1.41600000e-06   8.62856091e-03   4.54546775e-03   3.98473508e-03   5.76786519e-17   8.61544987e-17  -2.23175754e-16
  1.42400000e-06   8.63139071e-03   4.53945803e-03   3.98790772e-03   5.88169305e-17   8.45448386e-17  -2.23540693e-16
  1.43200000e-06   8.63420906e-03   4.53343015e-03   3.99098385e-03   5.99479385e-17   8.29271334e-17  -2.23891510e-16
  1.44000000e-06   8.63701571e-03   4.52738445e-03   3.99396332e-03   6.10715530e-17   8.13015053e-17  -2.24228182e-16
  1.44800000e-06   8.63981041e-03   4.52132131e-03   3.99684599e-03   6.21876528e-17   7.96680775e-17  -2.24550685e-16
  1.45600000e-06   8.64259291e-03   4.51524109e-03   3.99963173e-03   6.32961181e-17   7.80269753e-17  -2.24858999e-16
  1.46400000e-06   8.64536296e-03   4.50914414e-03   4.00232039e-03   6.43968308e-17   7.63783250e-17  -2.25153103e-16
  1.47200000e-06   8.64812032e-03   4.50303083e-03   4.00491185e-03   6.54896741e-17   7.47222546e-17  -2.25432976e-16
  1.48000000e-06   8.65086473e-03   4.49690153e-03   4.00740599e-03   6.65745330e-17   7.30588934e-17  -2.25698602e-16
  1.48800000e-06   8.65359595e-03   4.49075661e-03   4.00980270e-03   6.76512942e-17   7.13883721e-17  -2.25949962e-16
  1.49600000e-06   8.65631375e-03   4.48459643e-03   4.01210187e-03   6.87198459e-17   6.97108229e-17  -2.26187042e-16
  1.50400000e-06   8.65901787e-03   4.47842137e-03   4.01430340e-03   6.97800780e-17   6.80263793e-17  -2.26409826e-16
  1.51200000e-06   8.66170809e-03   4.47223180e-03   4.01640720e-03   7.08318821e-17   6.63351762e-17  -2.26618300e-16
  1.52000000e-06   8.66438416e-03   4.46602810e-03   4.01841316e-03   7.18751515e-17   6.46373497e-17  -2.26812452e-16
  1.52800000e-06   8.66704585e-03   4.45981064e-03   4.02032122e-03   7.29097812e-17   6.29330373e-17  -2.26992271e-16
  1.53600000e-06   8.66969292e-03   4.45357979e-03   4.02213130e-03   7.39356680e-17   6.12223777e-17  -2.27157746e-16
  1.54400000e-06   8.67232514e-03   4.44733594e-03   4.02384332e-03   7.49527105e-17   5.95055111e-17  -2.27308869e-16
  1.55200000e-06   8.67494228e-03   4.44107947e-03   4.02545722e-03   7.59608091e-17   5.77825786e-17  -2.27445631e-16
  1.56000000e-06   8.67754412e-03   4.43481074e-03   4.02697294e-03   7.69598658e-17   5.60537228e-17  -2.27568026e-16
  1.56800000e-06   8.68013042e-03   4.42853016e-03   4.02839043e-03   7.79497847e-17   5.43190873e-17  -2.27676048e-16
  1.57600000e-06   8.68270096e-03   4.42223810e-03   4.02970964e-03   7.89304715e-17   5.25788168e-17  -2.27769693e-16
  1.58400000e-06   8.68525552e-03   4.41593494e-03   4.03093054e-03   7.99018341e-17   5.08330575e-17  -2.27848958e-16
  1.59200000e-06   8.68779388e-03   4.40962107e-03   4.03205308e-03   8.08637819e-17   4.90819563e-17  -2.27913839e-16
  1.60000000e-06   8.69031581e-03   4.40329687e-03   4.03307725e-03   8.18162264e-17   4.73256615e-17  -2.27964338e-16
  1.60800000e-06   8.69282110e-03   4.39696274e-03   4.03400301e-03   8.27590810e-17   4.55643223e-17  -2.28000453e-16
  1.61600000e-06   8.69530954e-03   4.39061907e-03   4.03483037e-03   8.36922610e-17   4.37980889e-17  -2.28022186e-16
  1.62400000e-06   8.69778091e-03   4.38426623e-03   4.03555930e-03   8.46156837e-17   4.20271127e-17  -2.28029540e-16
  1.63200000e-06   8.70023500e-03   4.37790463e-03   4.03618980e-03   8.55292681e-17   4.02515460e-17  -2.28022518e-16
  1.64000000e-06   8.70267160e-03   4.37153466e-03   4.03672188e-03   8.64329356e-17   3.84715419e-17  -2.28001126e-16
  1.64800000e-06   8.70509050e-03   4.36515670e-03   4.03715554e-03   8.73266092e-17   3.66872547e-17  -2.27965369e-16
  1.65600000e-06   8.70749150e-03   4.35877115e-03   4.03749081e-03   8.82102142e-17   3.48988394e-17  -2.27915254e-16
  1.66400000e-06   8.68760000e-03   4.34155251e-03   4.03267624e-03   8.89722341e-17   3.30648972e-17  -2.27270456e-16
  1.67200000e-06   8.68969340e-03   4.33503962e-03   4.03279971e-03   8.98310926e-17   3.12770258e-17  -2.27185049e-16
  1.68000000e-06   8.69176768e-03   4.32851992e-03   4.03282571e-03   9.06796666e-17   2.94856609e-17  -2.27085406e-16
  1.68800000e-06   8.69382265e-03   4.32199382e-03   4.03275431e-03   9.15178904e-17   2.76909601e-17  -2.26971543e-16
  1.69600000e-06   8.69585814e-03   4.31546170e-03   4.03258554e-03   9.23457003e-17   2.58930818e-17  -2.26843474e-16
  1.70400000e-06   8.69787397e-03   4.30892398e-03   4.03231946e-03   9.31630349e-17   2.40921851e-17  -2.26701217e-16
  1.71200000e-06   8.69986995e-03   4.30238106e-03   4.03195614e-03   9.39698346e-17   2.22884295e-17  -2.26544790e-16
  1.72000000e-06   8.70184593e-03   4.29583333e-03   4.03149564e-03   9.47660419e-17   2.04819755e-17  -2.26374212e-16
  1.72800000e-06   8.70380172e-03   4.28928120e-03   4.03093803e-03   9.55516016e-17   1.86729840e-17  -2.26189504e-16
  1.73600000e-06   8.70573716e-03   4.28272508e-03   4.03028340e-03   9.63264602e-17   1.68616165e-17  -2.25990687e-16
  1.74400000e-06   8.70765208e-03   4.27616536e-03   4.02953183e-03   9.70905667e-17   1.50480349e-17  -2.25777783e-16
  1.75200000e-06   8.70954632e-03   4.26960246e-03   4.02868341e-03   9.78438719e-17   1.32324019e-17  -2.25550816e-16
  1.76000000e-06   8.71141971e-03   4.26303678e-03   4.02773825e-03   9.85863289e-17   1.14148804e-17  -2.25309811e-16
  1.76800000e-06   8.71327210e-03   4.25646871e-03   4.02669644e-03   9.93178928e-17   9.59563403e-18  -2.25054795e-16
  1.77600000e-06   8.71510333e-03   4.24989868e-03   4.02555809e-03   1.00038521e-16   7.77482655e-18  -2.24785794e-16
  1.78400000e-06   8.71691324e-03   4.24332708e-03   4.02432333e-03   1.00748172e-16   5.95262231e-18  -2.24502836e-16
  1.79200000e-06   8.71870169e-03   4.23675432e-03   4.02299227e-03   1.01446809e-16   4.12918594e-18  -2.24205951e-16
  1.80000000e-06   8.72046851e-03   4.23018081e-03   4.02156504e-03   1.02134394e-16   2.30468243e-18  -2.23895170e-16
  1.80800000e-06   8.72221357e-03   4.22360696e-03   4.02004178e-03   1.02810893e-16   4.79277061e-19  -2.23570523e-16
  1.81600000e-06   8.72393672e-03   4.21703316e-03   4.01842261e-03   1.03476274e-16  -1.34686461e-18  -2.23232044e-16
  1.82400000e-06   8.72563782e-03   4.21045984e-03   4.01670770e-03   1.04130507e-16  -3.17357680e-18  -2.22879765e-16
  1.83200000e-06   8.72731672e-03   4.20388739e-03   4.01489719e-03   1.04773564e-16  -5.00069349e-18  -2.22513723e-16
  1.84000000e-06   8.72897329e-03   4.19731622e-03   4.01299124e-03   1.05405419e-16  -6.82804852e-18  -2.22133953e-16
  1.84800000e-06   8.73060739e-03   4.19074674e-03   4.01099001e-03   1.06026048e-16  -8.65547553e-18  -2.21740491e-16
  1.85600000e-06   8.73221889e-03   4.18417937e-03   4.00889368e-03   1.06635431e-16  -1.04828081e-17  -2.21333377e-16
  1.86400000e-06   8.73380766e-03   4.17761450e-03   4.00670240e-03   1.07233546e-16  -1.23098796e-17  -2.20912648e-16
  1.87200000e-06   8.73537357e-03   4.17105254e-03   4.00441638e-03   1.07820378e-16  -1.41365236e-17  -2.20478346e-16
  1.88000000e-06   8.73691650e-03   4.16449390e-03   4.00203578e-03   1.08395910e-16  -1.59625733e-17  -2.20030511e-16
  1.88800000e-06   8.73843632e-03   4.15793898e-03   3.99956081e-03   1.08960130e-16  -1.77878622e-17  -2.19569185e-16
  1.89600000e-06   8.73993290e-03   4.15138821e-03   3.99699166e-03   1.09513025e-16  -1.96122237e-17  -2.19094413e-16
  1.90400000e-06   8.74140614e-03   4.14484197e-03   3.99432854e-03   1.10054589e-16  -2.14354911e-17  -2.18606237e-16
  1.91200000e-06   8.74285592e-03   4.13830068e-03   3.99157166e-03   1.10584812e-16  -2.32574982e-17  -2.18104704e-16
  1.92000000e-06   8.74428212e-03   4.13176474e-03   3.98872123e-03   1.11103691e-16  -2.50780785e-17  -2.17589861e-16
  1.92800000e-06   8.74568463e-03   4.12523456e-03   3.98577747e-03   1.11611222e-16  -2.68970660e-17  -2.17061753e-16
  1.93600000e-06   8.74706334e-03   4.11871055e-03   3.98274060e-03   1.12107406e-16  -2.87142945e-17  -2.16520431e-16
  1.94400000e-06   8.74841815e-03   4.11219310e-03   3.97961087e-03   1.12592242e-16  -3.05295985e-17  -2.15965942e-16
  1.95200000e-06   8.74974895e-03   4.10568263e-03   3.97638850e-03   1.13065735e-16  -3.23428122e-17  -2.15398338e-16
  1.96000000e-06   8.75105564e-03   4.09917954e-03   3.97307375e-03   1.13527890e-16  -3.41537705e-17  -2.14817670e-16
  1.96800000e-06   8.75233813e-03   4.09268422e-03   3.96966686e-03   1.13978714e-16  -3.59623085e-17  -2.14223991e-16
  1.97600000e-06   8.75359631e-03   4.08619710e-03   3.96616808e-03   1.14418217e-16  -3.77682614e-17  -2.13617353e-16
  1.98400000e-06   8.75483010e-03   4.07971855e-03   3.96257768e-03   1.14846410e-16  -3.95714651e-17  -2.12997810e-16
  1.99200000e-06   8.75603939e-03   4.07324900e-03   3.95889591e-03   1.15263307e-16  -4.13717556e-17  -2.12365419e-16
  2.00000000e-06   8.75722411e-03   4.06678884e-03   3.95512306e-03   1.15668922e-16  -4.31689694e-17  -2.11720235e-16
  2.00800000e-06   8.75838416e-03   4.06033846e-03   3.95125940e-03   1.16063273e-16  -4.49629436e-17  -2.11062316e-16
  2.01600000e-06   8.79325730e-03   4.07059359e-03   3.95091126e-03   1.16646064e-16  -4.69812240e-17  -2.11206309e-16
  2.02400000e-06   8.79465293e-03   4.06427598e-03   3.94685276e-03   1.17022843e-16  -4.87822390e-17  -2.10524905e-16
  2.03200000e-06   8.79602381e-03   4.05796944e-03   3.94270366e-03   1.17388387e-16  -5.05796308e-17  -2.09830746e-16
  2.04000000e-06   8.79736985e-03   4.05167434e-03   3.93846426e-03   1.17742721e-16  -5.23732358e-17  -2.09123889e-16
  2.04800000e-06   8.79869094e-03   4.04539110e-03   3.93413485e-03   1.18085870e-16  -5.41628909e-17  -2.08404396e-16
  2.05600000e-06   8.79998701e-03   4.03912009e-03   3.92971575e-03   1.18417862e-16  -5.59484337e-17  -2.07672325e-16
  2.06400000e-06   8.80125796e-03   4.03286171e-03   3.92520728e-03   1.18738728e-16  -5.77297022e-17  -2.06927739e-16
  2.07200000e-06   8.80250370e-03   4.02661635e-03   3.92060974e-03   1.19048498e-16  -5.95065352e-17  -2.06170701e-16
  2.08000000e-06   8.80372416e-03   4.02038441e-03   3.91592348e-03   1.19347207e-16  -6.12787720e-17  -2.05401273e-16
  2.08800000e-06   8.80491925e-03   4.01416626e-03   3.91114881e-03   1.19634889e-16  -6.30462527e-17  -2.04619520e-16
  2.09600000e-06   8.80608890e-03   4.00796229e-03   3.90628608e-03   1.19911581e-16  -6.48088181e-17  -2.03825507e-16
  2.10400000e-06   8.80723303e-03   4.00177289e-03   3.90133563e-03   1.20177322e-16  -6.65663095e-17  -2.03019300e-16
  2.11200000e-06   8.80835156e-03   3.99559845e-03   3.89629779e-03   1.20432154e-16  -6.83185694e-17  -2.02200966e-16
  2.12000000e-06   8.80944442e-03   3.98943935e-03   3.89117294e-03   1.20676117e-16  -7.00654406e-17  -2.01370572e-16
  2.12800000e-06   8.81051155e-03   3.98329597e-03   3.88596141e-03   1.20909257e-16  -7.18067671e-17  -2.00528188e-16
  2.13600000e-06   8.81155288e-03   3.97716869e-03   3.88066357e-03   1.21131619e-16  -7.35423934e-17  -1.99673882e-16
  2.14400000e-06   8.81256834e-03   3.97105790e-03   3.87527980e-03   1.21343250e-16  -7.52721652e-17  -1.98807725e-16
  2.15200000e-06   8.81355787e-03   3.96496396e-03   3.86981045e-03   1.21544200e-16  -7.69959288e-17  -1.97929788e-16
  2.16000000e-06   8.81452141e-03   3.95888726e-03   3.86425592e-03   1.21734520e-16  -7.87135315e-17  -1.97040142e-16
  2.16800000e-06   8.81545891e-03   3.95282817e-03   3.85861657e-03   1.21914261e-16  -8.04248216e-17  -1.96138861e-16
  2.17600000e-06   8.81637030e-03   3.94678708e-03   3.85289281e-03   1.22083478e-16  -8.21296483e-17  -1.95226017e-16
  2.18400000e-06   8.81725553e-03   3.94076434e-03   3.84708501e-03   1.22242227e-16  -8.38278617e-17  -1.94301686e-16
  2.19200000e-06   8.81811456e-03   3.93476033e-03   3.84119358e-03   1.22390564e-16  -8.55193131e-17  -1.93365941e-16
  2.20000000e-06   8.81894734e-03   3.92877542e-03   3.83521892e-03   1.22528548e-16  -8.72038545e-17  -1.92418860e-16
  2.20800000e-06   8.81975381e-03   3.92280998e-03   3.82916144e-03   1.22656239e-16  -8.88813393e-17  -1.91460517e-16
  2.21600000e-06   8.82053394e-03   3.91686438e-03   3.82302155e-03   1.22773700e-16  -9.05516217e-17  -1.90490992e-16
  2.22400000e-06   8.82128767e-03   3.91093898e-03   3.81679966e-03   1.22880992e-16  -9.22145572e-17  -1.89510360e-16
  2.23200000e-06   8.82201498e-03   3.90503414e-03   3.81049619e-03   1.22978182e-16  -9.38700021e-17  -1.88518702e-16
  2.24000000e-06   8.82271582e-03   3.89915023e-03   3.80411158e-03   1.23065333e-16  -9.55178143e-17  -1.87516097e-16
  2.24800000e-06   8.82339017e-03   3.89328760e-03   3.79764625e-03   1.23142515e-16  -9.71578524e-17  -1.86502624e-16
  2.25600000e-06   8.82403797e-03   3.88744662e-03   3.79110064e-03   1.23209795e-16  -9.87899763e-17  -1.85478366e-16
  2.26400000e-06   8.82465921e-03   3.88162763e-03   3.78447518e-03   1.23267244e-16  -1.00414047e-16  -1.84443402e-16
  2.27200000e-06   8.82525385e-03   3.87583101e-03   3.77777033e-03   1.23314932e-16  -1.02029928e-16  -1.83397815e-16
  2.28000000e-06   8.82582187e-03   3.87005709e-03   3.77098653e-03   1.23352934e-16  -1.03637481e-16  -1.82341689e-16
  2.28800000e-06   8.82636325e-03   3.86430623e-03   3.76412423e-03   1.23381322e-16  -1.05236572e-16  -1.81275107e-16
  2.29600000e-06   8.82687795e-03   3.85857878e-03   3.75718389e-03   1.23400171e-16  -1.06827067e-16  -1.80198152e-16
  2.30400000e-06   8.82736596e-03   3.85287508e-03   3.75016598e-03   1.23409558e-16  -1.08408833e-16  -1.79110910e-16
  2.31200000e-06   8.82782726e-03   3.84719548e-03   3.74307097e-03   1.23409561e-16  -1.09981739e-16  -1.78013466e-16
  2.32000000e-06   8.82826183e-03   3.84154033e-03   3.73589931e-03   1.23400257e-16  -1.11545654e-16  -1.76905905e-16
  2.32800000e-06   8.82866966e-03   3.83590996e-03   3.72865150e-03   1.23381728e-16  -1.13100451e-16  -1.75788316e-16
  2.33600000e-06   8.82905073e-03   3.83030472e-03   3.72132801e-03   1.23354053e-16  -1.14646002e-16  -1.74660784e-16
  2.34400000e-06   8.82940504e-03   3.82472494e-03   3.71392931e-03   1.23317314e-16  -1.16182180e-16  -1.73523398e-16
  2.35200000e-06   8.82973258e-03   3.81917095e-03   3.70645592e-03   1.23271595e-16  -1.17708862e-16  -1.72376245e-16
  2.36000000e-06   8.83003333e-03   3.81364310e-03   3.69890830e-03   1.23216979e-16  -1.19225923e-16  -1.71219415e-16
  2.36800000e-06   8.83030730e-03   3.80814170e-03   3.69128697e-03   1.23153552e-16  -1.20733243e-16  -1.70052998e-16
  2.37600000e-06   8.83055448e-03   3.80266710e-03   3.68359242e-03   1.23081399e-16  -1.22230700e-16  -1.68877083e-16
  2.38400000e-06   8.83077487e-03   3.79721961e-03   3.67582516e-03   1.23000608e-16  -1.23718176e-16  -1.67691760e-16
  2.39200000e-06   8.83096847e-03   3.79179955e-03   3.66798570e-03   1.22911265e-16  -1.25195554e-16  -1.66497121e-16
  2.40000000e-06   8.83113529e-03   3.78640727e-03   3.66007455e-03   1.22813459e-16  -1.26662716e-16  -1.65293257e-16
  2.40800000e-06   8.83127532e-03   3.78104306e-03   3.65209223e-03   1.22707281e-16  -1.28119550e-16  -1.64080261e-16
  2.41600000e-06   8.83138858e-03   3.77570725e-03   3.64403925e-03   1.22592819e-16  -1.29565941e-16  -1.62858225e-16
  2.42400000e-06   8.83147507e-03   3.77040016e-03   3.63591615e-03   1.22470166e-16  -1.31001777e-16  -1.61627241e-16
  2.43200000e-06   8.83153480e-03   3.76512209e-03   3.62772345e-03   1.22339412e-16  -1.32426950e-16  -1.60387403e-16
  2.44000000e-06   8.83156779e-03   3.75987336e-03   3.61946168e-03   1.22200651e-16  -1.33841350e-16  -1.59138806e-16
  2.44800000e-06   8.83157405e-03   3.75465428e-03   3.61113139e-03   1.22053976e-16  -1.35244871e-16  -1.57881543e-16
  2.45600000e-06   8.83155359e-03   3.74946515e-03   3.60273311e-03   1.21899480e-16  -1.36637406e-16  -1.56615709e-16
  2.46400000e-06   8.83150643e-03   3.74430627e-03   3.59426738e-03   1.21737258e-16  -1.38018852e-16  -1.55341399e-16
  2.47200000e-06   8.83143260e-03   3.73917795e-03   3.58573476e-03   1.21567405e-16  -1.39389107e-16  -1.54058710e-16
  2.48000000e-06   8.83133210e-03   3.73408048e-03   3.57713579e-03   1.21390017e-16  -1.40748069e-16  -1.52767736e-16
  2.48800000e-06   8.83120497e-03   3.72901417e-03   3.56847103e-03   1.21205189e-16  -1.42095639e-16  -1.51468575e-16
  2.49600000e-06   8.83105122e-03   3.72397930e-03   3.55974104e-03   1.21013020e-16  -1.43431720e-16  -1.50161322e-16
  2.50400000e-06   8.83087089e-03   3.71897616e-03   3.55094637e-03   1.20813605e-16  -1.44756215e-16  -1.48846076e-16
  2.51200000e-06   8.83066399e-03   3.71400504e-03   3.54208760e-03   1.20607043e-16  -1.46069031e-16  -1.47522934e-16
  2.52000000e-06   8.83043057e-03   3.70906624e-03   3.53316529e-03   1.20393432e-16  -1.47370073e-16  -1.46191993e-16
  2.52800000e-06   8.83017064e-03   3.70416002e-03   3.52418001e-03   1.20172869e-16  -1.48659252e-16  -1.44853351e-16
  2.53600000e-06   8.82988424e-03   3.69928668e-03   3.51513235e-03   1.19945455e-16  -1.49936476e-16  -1.43507108e-16
  2.54400000e-06   8.82957141e-03   3.69444648e-03   3.50602287e-03   1.19711289e-16  -1.51201658e-16  -1.42153362e-16
  2.55200000e-06   8.82923218e-03   3.68963972e-03   3.49685216e-03   1.19470469e-16  -1.52454712e-16  -1.40792211e-16
  2.56000000e-06   8.82886658e-03   3.68486665e-03   3.48762081e-03   1.19223096e-16  -1.53695553e-16  -1.39423756e-16
  2.56800000e-06   8.82847466e-03   3.68012754e-03   3.47832940e-03   1.18969270e-16  -1.54924097e-16  -1.38048095e-16
  2.57600000e-06   8.82805645e-03   3.67542268e-03   3.46897852e-03   1.18709091e-16  -1.56140263e-16  -1.36665330e-16
  2.58400000e-06   8.82761199e-03   3.67075231e-03   3.45956877e-03   1.18442660e-16  -1.57343971e-16  -1.35275559e-16
  2.59200000e-06   8.82714133e-03   3.66611670e-03   3.45010075e-03   1.18170077e-16  -1.58535143e-16  -1.33878884e-16
  2.60000000e-06   8.82664451e-03   3.66151611e-03   3.44057505e-03   1.17891444e-16  -1.59713701e-16  -1.32475405e-16
  2.60800000e-06   8.82612158e-03   3.65695080e-03   3.43099228e-03   1.17606860e-16  -1.60879572e-16  -1.31065223e-16
  2.61600000e-06   8.82557257e-03   3.65242102e-03   3.42135304e-03   1.17316428e-16  -1.62032682e-16  -1.29648439e-16
  2.62400000e-06   8.82499755e-03   3.64792702e-03   3.41165795e-03   1.17020249e-16  -1.63172958e-16  -1.28225154e-16
  2.63200000e-06   8.78461739e-03   3.62468552e-03   3.39684742e-03   1.16311957e-16  -1.63589266e-16  -1.26233634e-16
  2.64000000e-06   8.78369282e-03   3.62014507e-03   3.38702916e-03   1.16001438e-16  -1.64689301e-16  -1.24806081e-16
  2.64800000e-06   8.78274278e-03   3.61564104e-03   3.37715699e-03   1.15685534e-16  -1.65776348e-16  -1.23372565e-16
  2.65600000e-06   8.78176733e-03   3.61117368e-03   3.36723152e-03   1.15364347e-16  -1.66850345e-16  -1.21933190e-16
  2.66400000e-06   8.78076655e-03   3.60674323e-03   3.35725337e-03   1.15037978e-16  -1.67911231e-16  -1.20488057e-16
  2.67200000e-06   8.77974051e-03   3.60234993e-03   3.34722317e-03   1.14706528e-16  -1.68958948e-16  -1.19037267e-16
  2.68000000e-06   8.77868929e-03   3.59799401e-03   3.33714153e-03   1.14370099e-16  -1.69993440e-16  -1.17580924e-16
  2.68800000e-06   8.77761295e-03   3.59367569e-03   3.32700909e-03   1.14028791e-16  -1.71014652e-16  -1.16119128e-16
  2.69600000e-06   8.77651159e-03   3.58939522e-03   3.31682648e-03   1.13682705e-16  -1.72022530e-16  -1.14651983e-16
  2.70400000e-06   8.77538528e-03   3.58515281e-03   3.30659432e-03   1.13331942e-16  -1.73017023e-16  -1.13179590e-16
  2.71200000e-06   8.77423408e-03   3.58094869e-03   3.29631325e-03   1.12976602e-16  -1.73998079e-16  -1.11702052e-16
  2.72000000e-06   8.77305810e-03   3.57678308e-03   3.28598391e-03   1.12616784e-16  -1.74965652e-16  -1.10219471e-16
  2.72800000e-06   8.77185740e-03   3.57265619e-03   3.27560694e-03   1.12252590e-16  -1.75919693e-16  -1.08731950e-16
  2.73600000e-06   8.77063207e-03   3.56856824e-03   3.26518297e-03   1.11884117e-16  -1.76860158e-16  -1.07239590e-16
  2.74400000e-06   8.76938218e-03   3.56451944e-03   3.25471265e-03   1.11511466e-16  -1.77787003e-16  -1.05742494e-16
  2.75200000e-06   8.76810784e-03   3.56051000e-03   3.24419662e-03   1.11134735e-16  -1.78700186e-16  -1.04240765e-16
  2.76000000e-06   8.76680911e-03   3.55654011e-03   3.23363554e-03   1.10754021e-16  -1.79599667e-16  -1.02734504e-16
  2.76800000e-06   8.76548608e-03   3.55260999e-03   3.22303004e-03   1.10369424e-16  -1.80485406e-16  -1.01223815e-16
  2.77600000e-06   8.76413885e-03   3.54871983e-03   3.21238079e-03   1.09981041e-16  -1.81357367e-16  -9.97087986e-17
  2.78400000e-06   8.76276749e-03   3.54486983e-03   3.20168842e-03   1.09588968e-16  -1.82215513e-16  -9.81895580e-17
  2.79200000e-06   8.76137210e-03   3.54106017e-03   3.19095361e-03   1.09193302e-16  -1.83059812e-16  -9.66661952e-17
  2.80000000e-06   8.75995276e-03   3.53729105e-03   3.18017700e-03   1.08794140e-16  -1.83890229e-16  -9.51388122e-17
  2.80800000e-06   8.75850957e-03   3.53356266e-03   3.16935925e-03   1.08391576e-16  -1.84706734e-16  -9.36075111e-17
  2.81600000e-06   8.75704261e-03   3.52987518e-03   3.15850102e-03   1.07985705e-16  -1.85509299e-16  -9.20723940e-17
  2.82400000e-06   8.75555198e-03   3.52622878e-03   3.14760298e-03   1.07576622e-16  -1.86297894e-16  -9.05335626e-17
  2.83200000e-06   8.75403776e-03   3.52262365e-03   3.13666578e-03   1.07164421e-16  -1.87072494e-16  -8.89911187e-17
  2.84000000e-06   8.75250005e-03   3.51905996e-03   3.12569009e-03   1.06749195e-16  -1.87833074e-16  -8.74451641e-17
  2.84800000e-06   8.75093895e-03   3.51553787e-03   3.11467658e-03   1.06331036e-16  -1.88579611e-16  -8.58958003e-17
  2.85600000e-06   8.74935454e-03   3.51205757e-03   3.10362591e-03   1.05910036e-16  -1.89312083e-16  -8.43431288e-17
  2.86400000e-06   8.74774692e-03   3.50861920e-03   3.09253875e-03   1.05486286e-16  -1.90030469e-16  -8.27872509e-17
  2.87200000e-06   8.74611618e-03   3.50522294e-03   3.08141578e-03   1.05059878e-16  -1.90734752e-16  -8.12282678e-17
  2.88000000e-06   8.74446243e-03   3.50186895e-03   3.07025767e-03   1.04630900e-16  -1.91424914e-16  -7.96662805e-17
  2.88800000e-06   8.74278575e-03   3.49855737e-03   3.05906509e-03   1.04199441e-16  -1.92100939e-16  -7.81013899e-17
  2.89600000e-06   8.74108625e-03   3.49528836e-03   3.04783870e-03   1.03765591e-16  -1.92762813e-16  -7.65336967e-17
  2.90400000e-06   8.73936402e-03   3.49206206e-03   3.03657920e-03   1.03329436e-16  -1.93410523e-16  -7.49633016e-17
  2.91200000e-06   8.73761916e-03   3.48887864e-03   3.02528726e-03   1.02891063e-16  -1.94044058e-16  -7.33903049e-17
  2.92000000e-06   8.73585176e-03   3.48573822e-03   3.01396355e-03   1.02450558e-16  -1.94663408e-16  -7.18148067e-17
  2.92800000e-06   8.73406193e-03   3.48264094e-03   3.00260875e-03   1.02008007e-16  -1.95268564e-16  -7.02369071e-17
  2.93600000e-06   8.73224976e-03   3.47958695e-03   2.99122355e-03   1.01563493e-16  -1.95859520e-16  -6.86567060e-17
  2.94400000e-06   8.76072635e-03   3.48890548e-03   2.97736504e-03   1.01342512e-16  -1.97038227e-16  -6.73032231e-17
  2.95200000e-06   8.75872181e-03   3.48587191e-03   2.96587750e-03   1.00892753e-16  -1.97600828e-16  -6.57074936e-17
  2.96000000e-06   8.75669401e-03   3.48288169e-03   2.95436169e-03   1.00441245e-16  -1.98149052e-16  -6.41098041e-17
  2.96800000e-06   8.75464305e-03   3.47993494e-03   2.94281829e-03   9.99880717e-17  -1.98682896e-16  -6.25102561e-17
  2.97600000e-06   8.75256905e-03   3.47703180e-03   2.93124800e-03   9.95333122e-17  -1.99202362e-16  -6.09089505e-17
  2.98400000e-06   8.75047212e-03   3.47417239e-03   2.91965151e-03   9.90770468e-17  -1.99707453e-16  -5.93059880e-17
  2.99200000e-06   8.74835237e-03   3.47135682e-03   2.90802951e-03   9.86193545e-17  -2.00198171e-16  -5.77014694e-17
  3.00000000e-06   8.74620992e-03   3.46858522e-03   2.89638270e-03   9.81603131e-17  -2.00674523e-16  -5.60954946e-17
  3.00800000e-06   8.74404488e-03   3.46585768e-03   2.88471177e-03   9.76999996e-17  -2.01136514e-16  -5.44881638e-17
  3.01600000e-06   8.74185736e-03   3.46317433e-03   2.87301742e-03   9.72384900e-17  -2.01584153e-16  -5.28795765e-17
  3.02400000e-06   8.73964748e-03   3.46053527e-03   2.86130033e-03   9.67758593e-17  -2.02017449e-16  -5.12698321e-17
  3.03200000e-06   8.73741536e-03   3.45794061e-03   2.84956122e-03   9.63121813e-17  -2.02436411e-16  -4.96590296e-17
  3.04000000e-06   8.73516110e-03   3.45539043e-03   2.83780077e-03   9.58475289e-17  -2.02841053e-16  -4.80472679e-17
  3.04800000e-06   8.73288483e-03   3.45288485e-03   2.82601969e-03   9.53819741e-17  -2.03231386e-16  -4.64346452e-17
  3.05600000e-06   8.73058666e-03   3.45042395e-03   2.81421867e-03   9.49155877e-17  -2.03607426e-16  -4.48212596e-17
  3.06400000e-06   8.72826670e-03   3.44800783e-03   2.80239840e-03   9.44484393e-17  -2.03969187e-16  -4.32072090e-17
  3.07200000e-06   8.72592508e-03   3.44563657e-03   2.79055959e-03   9.39805977e-17  -2.04316688e-16  -4.15925908e-17
  3.08000000e-06   8.71016455e-03   3.43723086e-03   2.78197995e-03   9.34091151e-17  -2.04393046e-16  -3.99221705e-17
  3.08800000e-06   8.70793064e-03   3.43502242e-03   2.77006290e-03   9.29410091e-17  -2.04714185e-16  -3.83117823e-17
  3.09600000e-06   8.70567638e-03   3.43285953e-03   2.75812910e-03   9.24724454e-17  -2.05021194e-16  -3.67010454e-17
  3.10400000e-06   8.70340187e-03   3.43074228e-03   2.74617925e-03   9.20034878e-17  -2.05314096e-16  -3.50900545e-17
  3.11200000e-06   8.70110724e-03   3.42867073e-03   2.73421406e-03   9.15341991e-17  -2.05592910e-16  -3.34789038e-17
  3.12000000e-06   8.69879257e-03   3.42664493e-03   2.72223421e-03   9.10646408e-17  -2.05857661e-16  -3.18676875e-17
  3.12800000e-06   8.69645798e-03   3.42466496e-03   2.71024042e-03   9.05948734e-17  -2.06108373e-16  -3.02564990e-17
  3.13600000e-06   8.69410357e-03   3.42273087e-03   2.69823338e-03   9.01249561e-17  -2.06345071e-16  -2.86454316e-17
  3.14400000e-06   8.69172945e-03   3.42084271e-03   2.68621379e-03   8.96549471e-17  -2.06567780e-16  -2.70345782e-17
  3.15200000e-06   8.68933572e-03   3.41900055e-03   2.67418235e-03   8.91849033e-17  -2.06776530e-16  -2.54240314e-17
  3.16000000e-06   8.68692249e-03   3.41720441e-03   2.66213977e-03   8.87148805e-17  -2.06971349e-16  -2.38138833e-17
  3.16800000e-06   8.68448987e-03   3.41545436e-03   2.65008673e-03   8.82449335e-17  -2.07152265e-16  -2.22042256e-17
  3.17600000e-06   8.68203796e-03   3.41375043e-03   2.63802395e-03   8.77751155e-17  -2.07319311e-16  -2.05951497e-17
  3.18400000e-06   8.67956687e-03   3.41209266e-03   2.62595213e-03   8.73054789e-17  -2.07472518e-16  -1.89867466e-17
  3.19200000e-06   8.67707670e-03   3.41048109e-03   2.61387195e-03   8.68360748e-17  -2.07611918e-16  -1.73791070e-17
  3.20000000e-06   8.67456755e-03   3.40891575e-03   2.60178412e-03   8.63669530e-17  -2.07737547e-16  -1.57723210e-17
  3.20800000e-06   8.67203955e-03   3.40739667e-03   2.58968934e-03   8.58981623e-17  -2.07849438e-16  -1.41664784e-17
  3.21600000e-06   8.66949278e-03   3.40592388e-03   2.57758831e-03   8.54297501e-17  -2.07947628e-16  -1.25616687e-17
  3.22400000e-06   8.66692736e-03   3.40449740e-03   2.56548172e-03   8.49617628e-17  -2.08032154e-16  -1.09579809e-17
  3.23200000e-06   8.66434339e-03   3.40311725e-03   2.55337027e-03   8.44942454e-17  -2.08103054e-16  -9.35550344e-18
  3.24000000e-06   8.66174097e-03   3.40178345e-03   2.54125466e-03   8.40272418e-17  -2.08160366e-16  -7.75432459e-18
  3.24800000e-06   8.65912022e-03   3.40049602e-03   2.52913559e-03   8.35607947e-17  -2.08204132e-16  -6.15453206e-18
  3.25600000e-06   8.65648123e-03   3.39925497e-03   2.51701374e-03   8.30949455e-17  -2.08234390e-16  -4.55621318e-18
  3.26400000e-06   8.65382412e-03   3.39806030e-03   2.50488982e-03   8.26297346e-17  -2.08251184e-16  -2.95945484e-18
  3.27200000e-06   8.65114898e-03   3.39691202e-03   2.49276452e-03   8.21652009e-17  -2.08254557e-16  -1.36434349e-18
  3.28000000e-06   8.64845592e-03   3.39581014e-03   2.48063854e-03   8.17013823e-17  -2.08244551e-16   2.29034826e-19
  3.28800000e-06   8.64574505e-03   3.39475465e-03   2.46851256e-03   8.12383154e-17  -2.08221211e-16   1.82059454e-18
  3.29600000e-06   8.64301647e-03   3.39374555e-03   2.45638728e-03   8.07760356e-17  -2.08184583e-16   3.41025049e-18
  3.30400000e-06   8.64027028e-03   3.39278284e-03   2.44426340e-03   8.03145770e-17  -2.08134712e-16   4.99791799e-18
  3.31200000e-06   8.63750659e-03   3.39186650e-03   2.43214159e-03   7.98539727e-17  -2.08071647e-16   6.58351278e-18
  3.32000000e-06   8.63472550e-03   3.39099653e-03   2.42002256e-03   7.93942545e-17  -2.07995435e-16   8.16695106e-18
  3.32800000e-06   8.63192711e-03   3.39017291e-03   2.40790698e-03   7.89354528e-17  -2.07906125e-16   9.74814948e-18
  3.33600000e-06   8.62911154e-03   3.38939562e-03   2.39579556e-03   7.84775970e-17  -2.07803766e-16   1.13270251e-17
  3.34400000e-06   8.62627887e-03   3.38866464e-03   2.38368897e-03   7.80207154e-17  -2.07688410e-16   1.29034956e-17
  3.35200000e-06   8.62342922e-03   3.38797994e-03   2.37158790e-03   7.75648347e-17  -2.07560106e-16   1.44774790e-17
  3.36000000e-06   8.62056269e-03   3.38734151e-03   2.35949303e-03   7.71099808e-17  -2.07418908e-16   1.60488936e-17
  3.36800000e-06   8.61767938e-03   3.38674931e-03   2.34740506e-03   7.66561783e-17  -2.07264868e-16   1.76176586e-17
  3.37600000e-06   8.61477939e-03   3.38620330e-03   2.33532466e-03   7.62034504e-17  -2.07098040e-16   1.91836933e-17
  3.38400000e-06   8.61186282e-03   3.38570346e-03   2.32325251e-03   7.57518193e-17  -2.06918477e-16   2.07469177e-17
  3.39200000e-06   8.60892978e-03   3.38524975e-03   2.31118930e-03   7.53013061e-17  -2.06726236e-16   2.23072521e-17
  3.40000000e-06   8.60598037e-03   3.38484213e-03   2.29913570e-03   7.48519305e-17  -2.06521372e-16   2.38646173e-17
  3.40800000e-06   8.60301468e-03   3.38448054e-03   2.28709239e-03   7.44037112e-17  -2.06303940e-16   2.54189347e-17
  3.41600000e-06   8.60003283e-03   3.38416495e-03   2.27506005e-03   7.39566656e-17  -2.06074000e-16   2.69701262e-17
  3.42400000e-06   8.59709828e-03   3.38383265e-03   2.26076025e-03   7.35077780e-17  -2.05809348e-16   2.85173095e-17
  3.43200000e-06   8.59394620e-03   3.38353701e-03   2.24877976e-03   7.30620251e-17  -2.05551797e-16   3.00611924e-17
  3.44000000e-06   8.59077848e-03   3.38328722e-03   2.23681240e-03   7.26174923e-17  -2.05281933e-16   3.16016453e-17
  3.44800000e-06   8.58759525e-03   3.38308323e-03   2.22485884e-03   7.21741928e-17  -2.04999818e-16   3.31385924e-17
  3.45600000e-06   8.58439659e-03   3.38292498e-03   2.21291974e-03   7.17321387e-17  -2.04705511e-16   3.46719583e-17
  3.46400000e-06   8.58118263e-03   3.38281241e-03   2.20099578e-03   7.12913408e-17  -2.04399077e-16   3.62016685e-17
  3.47200000e-06   8.57795346e-03   3.38274546e-03   2.18908761e-03   7.08518089e-17  -2.04080578e-16   3.77276485e-17
  3.48000000e-06   8.57470920e-03   3.38272406e-03   2.17719589e-03   7.04135517e-17  -2.03750076e-16   3.92498247e-17
  3.48800000e-06   8.57144995e-03   3.38274815e-03   2.16532128e-03   6.99765766e-17  -2.03407638e-16   4.07681239e-17
  3.49600000e-06   8.56817582e-03   3.38281766e-03   2.15346445e-03   6.95408901e-17  -2.03053326e-16   4.22824733e-17
  3.50400000e-06   8.56488691e-03   3.38293251e-03   2.14162604e-03   6.91064975e-17  -2.02687206e-16   4.37928008e-17
  3.51200000e-06   8.56158333e-03   3.38309263e-03   2.12980671e-03   6.86734031e-17  -2.02309344e-16   4.52990347e-17
  3.52000000e-06   8.55826518e-03   3.38329794e-03   2.11800712e-03   6.82416101e-17  -2.01919807e-16   4.68011038e-17
  3.52800000e-06   8.55493258e-03   3.38354836e-03   2.10622792e-03   6.78111206e-17  -2.01518661e-16   4.82989375e-17
  3.53600000e-06   8.55158561e-03   3.38384380e-03   2.09446975e-03   6.73819355e-17  -2.01105974e-16   4.97924656e-17
  3.54400000e-06   8.54822439e-03   3.38418419e-03   2.08273326e-03   6.69540549e-17  -2.00681813e-16   5.12816187e-17
  3.55200000e-06   8.54484903e-03   3.38456943e-03   2.07101910e-03   6.65274777e-17  -2.00246247e-16   5.27663275e-17
  3.56000000e-06   8.54145961e-03   3.38499943e-03   2.05932791e-03   6.61022019e-17  -1.99799345e-16   5.42465236e-17
  3.56800000e-06   8.53805626e-03   3.38547409e-03   2.04766033e-03   6.56782244e-17  -1.99341176e-16   5.57221389e-17
  3.57600000e-06   8.53463907e-03   3.38599333e-03   2.03601701e-03   6.52555410e-17  -1.98871811e-16   5.71931058e-17
  3.58400000e-06   8.53120814e-03   3.38655704e-03   2.02439857e-03   6.48341466e-17  -1.98391319e-16   5.86593575e-17
  3.59200000e-06   8.52776357e-03   3.38716513e-03   2.01280567e-03   6.44140352e-17  -1.97899771e-16   6.01208274e-17
  3.60000000e-06   8.52430548e-03   3.38781748e-03   2.00123891e-03   6.39951996e-17  -1.97397239e-16   6.15774496e-17
  3.60800000e-06   8.52083395e-03   3.38851400e-03   1.98969895e-03   6.35776318e-17  -1.96883795e-16   6.30291587e-17
  3.61600000e-06   8.51734909e-03   3.38925457e-03   1.97818641e-03   6.31613228e-17  -1.96359509e-16   6.44758898e-17
  3.62400000e-06   8.51385101e-03   3.39003909e-03   1.96670192e-03   6.27462627e-17  -1.95824456e-16   6.59175784e-17
  3.63200000e-06   8.51033980e-03   3.39086744e-03   1.95524609e-03   6.23324406e-17  -1.95278707e-16   6.73541609e-17
  3.64000000e-06   8.50681556e-03   3.39173950e-03   1.94381956e-03   6.19198447e-17  -1.94722337e-16   6.87855737e-17
  3.64800000e-06   8.50327840e-03   3.39265516e-03   1.93242294e-03   6.15084623e-17  -1.94155419e-16   7.02117543e-17
  3.65600000e-06   8.49972841e-03   3.39361430e-03   1.92105686e-03   6.10982797e-17  -1.93578027e-16   7.16326401e-17
  3.66400000e-06   8.49616569e-03   3.39461679e-03   1.90972192e-03   6.06892826e-17  -1.92990235e-16   7.30481696e-17
  3.67200000e-06   8.49259034e-03   3.39566251e-03   1.89841874e-03   6.02814555e-17  -1.92392118e-16   7.44582815e-17
  3.68000000e-06   8.48900246e-03   3.39675133e-03   1.88714794e-03   5.98747822e-17  -1.91783753e-16   7.58629151e-17
  3.68800000e-06   8.48540216e-03   3.39788313e-03   1.87591012e-03   5.94692457e-17  -1.91165213e-16   7.72620102e-17
  3.69600000e-06   8.48178952e-03   3.39905776e-03   1.86470588e-03   5.90648281e-17  -1.90536576e-16   7.86555071e-17
  3.70400000e-06   8.47816464e-03   3.40027511e-03   1.85353584e-03   5.86615106e-17  -1.89897916e-16   8.00433468e-17
  3.71200000e-06   8.47452763e-03   3.40153502e-03   1.84240059e-03   5.82592739e-17  -1.89249312e-16   8.14254706e-17
  3.72000000e-06   8.47087859e-03   3.40283736e-03   1.83130074e-03   5.78580974e-17  -1.88590839e-16   8.28018204e-17
  3.72800000e-06   8.46721759e-03   3.40418200e-03   1.82023687e-03   5.74579603e-17  -1.87922575e-16   8.41723386e-17
  3.73600000e-06   8.46354476e-03   3.40556878e-03   1.80920958e-03   5.70588406e-17  -1.87244597e-16   8.55369683e-17
  3.74400000e-06   8.45986017e-03   3.40699757e-03   1.79821947e-03   5.66607157e-17  -1.86556983e-16   8.68956529e-17
  3.75200000e-06   8.45616394e-03   3.40846821e-03   1.78726713e-03   5.62635623e-17  -1.85859811e-16   8.82483363e-17
  3.76000000e-06   8.45245615e-03   3.40998056e-03   1.77635313e-03   5.58673564e-17  -1.85153159e-16   8.95949632e-17
  3.76800000e-06   8.44873689e-03   3.41153446e-03   1.76547807e-03   5.54720731e-17  -1.84437106e-16   9.09354785e-17
  3.77600000e-06   8.44500628e-03   3.41312976e-03   1.75464252e-03   5.50776870e-17  -1.83711731e-16   9.22698277e-17
  3.78400000e-06   8.44126439e-03   3.41476631e-03   1.74384706e-03   5.46841721e-17  -1.82977112e-16   9.35979570e-17
  3.79200000e-06   8.43751133e-03   3.41644394e-03   1.73309227e-03   5.42915014e-17  -1.82233329e-16   9.49198130e-17
  3.80000000e-06   8.43374720e-03   3.41816250e-03   1.72237872e-03   5.38996475e-17  -1.81480461e-16   9.62353426e-17
  3.80800000e-06   8.42997208e-03   3.41992183e-03   1.71170699e-03   5.35085824e-17  -1.80718589e-16   9.75444937e-17
  3.81600000e-06   8.42618607e-03   3.42172175e-03   1.70107763e-03   5.31182774e-17  -1.79947792e-16   9.88472141e-17
  3.82400000e-06   8.42238926e-03   3.42356211e-03   1.69049122e-03   5.27287031e-17  -1.79168150e-16   1.00143453e-16
  3.83200000e-06   8.41858175e-03   3.42544274e-03   1.67994831e-03   5.23398296e-17  -1.78379744e-16   1.01433159e-16
  3.84000000e-06   8.41476364e-03   3.42736346e-03   1.66944947e-03   5.19516265e-17  -1.77582654e-16   1.02716281e-16
  3.84800000e-06   8.41093501e-03   3.42932411e-03   1.65899524e-03   5.15640628e-17  -1.76776961e-16   1.03992771e-16
  3.85600000e-06   8.40709597e-03   3.43132451e-03   1.64858620e-03   5.11771068e-17  -1.75962746e-16   1.05262579e-16
  3.86400000e-06   8.40324659e-03   3.43336449e-03   1.63822287e-03   5.07907265e-17  -1.75140090e-16   1.06525655e-16
  3.87200000e-06   8.39938698e-03   3.43544386e-03   1.62790582e-03   5.04048892e-17  -1.74309074e-16   1.07781953e-16
  3.88000000e-06   8.39551723e-03   3.43756245e-03   1.61763558e-03   5.00195619e-17  -1.73469780e-16   1.09031423e-16
  3.88800000e-06   8.39163744e-03   3.43972007e-03   1.60741270e-03   4.96347109e-17  -1.72622290e-16   1.10274018e-16
  3.89600000e-06   8.38774768e-03   3.44191655e-03   1.59723772e-03   4.92503021e-17  -1.71766685e-16   1.11509693e-16
  3.90400000e-06   8.38384807e-03   3.44415170e-03   1.58711117e-03   4.88663012e-17  -1.70903047e-16   1.12738400e-16
  3.91200000e-06   8.37993868e-03   3.44642532e-03   1.57703358e-03   4.84826730e-17  -1.70031458e-16   1.13960093e-16
  3.92000000e-06   8.37601962e-03   3.44873724e-03   1.56700549e-03   4.80993823e-17  -1.69152000e-16   1.15174728e-16
  3.92800000e-06   8.37209097e-03   3.45108726e-03   1.55702742e-03   4.77163932e-17  -1.68264755e-16   1.16382259e-16
  3.93600000e-06   8.36815282e-03   3.45347519e-03   1.54709989e-03   4.73336697e-17  -1.67369807e-16   1.17582643e-16
  3.94400000e-06   8.36420528e-03   3.45590084e-03   1.53722343e-03   4.69511751e-17  -1.66467237e-16   1.18775835e-16
  3.95200000e-06   8.36024842e-03   3.45836400e-03   1.52739855e-03   4.65688726e-17  -1.65557128e-16   1.19961793e-16
  3.96000000e-06   8.35628234e-03   3.46086449e-03   1.51762576e-03   4.61867249e-17  -1.64639563e-16   1.21140473e-16
  3.96800000e-06   8.35230714e-03   3.46340210e-03   1.50790558e-03   4.58046946e-17  -1.63714624e-16   1.22311832e-16
  3.97600000e-06   8.34832290e-03   3.46597663e-03   1.49823852e-03   4.54227436e-17  -1.62782395e-16   1.23475830e-16
  3.98400000e-06   8.34432971e-03   3.46858788e-03   1.48862507e-03   4.50408339e-17  -1.61842958e-16   1.24632425e-16
  3.99200000e-06   8.34032767e-03   3.47123565e-03   1.47906575e-03   4.46589271e-17  -1.60896396e-16   1.25781576e-16
  4.00000000e-06   8.33631687e-03   3.47391973e-03   1.46956104e-03   4.42769843e-17  -1.59942793e-16   1.26923242e-16
  4.00800000e-06   8.34254801e-03   3.48299406e-03   1.46124455e-03   4.39896365e-17  -1.59168124e-16   1.28244090e-16
  4.01600000e-06   8.33854149e-03   3.48575420e-03   1.45185687e-03   4.36060383e-17  -1.58199060e-16   1.29373826e-16
  4.02400000e-06   8.33452573e-03   3.48854975e-03   1.44252526e-03   4.32222707e-17  -1.57223156e-16   1.30495929e-16
  4.03200000e-06   8.33050080e-03   3.49138050e-03   1.43325021e-03   4.28382945e-17  -1.56240496e-16   1.31610360e-16
  4.04000000e-06   8.32646682e-03   3.49424625e-03   1.42403220e-03   4.24540700e-17  -1.55251164e-16   1.32717079e-16
  4.04800000e-06   8.32242386e-03   3.49714679e-03   1.41487170e-03   4.20695575e-17  -1.54255244e-16   1.33816050e-16
  4.05600000e-06   8.31837204e-03   3.50008189e-03   1.40576921e-03   4.16847171e-17  -1.53252820e-16   1.34907234e-16
  4.06400000e-06   8.31431144e-03   3.50305134e-03   1.39672518e-03   4.12995087e-17  -1.52243976e-16   1.35990593e-16
  4.07200000e-06   8.31024215e-03   3.50605493e-03   1.38774009e-03   4.09138923e-17  -1.51228796e-16   1.37066093e-16
  4.08000000e-06   8.30616429e-03   3.50909243e-03   1.37881441e-03   4.05278276e-17  -1.50207364e-16   1.38133695e-16
  4.08800000e-06   8.30207794e-03   3.51216363e-03   1.36994860e-03   4.01412741e-17  -1.49179764e-16   1.39193365e-16
  4.09600000e-06   8.29798320e-03   3.51526831e-03   1.36114312e-03   3.97541916e-17  -1.48146080e-16   1.40245067e-16
  4.10400000e-06   8.29388016e-03   3.51840624e-03   1.35239842e-03   3.93665395e-17  -1.47106397e-16   1.41288766e-16
  4.11200000e-06   8.28976892e-03   3.52157720e-03   1.34371496e-03   3.89782772e-17  -1.46060798e-16   1.42324428e-16
  4.12000000e-06   8.28564958e-03   3.5247