       time             b_x              b_y              b_z              F_x              F_y              F_z
  0.00000000e+00   5.31727273e-02   3.33379161e-02  -3.15416089e-02  -8.72848075e-14   2.22955017e-13   8.85079898e-14
  8.00000000e-08  -2.69140504e-02  -1.69047286e-02  -1.74533005e-02   6.55826292e-14  -5.43980430e-14  -4.84441343e-14
  1.60000000e-07  -1.27220271e-02  -8.03203691e-03  -1.27697600e-02   3.46144599e-14  -1.41612728e-14  -2.55777895e-14
  2.40000000e-07  -7.99145605e-03  -5.07085357e-03  -9.50433832e-03   2.29273639e-14  -4.53980815e-15  -1.68557046e-14
  3.20000000e-07  -5.73719070e-03  -3.66148192e-03  -7.55436014e-03   1.70122584e-14  -9.70520698e-16  -1.24496350e-14
  4.00000000e-07  -4.42157123e-03  -2.84060392e-03  -6.30921004e-03   1.34661851e-14   7.75112895e-16  -9.78624662e-15
  4.80000000e-07  -3.54080816e-03  -2.29384308e-03  -5.44815108e-03   1.10748220e-14   1.81120220e-15  -7.96021128e-15
  5.60000000e-07  -2.91446930e-03  -1.90335284e-03  -4.84982073e-03   9.37847118e-15   2.53653474e-15  -6.63141769e-15
  6.40000000e-07  -2.43230131e-03  -1.60151278e-03  -4.42216500e-03   8.09544723e-15   3.13494764e-15  -5.58803788e-15
  7.20000000e-07  -2.03668630e-03  -1.35389789e-03  -4.08135743e-03   7.05144738e-15   3.62040525e-15  -4.71981335e-15
  8.00000000e-07  -1.70531470e-03  -1.14576695e-03  -3.83684097e-03   6.20707396e-15   4.09984283e-15  -3.98308896e-15
  8.80000000e-07  -1.41793833e-03  -9.64484536e-04  -3.63122015e-03   5.47617210e-15   4.51368291e-15  -3.33723961e-15
  9.60000000e-07  -1.16421691e-03  -7.99411215e-04  -3.46952403e-03   4.83091764e-15   4.91125612e-15  -2.75263960e-15
  1.04000000e-06  -9.30782558e-04  -6.47128399e-04  -3.32140149e-03   4.23609173e-15   5.26515568e-15  -2.21295501e-15
  1.12000000e-06  -7.15859865e-04  -5.05000419e-04  -3.18817035e-03   3.68509220e-15   5.58728008e-15  -1.71245190e-15
  1.20000000e-06  -5.21109814e-04  -3.72122885e-04  -3.10278904e-03   3.19680651e-15   5.95518659e-15  -1.25111582e-15
  1.28000000e-06  -3.37343911e-04  -2.44102651e-04  -2.99118043e-03   2.70564020e-15   6.22086452e-15  -8.12809801e-16
  1.36000000e-06  -1.66905729e-04  -1.23258151e-04  -2.88993675e-03   2.24423185e-15   6.46649079e-15  -4.05414703e-16
  1.44000000e-06  -7.92650073e-06  -7.14860481e-06  -2.79712375e-03   1.80379777e-15   6.69443510e-15  -2.22205669e-17
  1.52000000e-06   1.34161868e-04   1.00898110e-04  -2.67696594e-03   1.37100231e-15   6.80533341e-15   3.25212022e-16
  1.60000000e-06   2.62422758e-04   2.01364784e-04  -2.56542369e-03   9.68040567e-16   6.89494350e-15   6.40219661e-16
  1.68000000e-06   3.76380804e-04   2.93634015e-04  -2.41655333e-03   5.70638387e-16   6.85221054e-15   9.21485735e-16
  1.76000000e-06   4.75019847e-04   3.76703952e-04  -2.31845541e-03   2.32010869e-16   6.88785184e-15   1.16667794e-15
  1.84000000e-06   5.57920046e-04   4.50099281e-04  -2.18389979e-03  -9.50832176e-17   6.79093826e-15   1.37531383e-15
  1.92000000e-06   6.25006846e-04   5.12169263e-04  -2.05522842e-03  -3.82053326e-16   6.66402661e-15   1.54451137e-15
  2.00000000e-06   6.73184736e-04   5.65600529e-04  -1.89570013e-03  -6.53401906e-16   6.41042561e-15   1.68058222e-15
  2.08000000e-06   7.10395097e-04   6.10756189e-04  -1.76135188e-03  -8.82916091e-16   6.18744278e-15   1.78942082e-15
  2.16000000e-06   7.29886266e-04   6.44167583e-04  -1.62190291e-03  -1.07549201e-15   5.90379650e-15   1.86080650e-15
  2.24000000e-06   7.34091401e-04   6.67183859e-04  -1.43595155e-03  -1.25134430e-15   5.46688377e-15   1.90035348e-15
  2.32000000e-06   7.30582073e-04   6.78461886e-04  -1.29865202e-03  -1.36706730e-15   5.12634338e-15   1.90911321e-15
  2.40000000e-06   7.11750983e-04   6.85218182e-04  -1.13179300e-03  -1.47456149e-15   4.67353396e-15   1.90217633e-15
  2.48000000e-06   6.84901065e-04   6.80081862e-04  -9.62740529e-04  -1.54252524e-15   4.19435982e-15   1.86553989e-15
  2.56000000e-06   6.49389808e-04   6.69752612e-04  -7.92167591e-04  -1.58967424e-15   3.68871270e-15   1.81553340e-15
  2.64000000e-06   6.08562557e-04   6.49869291e-04  -6.14625520e-04  -1.60635254e-15   3.15295148e-15   1.74324088e-15
  2.72000000e-06   5.60268115e-04   6.25311243e-04  -4.31348742e-04  -1.60621148e-15   2.58410947e-15   1.65982547e-15
  2.80000000e-06   5.06907993e-04   5.93832911e-04  -2.47453782e-04  -1.58221589e-15   2.00100753e-15   1.56080153e-15
  2.88000000e-06   3.11611542e-04   3.95923442e-04  -5.81421193e-05  -1.09037714e-15   1.00920882e-15   1.02843389e-15
  2.96000000e-06  -1.18679640e-03  -1.37286975e-03  -1.28796951e-04   3.87153307e-15  -3.00743897e-15  -3.61731800e-15
  3.04000000e-06  -1.12885968e-03  -1.34221815e-03  -3.10903805e-04   3.82830519e-15  -2.39607342e-15  -3.55597494e-15
  3.12000000e-06  -1.07132820e-03  -1.30982591e-03  -4.95003357e-04   3.78442676e-15  -1.77790224e-15  -3.48607880e-15
  3.20000000e-06  -1.01555414e-03  -1.27296761e-03  -6.81427755e-04   3.73141386e-15  -1.15582849e-15  -3.40185813e-15
  3.28000000e-06  -9.59133550e-04  -1.23690516e-03  -8.73940750e-04   3.68388274e-15  -5.14087170e-16  -3.31539462e-15
  3.36000000e-06  -9.00309961e-04  -1.19514029e-03  -1.06570786e-03   3.62050655e-15   1.35611953e-16  -3.21068611e-15
  3.44000000e-06  -8.51887276e-04  -1.16036962e-03  -1.25113247e-03   3.57286737e-15   7.44587480e-16  -3.12331190e-15
  3.52000000e-06  -8.02300814e-04  -1.12199210e-03  -1.43343573e-03   3.51185924e-15   1.35211868e-15  -3.02394725e-15
  3.60000000e-06  -7.55380774e-04  -1.08286666e-03  -1.60919165e-03   3.44310692e-15   1.93914944e-15  -2.92115426e-15
  3.68000000e-06  -7.11560477e-04  -1.04503442e-03  -1.80032375e-03   3.37804025e-15   2.55869676e-15  -2.82038502e-15
  3.76000000e-06  -6.72883782e-04  -1.01026434e-03  -1.97639564e-03   3.31045765e-15   3.12991910e-15  -2.72698381e-15
  3.84000000e-06  -6.36248638e-04  -9.80038413e-04  -2.13410889e-03   3.24279392e-15   3.65238055e-15  -2.64405273e-15
  3.92000000e-06  -6.06229547e-04  -9.52765305e-04  -2.33265356e-03   3.18675368e-15   4.26237516e-15  -2.56915450e-15
  4.00000000e-06  -5.78152887e-04  -9.28149967e-04  -2.48995671e-03   3.11719524e-15   4.76613055e-15  -2.50040465e-15
  4.08000000e-06  -5.57118335e-04  -9.11959115e-04  -2.66452120e-03   3.06482654e-15   5.29747980e-15  -2.45393283e-15
  4.16000000e-06  -5.41426587e-04  -9.00126555e-04  -2.84017953e-03   3.01337719e-15   5.82035690e-15  -2.41906550e-15
  4.24000000e-06  -5.30949984e-04  -8.93253313e-04  -2.96828594e-03   2.95381871e-15   6.21054235e-15  -2.39731538e-15
  4.32000000e-06  -5.23793251e-04  -8.94852660e-04  -3.12107823e-03   2.91070718e-15   6.65759532e-15  -2.39730474e-15
  4.40000000e-06  -5.19173995e-04  -9.00307731e-04  -3.26084004e-03   2.86367469e-15   7.06692780e-15  -2.40709605e-15
  4.48000000e-06  -5.26247660e-04  -9.17205154e-04  -3.38970015e-03   2.83296952e-15   7.41998354e-15  -2.44755889e-15
  4.56000000e-06  -5.32438921e-04  -9.37264680e-04  -3.52053264e-03   2.79930207e-15   7.78285157e-15  -2.49537503e-15
  4.64000000e-06  -5.45686441e-04  -9.69524663e-04  -3.63890452e-03   2.78464242e-15   8.09746150e-15  -2.57501405e-15
  4.72000000e-06  -5.63331111e-04  -1.01087319e-03  -3.73680560e-03   2.78038496e-15   8.34972962e-15  -2.67790091e-15
  4.80000000e-06  -5.78535144e-04  -1.05573389e-03  -3.84338396e-03   2.77487805e-15   8.63350316e-15  -2.78922075e-15
  4.88000000e-06  -6.01996463e-04  -1.11142988e-03  -3.93222443e-03   2.78601912e-15   8.85205051e-15  -2.92852234e-15
  4.96000000e-06  -6.26462315e-04  -1.17365626e-03  -4.03155335e-03   2.80268616e-15   9.09863382e-15  -3.08428161e-15
  5.04000000e-06  -6.52302605e-04  -1.24497604e-03  -4.09430194e-03   2.83384217e-15   9.24760294e-15  -3.26345417e-15
  5.12000000e-06  -6.80944810e-04  -1.32796733e-03  -4.17806802e-03   2.88272807e-15   9.44854610e-15  -3.47297822e-15
  5.20000000e-06  -7.10972480e-04  -1.41653892e-03  -4.23388919e-03   2.93873124e-15   9.57478834e-15  -3.69693599e-15
  5.28000000e-06  -7.40246102e-04  -1.50967145e-03  -4.28434376e-03   2.99799127e-15   9.69185323e-15  -3.93310303e-15
  5.36000000e-06  -7.71149940e-04  -1.61218342e-03  -4.32525110e-03   3.07332159e-15   9.78259322e-15  -4.19428281e-15
  5.44000000e-06  -8.04621617e-04  -1.72476677e-03  -4.34944899e-03   3.16893797e-15   9.82555621e-15  -4.48254225e-15
  5.52000000e-06  -8.35018828e-04  -1.83867762e-03  -4.38183429e-03   3.25747581e-15   9.90218414e-15  -4.77584881e-15
  5.60000000e-06  -8.63002951e-04  -1.95855844e-03  -4.39666554e-03   3.35757874e-15   9.94074699e-15  -5.08729493e-15
  5.68000000e-06  -8.91200389e-04  -2.08832905e-03  -4.40695869e-03   3.47478001e-15   9.97042683e-15  -5.42738404e-15
  5.76000000e-06  -9.19885778e-04  -2.22515087e-03  -4.40211310e-03   3.60620756e-15   9.96144620e-15  -5.78881532e-15
  5.84000000e-06  -9.43458284e-04  -2.36054952e-03  -4.40195048e-03   3.72392718e-15   9.98177573e-15  -6.15087469e-15
  5.92000000e-06  -9.63894065e-04  -2.50191685e-03  -4.39132247e-03   3.85177329e-15   9.98450190e-15  -6.53404416e-15
  6.00000000e-06  -9.80852437e-04  -2.64757337e-03  -4.35249208e-03   3.99476057e-15   9.92036983e-15  -6.93468870e-15
  6.08000000e-06  -9.95612398e-04  -2.79943799e-03  -4.31620451e-03   4.14346987e-15   9.87193365e-15  -7.35858459e-15
  6.16000000e-06  -1.00443599e-03  -2.94806627e-03  -4.26746478e-03   4.28282028e-15   9.80498656e-15  -7.78156838e-15
  6.24000000e-06  -1.00865079e-03  -3.09943810e-03  -4.19791601e-03   4.43251792e-15   9.69192799e-15  -8.22083944e-15
  6.32000000e-06  -1.00998434e-03  -3.25657635e-03  -4.13884409e-03   4.58064880e-15   9.61705514e-15  -8.68480596e-15
  6.40000000e-06  -1.00547308e-03  -3.40932534e-03  -4.08111117e-03   4.70850162e-15   9.56064535e-15  -9.14692604e-15
  6.48000000e-06  -9.93923552e-04  -3.56233553e-03  -4.01090180e-03   4.83487088e-15   9.48450360e-15  -9.62189504e-15
  6.56000000e-06  -9.79293907e-04  -3.71366788e-03  -3.92409727e-03   4.95933853e-15   9.36666771e-15  -1.01020287e-14
  6.64000000e-06  -9.56628255e-04  -3.86449172e-03  -3.84357694e-03   5.06805424e-15   9.28327618e-15  -1.05951796e-14
  6.72000000e-06  -9.29585416e-04  -4.01855928e-03  -3.75437748e-03   5.17855225e-15   9.18175023e-15  -1.11100481e-14
  6.80000000e-06  -8.94067520e-04  -4.16668623e-03  -3.67591602e-03   5.25612493e-15   9.12680962e-15  -1.16237374e-14
  6.88000000e-06  -8.53803764e-04  -4.32552044e-03  -3.57854938e-03   5.35706140e-15   9.02181025e-15  -1.21831221e-14
  6.96000000e-06  -8.09082189e-04  -4.47469747e-03  -3.47098394e-03   5.43372910e-15   8.88992944e-15  -1.27272494e-14
  7.04000000e-06  -7.55242797e-04  -4.62058705e-03  -3.38374888e-03   5.47135282e-15   8.83070460e-15  -1.32797204e-14
  7.12000000e-06  -6.93752378e-04  -4.75581895e-03  -3.26142119e-03   5.50766471e-15   8.67200334e-15  -1.38171155e-14
  7.20000000e-06  -6.26052199e-04  -4.89019839e-03  -3.15479161e-03   5.51316879e-15   8.56308968e-15  -1.43675857e-14
  7.28000000e-06  -5.51347905e-04  -5.02101797e-03  -3.04667537e-03   5.49865878e-15   8.45168320e-15  -1.49237190e-14
  7.36000000e-06  -4.70246175e-04  -5.14547261e-03  -2.93913976e-03   5.45695091e-15   8.34138183e-15  -1.54761140e-14
  7.44000000e-06  -3.81187140e-04  -5.26652952e-03  -2.82567555e-03   5.40004486e-15   8.21272610e-15  -1.60354547e-14
  7.52000000e-06  -2.87975880e-04  -5.38394427e-03  -2.73956946e-03   5.29044834e-15   8.16192595e-15  -1.65963581e-14
  7.60000000e-06  -1.88106721e-04  -5.49831657e-03  -2.63514616e-03   5.17853236e-15   8.04848181e-15  -1.71630775e-14
  7.68000000e-06  -8.14520684e-05  -5.60745077e-03  -2.53735332e-03   5.03355137e-15   7.94900878e-15  -1.77285789e-14
  7.76000000e-06   3.32703847e-05  -5.70767896e-03  -2.41982799e-03   4.88165871e-15   7.77933164e-15  -1.82820899e-14
  7.84000000e-06   1.52749395e-04  -5.79974576e-03  -2.31596406e-03   4.68606908e-15   7.63913930e-15  -1.88212211e-14
  7.92000000e-06   2.79064481e-04  -5.88591159e-03  -2.23552678e-03   4.43720866e-15   7.56151559e-15  -1.93547872e-14
  8.00000000e-06   4.10605461e-04  -5.96714381e-03  -2.15289311e-03   4.16802860e-15   7.46053423e-15  -1.98833212e-14
  8.08000000e-06   5.47684091e-04  -6.03973505e-03  -2.05317458e-03   3.89451778e-15   7.28603258e-15  -2.03941454e-14
  8.16000000e-06   6.88309374e-04  -6.10420073e-03  -1.96958968e-03   3.57634432e-15   7.14220450e-15  -2.08854763e-14
  8.24000000e-06   8.34133528e-04  -6.15990459e-03  -1.90513214e-03   3.20902861e-15   7.03946611e-15  -2.13558316e-14
  8.32000000e-06   9.83240189e-04  -6.20839081e-03  -1.82826593e-03   2.83853228e-15   6.87143543e-15  -2.18073295e-14
  8.40000000e-06   1.13846321e-03  -6.25023414e-03  -1.75482494e-03   2.44541337e-15   6.69081287e-15  -2.22444604e-14
  8.48000000e-06   1.29471520e-03  -6.28171195e-03  -1.68059813e-03   2.03477629e-15   6.47833018e-15  -2.26470252e-14
  8.56000000e-06   1.45509289e-03  -6.30617795e-03  -1.64068359e-03   1.56110763e-15   6.35184539e-15  -2.30296146e-14
  8.64000000e-06   1.61709530e-03  -6.32299067e-03  -1.58052274e-03   1.10337232e-15   6.12760121e-15  -2.33849892e-14
  8.72000000e-06   1.78150447e-03  -6.32871485e-03  -1.53798997e-03   6.07767124e-16   5.93117975e-15  -2.37023688e-14
  8.80000000e-06   1.94709918e-03  -6.32737475e-03  -1.50034037e-03   9.73058519e-17   5.71901676e-15  -2.39924879e-14
  8.88000000e-06   2.11238660e-03  -6.31846094e-03  -1.46782568e-03  -4.26400035e-16   5.49101832e-15  -2.42505000e-14
  8.96000000e-06   2.27911950e-03  -6.30018788e-03  -1.43606081e-03  -9.54209380e-16   5.23308264e-15  -2.44726135e-14
  9.04000000e-06   2.44367197e-03  -6.27206260e-03  -1.39935509e-03  -1.47427383e-15   4.92542961e-15  -2.46508157e-14
  9.12000000e-06   2.60790888e-03  -6.23829394e-03  -1.38786808e-03  -2.03062693e-15   4.66880542e-15  -2.48013994e-14
  9.20000000e-06   2.76970482e-03  -6.19294314e-03  -1.37636222e-03  -2.58123055e-15   4.37975062e-15  -2.49009982e-14
  9.28000000e-06   2.92869913e-03  -6.14127607e-03  -1.38062121e-03  -3.14845812e-15   4.11118113e-15  -2.49661418e-14
  9.36000000e-06   3.08451354e-03  -6.08304883e-03  -1.37767950e-03  -3.69279545e-15   3.78837175e-15  -2.49951661e-14
  9.44000000e-06   3.23693910e-03  -6.01327937e-03  -1.37174724e-03  -4.21660759e-15   3.42665667e-15  -2.49713247e-14
  9.52000000e-06   3.38566238e-03  -5.93853510e-03  -1.40383366e-03  -4.78625598e-15   3.16119685e-15  -2.49157193e-14
  9.60000000e-06   3.52840297e-03  -5.85770973e-03  -1.41882383e-03  -5.30862494e-15   2.81438223e-15  -2.48211240e-14
  9.68000000e-06   3.66411291e-03  -5.77017009e-03  -1.44134786e-03  -5.82177797e-15   2.46901400e-15  -2.46840360e-14
  9.76000000e-06   3.79969279e-03  -5.67670264e-03  -1.46382998e-03  -6.31085945e-15   2.09842195e-15  -2.45188614e-14
  9.84000000e-06   3.91959747e-03  -5.57361017e-03  -1.51216503e-03  -6.81468929e-15   1.79729078e-15  -2.42885111e-14
  9.92000000e-06   4.03808184e-03  -5.46646657e-03  -1.55806026e-03  -7.28728944e-15   1.46746577e-15  -2.40353500e-14
  1.00000000e-05   4.14613316e-03  -5.35424538e-03  -1.62782284e-03  -7.77110187e-15   1.20046935e-15  -2.37419144e-14
  1.00800000e-05   4.24901343e-03  -5.23878052e-03  -1.69038095e-03  -8.21325821e-15   8.96498904e-16  -2.34235990e-14
  1.01600000e-05   4.34026130e-03  -5.11604877e-03  -1.73195733e-03  -8.58490676e-15   5.22868344e-16  -2.30581653e-14
  1.02400000e-05   4.42436527e-03  -4.98765277e-03  -1.81006903e-03  -8.98310548e-15   2.54611099e-16  -2.26590539e-14
  1.03200000e-05   4.49965738e-03  -4.85795809e-03  -1.92058526e-03  -9.40570587e-15   7.99819760e-17  -2.22385352e-14
  1.04000000e-05   4.56277936e-03  -4.72650164e-03  -1.97788054e-03  -9.70550383e-15  -2.50784862e-16  -2.17903643e-14
  1.04800000e-05   4.61671564e-03  -4.58755951e-03  -2.07333381e-03  -1.00299658e-14  -4.65292586e-16  -2.13043082e-14
  1.05600000e-05   4.66240528e-03  -4.44789824e-03  -2.16455096e-03  -1.03151515e-14  -6.88795314e-16  -2.08032640e-14
  1.06400000e-05   4.69343136e-03  -4.30404704e-03  -2.27862252e-03  -1.06018390e-14  -8.31017583e-16  -2.02676242e-14
  1.07200000e-05   4.71512556e-03  -4.15897985e-03  -2.39678279e-03  -1.08630231e-14  -9.52841328e-16  -1.97171266e-14
  1.08000000e-05   4.72991865e-03  -4.01319734e-03  -2.49061663e-03  -1.10509048e-14  -1.13510351e-15  -1.91577000e-14
  1.08800000e-05   4.73206775e-03  -3.86650083e-03  -2.61346724e-03  -1.12567116e-14  -1.21718447e-15  -1.85811693e-14
  1.09600000e-05   4.72637369e-03  -3.72042162e-03  -2.73253899e-03  -1.14283203e-14  -1.29729547e-15  -1.80008505e-14
  1.10400000e-05   4.70856240e-03  -3.57247621e-03  -2.85700881e-03  -1.15771393e-14  -1.34046172e-15  -1.74038368e-14
  1.11200000e-05   4.68122930e-03  -3.42440400e-03  -3.00395026e-03  -1.17362786e-14  -1.30578225e-15  -1.68007726e-14
  1.12000000e-05   4.63813554e-03  -3.27434803e-03  -3.11496009e-03  -1.18049904e-14  -1.33180101e-15  -1.61775316e-14
  1.12800000e-05   4.58194545e-03  -3.12153875e-03  -3.25244653e-03  -1.18868050e-14  -1.25841396e-15  -1.55379969e-14
  1.13600000e-05   4.51433697e-03  -2.97053761e-03  -3.38857870e-03  -1.19458679e-14  -1.15977572e-15  -1.48978436e-14
  1.14400000e-05   4.43528136e-03  -2.81540966e-03  -3.53696978e-03  -1.19942236e-14  -1.00103638e-15  -1.42436696e-14
  1.15200000e-05   4.34910871e-03  -2.66846623e-03  -3.66079010e-03  -1.19988054e-14  -8.80479953e-16  -1.36130663e-14
  1.16000000e-05   4.25570328e-03  -2.52302682e-03  -3.80654728e-03  -1.20240316e-14  -6.84167158e-16  -1.29893405e-14
  1.16800000e-05   4.14991170e-03  -2.37898845e-03  -3.96102141e-03  -1.20500651e-14  -4.33584250e-16  -1.23642892e-14
  1.17600000e-05   4.03351915e-03  -2.23393458e-03  -4.07684557e-03  -1.19946592e-14  -2.40422325e-16  -1.17354457e-14
  1.18400000e-05   3.90197385e-03  -2.09021431e-03  -4.19960887e-03  -1.19402292e-14   1.40249856e-17  -1.11009807e-14
  1.19200000e-05   3.76819256e-03  -1.94889704e-03  -4.34270210e-03  -1.19131895e-14   3.27926379e-16  -1.04843219e-14
  1.20000000e-05   3.63136288e-03  -1.81525076e-03  -4.45931170e-03  -1.18520160e-14   5.98787174e-16  -9.89523109e-15
  1.20800000e-05   3.48531868e-03  -1.67959048e-03  -4.56652789e-03  -1.17623058e-14   8.81377364e-16  -9.30153896e-15
  1.21600000e-05   3.32696276e-03  -1.54988215e-03  -4.69737185e-03  -1.17203539e-14   1.25310907e-15  -8.71452243e-15
  1.22400000e-05   3.16459898e-03  -1.42269755e-03  -4.80846258e-03  -1.16475651e-14   1.60226205e-15  -8.13969251e-15
  1.23200000e-05   2.99623776e-03  -1.30105468e-03  -4.89966373e-03  -1.15529576e-14   1.93540970e-15  -7.57878167e-15
  1.24000000e-05   2.82612576e-03  -1.18367935e-03  -5.00269638e-03  -1.14876532e-14   2.30497552e-15  -7.03498710e-15
  1.24800000e-05   2.65398936e-03  -1.07041516e-03  -5.06468500e-03  -1.13636760e-14   2.60906998e-15  -6.50620190e-15
  1.25600000e-05   2.47871068e-03  -9.61841386e-04  -5.13817216e-03  -1.12714709e-14   2.95274794e-15  -5.99022173e-15
  1.26400000e-05   2.30160332e-03  -8.58162783e-04  -5.19093714e-03  -1.11583054e-14   3.27141206e-15  -5.48829544e-15
  1.27200000e-05   2.12898485e-03  -7.62546057e-04  -5.24219698e-03  -1.10658988e-14   3.58395791e-15  -5.01546658e-15
  1.28000000e-05   1.96119435e-03  -6.72537507e-04  -5.29049609e-03  -1.09860293e-14   3.88517753e-15  -4.56642738e-15
  1.28800000e-05   1.79094786e-03  -5.87661853e-04  -5.33208756e-03  -1.09115308e-14   4.18795406e-15  -4.12654204e-15
  1.29600000e-05   1.62984175e-03  -5.08605186e-04  -5.33809991e-03  -1.07935480e-14   4.41245658e-15  -3.71592399e-15
  1.30400000e-05   1.47483607e-03  -4.38699868e-04  -5.35780777e-03  -1.07268836e-14   4.65023334e-15  -3.33353721e-15
  1.31200000e-05   1.32758590e-03  -3.72641952e-04  -5.34011777e-03  -1.06064619e-14   4.81225807e-15  -2.97263829e-15
  1.32000000e-05   1.18808731e-03  -3.12480637e-04  -5.32684821e-03  -1.05106466e-14   4.96833721e-15  -2.63571900e-15
  1.32800000e-05   1.06230042e-03  -2.60471463e-04  -5.29188410e-03  -1.03985631e-14   5.05957573e-15  -2.33645953e-15
  1.33600000e-05   9.48759627e-04  -2.14683571e-04  -5.26294712e-03  -1.03141303e-14   5.13322365e-15  -2.06873619e-15
  1.34400000e-05   8.47502911e-04  -1.76120804e-04  -5.20350639e-03  -1.01921406e-14   5.13467037e-15  -1.83380021e-15
  1.35200000e-05   7.63011989e-04  -1.41276304e-04  -5.13414037e-03  -1.00586245e-14   5.08336923e-15  -1.63474508e-15
  1.36000000e-05   7.00374079e-04  -1.16624725e-04  -5.03696165e-03  -9.89636486e-15   4.94112664e-15  -1.49046498e-15
  1.36800000e-05   6.54366582e-04  -9.54556935e-05  -4.95356138e-03  -9.76420540e-15   4.78055610e-15  -1.38197561e-15
  1.37600000e-05   6.25452607e-04  -7.90488560e-05  -4.86335906e-03  -9.62592394e-15   4.57147104e-15  -1.31224709e-15
  1.38400000e-05   6.25784244e-04  -6.94752417e-05  -4.74473019e-03  -9.44415361e-15   4.25244833e-15  -1.30785991e-15
  1.39200000e-05   6.41091149e-04  -6.13809349e-05  -4.59832399e-03  -9.20250630e-15   3.86778343e-15  -1.33462834e-15
  1.40000000e-05   6.88293165e-04  -6.12964362e-05  -4.45329911e-03  -8.97533458e-15   3.40696489e-15  -1.43410449e-15
  1.40800000e-05   7.59516807e-04  -6.48493725e-05  -4.29490465e-03  -8.72067465e-15   2.87418704e-15  -1.58557378e-15
  1.41600000e-05   8.59999297e-04  -7.10012637e-05  -4.10358943e-03  -8.39572983e-15   2.23271136e-15  -1.79814458e-15
  1.42400000e-05   9.88644888e-04  -7.87084312e-05  -3.90346736e-03  -8.04481237e-15   1.51500253e-15  -2.06808597e-15
  1.43200000e-05   1.15017346e-03  -8.69398825e-05  -3.66869824e-03  -7.61328108e-15   6.78865937e-16  -2.40292708e-15
  1.44000000e-05   1.33476059e-03  -9.47145072e-05  -3.39633176e-03  -7.09257906e-15  -2.49111482e-16  -2.78044114e-15
  1.44800000e-05   1.55472139e-03  -1.04855004e-04  -3.10522939e-03  -6.53019209e-15  -1.28442658e-15  -3.22615482e-15
  1.45600000e-05   1.78964168e-03  -1.14340480e-04  -2.75897869e-03  -5.84690969e-15  -2.40651403e-15  -3.69292859e-15
  1.46400000e-05   2.05223511e-03  -1.18094517e-04  -2.37432462e-03  -5.06535309e-15  -3.63556156e-15  -4.19738542e-15
  1.47200000e-05   2.31809259e-03  -1.21563889e-04  -1.93783943e-03  -4.18038405e-15  -4.91557673e-15  -4.69231895e-15
  1.48000000e-05   2.59563972e-03  -1.21621977e-04  -1.44621875e-03  -3.18407819e-15  -6.27704926e-15  -5.18683129e-15
  1.48800000e-05   2.85706938e-03  -1.15514880e-04  -8.83207544e-04  -2.04686826e-15  -7.65677937e-15  -5.61993917e-15
  1.49600000e-05   3.09060889e-03  -1.08455821e-04  -2.72306282e-04  -8.42016389e-16  -9.00118609e-15  -5.97162979e-15
  1.50400000e-05  -2.14169495e-03   4.83318893e-05  -4.46780346e-04  -7.03385989e-16   6.84290144e-15   4.11201744e-15
  1.51200000e-05  -2.30821537e-03   4.22350070e-05  -1.22693542e-03  -2.23589324e-15   8.04159691e-15   4.48316999e-15
  1.52000000e-05  -2.40458285e-03   3.08467815e-05  -2.02590347e-03  -3.86974205e-15   9.02268934e-15   4.73045061e-15
  1.52800000e-05  -2.41938255e-03   1.50661353e-05  -2.78803003e-03  -5.49963596e-15   9.69117268e-15   4.82481595e-15
  1.53600000e-05  -2.36349249e-03   1.88977364e-06  -3.51707314e-03  -7.11177069e-15   1.00763190e-14   4.78456315e-15
  1.54400000e-05  -2.24071089e-03  -1.37345791e-05  -4.17784012e-03  -8.64464211e-15   1.01537335e-14   4.60302115e-15
  1.55200000e-05  -2.06696439e-03  -2.91826808e-05  -4.76421397e-03  -1.00669858e-14   9.96508063e-15   4.30654321e-15
  1.56000000e-05  -1.85744413e-03  -3.93411270e-05  -5.26587030e-03  -1.13292874e-14   9.54906158e-15   3.92486833e-15
  1.56800000e-05  -1.62692967e-03  -4.57221742e-05  -5.68340141e-03  -1.24230495e-14   8.95569692e-15   3.48417303e-15
  1.57600000e-05  -1.40030784e-03  -4.97183570e-05  -6.00695507e-03  -1.33172591e-14   8.25851100e-15   3.03609108e-15
  1.58400000e-05  -1.17978915e-03  -5.11318743e-05  -6.26340903e-03  -1.40581396e-14   7.49398514e-15   2.58684350e-15
  1.59200000e-05  -9.68949081e-04  -4.84280969e-05  -6.46246433e-03  -1.46545574e-14   6.68738091e-15   2.14711635e-15
  1.60000000e-05  -7.74111483e-04  -4.38319294e-05  -6.61396958e-03  -1.51287625e-14   5.87144958e-15   1.73178780e-15
  1.60800000e-05  -5.92290706e-04  -4.16133022e-05  -6.70683219e-03  -1.54625374e-14   5.04102227e-15   1.33424296e-15
  1.61600000e-05  -4.26271924e-04  -3.05042150e-05  -6.77413175e-03  -1.56963501e-14   4.22916732e-15   9.68671139e-16
  1.62400000e-05  -2.66663753e-04  -2.18767553e-05  -6.81965687e-03  -1.58693542e-14   3.41597843e-15   6.09568944e-16
  1.63200000e-05  -1.16145697e-04  -1.14833983e-05  -6.82756941e-03  -1.59313227e-14   2.60905880e-15   2.66623979e-16
  1.64000000e-05   3.55170330e-05   3.58722968e-06  -6.82276257e-03  -1.59308889e-14   1.79416774e-15  -8.19875835e-17
  1.64800000e-05   1.92356181e-04   2.00364265e-05  -6.80982271e-03  -1.58876112e-14   9.64053104e-16  -4.45938780e-16
  1.65600000e-05   3.56805403e-04   4.07762413e-05  -6.77464119e-03  -1.57596382e-14   1.11716410e-16  -8.29352955e-16
  1.66400000e-05   5.41528608e-04   6.61340098e-05  -6.73247328e-03  -1.55809857e-14  -7.92761969e-16  -1.26104890e-15
  1.67200000e-05   7.44463819e-04   9.90994591e-05  -6.66073059e-03  -1.52894734e-14  -1.74246209e-15  -1.73481522e-15
  1.68000000e-05   9.75820691e-04   1.40140337e-04  -6.57211044e-03  -1.49127449e-14  -2.76129762e-15  -2.27311065e-15
  1.68800000e-05   1.24261168e-03   1.90936984e-04  -6.46013592e-03  -1.44302138e-14  -3.86644722e-15  -2.88993920e-15
  1.69600000e-05   1.54919896e-03   2.54014284e-04  -6.32043114e-03  -1.38239617e-14  -5.06723647e-15  -3.59203622e-15
  1.70400000e-05   1.89925902e-03   3.29886598e-04  -6.12746597e-03  -1.30341516e-14  -6.36758962e-15  -4.38285788e-15
  1.71200000e-05   2.30444797e-03   4.20545089e-04  -5.88399281e-03  -1.20632915e-14  -7.79756341e-15  -5.28186484e-15
  1.72000000e-05   2.74567022e-03   5.30545269e-04  -5.55282116e-03  -1.08192039e-14  -9.29056782e-15  -6.23737585e-15
  1.72800000e-05   3.22187220e-03   6.53129278e-04  -5.11267359e-03  -9.28455160e-15  -1.08335982e-14  -7.23484069e-15
  1.73600000e-05   3.71181271e-03   7.84910762e-04  -4.55414553e-03  -7.46529558e-15  -1.23585448e-14  -8.21452313e-15
  1.74400000e-05   4.18845393e-03   9.20875665e-04  -3.86526075e-03  -5.37373448e-15  -1.37817456e-14  -9.10647837e-15
  1.75200000e-05   4.60152991e-03   1.05192330e-03  -3.03091884e-03  -3.03645221e-15  -1.49495548e-14  -9.79838531e-15
  1.76000000e-05   4.90332640e-03   1.16012969e-03  -2.06450229e-03  -5.71684810e-16  -1.57250882e-14  -1.01943694e-14
  1.76800000e-05   5.05542484e-03   1.23463619e-03  -1.00287213e-03   1.87887502e-15  -1.60077953e-14  -1.02358931e-14
  1.77600000e-05  -1.36339877e-03  -3.74705046e-04  -6.04142446e-05  -1.28607767e-15   4.24201210e-15   2.71348887e-15
  1.78400000e-05  -5.51249006e-03  -1.46857551e-03  -9.97889710e-04  -6.48736181e-15   1.66827486e-14   1.12854570e-14
  1.79200000e-05  -5.17091846e-03  -1.41703935e-03  -1.82455835e-03  -7.98997538e-15   1.50853299e-14   1.09281269e-14
  1.80000000e-05  -4.75068843e-03  -1.33906111e-03  -2.49208669e-03  -9.16866058e-15   1.32959222e-14   1.03340696e-14
  1.80800000e-05  -4.28724932e-03  -1.24354385e-03  -3.01231037e-03  -1.00407944e-14   1.14330485e-14   9.57069100e-15
  1.81600000e-05  -3.83358244e-03  -1.14444459e-03  -3.39742075e-03  -1.06457561e-14   9.66251379e-15   8.75757652e-15
  1.82400000e-05  -3.40278540e-03  -1.04521375e-03  -3.66902384e-03  -1.10191101e-14   8.02186356e-15   7.93429151e-15
  1.83200000e-05  -3.01749185e-03  -9.54411265e-04  -3.85470446e-03  -1.12317974e-14   6.56954517e-15   7.16573978e-15
  1.84000000e-05  -2.67380572e-03  -8.71665972e-04  -3.97000747e-03  -1.13085271e-14   5.28922236e-15   6.45499271e-15
  1.84800000e-05  -2.38144871e-03  -8.00989200e-04  -4.04053111e-03  -1.13128850e-14   4.19574576e-15   5.83594279e-15
  1.85600000e-05  -2.12713888e-03  -7.38578444e-04  -4.07054907e-03  -1.12415654e-14   3.24910218e-15   5.28495141e-15
  1.86400000e-05  -1.91219256e-03  -6.86432197e-04  -4.07250067e-03  -1.11274015e-14   2.44530479e-15   4.81257094e-15
  1.87200000e-05  -1.73110350e-03  -6.43091025e-04  -4.05824827e-03  -1.09932112e-14   1.76014834e-15   4.41038834e-15
  1.88000000e-05  -1.57907965e-03  -6.08694155e-04  -4.02753789e-03  -1.08393962e-14   1.17984602e-15   4.07149604e-15
  1.88800000e-05  -1.45339614e-03  -5.81724419e-04  -3.98798613e-03  -1.06797620e-14   6.90334844e-16   3.79147262e-15
  1.89600000e-05  -1.34948796e-03  -5.62077866e-04  -3.93867070e-03  -1.05127089e-14   2.79142118e-16   3.56208364e-15
  1.90400000e-05  -1.26610939e-03  -5.47012668e-04  -3.88438955e-03  -1.03424221e-14  -6.17844372e-17   3.37979351e-15
  1.91200000e-05  -1.19694659e-03  -5.37835553e-04  -3.82622227e-03  -1.01756986e-14  -3.51319636e-16   3.23261929e-15
  1.92000000e-05  -1.14349167e-03  -5.34970439e-04  -3.76804928e-03  -1.00231142e-14  -5.89755703e-16   3.12544996e-15
  1.92800000e-05  -1.10157910e-03  -5.36492731e-04  -3.70476066e-03  -9.86833438e-15  -7.84040077e-16   3.04780356e-15
  1.93600000e-05  -1.06933082e-03  -5.40795450e-04  -3.63991229e-03  -9.71561652e-15  -9.43101434e-16   2.99436699e-15
  1.94400000e-05  -1.04577954e-03  -5.50244325e-04  -3.57590951e-03  -9.57715897e-15  -1.07259230e-15   2.96589852e-15
  1.95200000e-05  -1.02888229e-03  -5.61895369e-04  -3.50924177e-03  -9.43743114e-15  -1.17465771e-15   2.95506584e-15
  1.96000000e-05  -1.01849113e-03  -5.76582755e-04  -3.44184340e-03  -9.30333302e-15  -1.25206408e-15   2.96273814e-15
  1.96800000e-05  -1.01241470e-03  -5.93088626e-04  -3.37520779e-03  -9.17518872e-15  -1.31273071e-15   2.98282721e-15
  1.97600000e-05  -1.01025828e-03  -6.11918698e-04  -3.30659332e-03  -9.04830887e-15  -1.35476000e-15   3.01522774e-15
  1.98400000e-05  -1.01042562e-03  -6.31299376e-04  -3.24005290e-03  -8.92724817e-15  -1.38748609e-15   3.05434501e-15
  1.99200000e-05  -1.01392939e-03  -6.53758462e-04  -3.17192522e-03  -8.81055249e-15  -1.40403812e-15   3.10574153e-15
  2.00000000e-05  -1.02244681e-03  -6.77427561e-04  -3.10299824e-03  -8.69520804e-15  -1.40122086e-15   3.17100191e-15
  2.00800000e-05  -1.03378481e-03  -7.04251155e-04  -3.03479810e-03  -8.58973510e-15  -1.38705338e-15   3.24791676e-15
  2.01600000e-05  -1.04408209e-03  -7.30609915e-04  -2.96665262e-03  -8.48320288e-15  -1.37091417e-15   3.32319449e-15
  2.02400000e-05  -1.05397367e-03  -7.56689954e-04  -2.90024100e-03  -8.37984776e-15  -1.35357715e-15   3.39846831e-15
  2.03200000e-05  -1.06476100e-03  -7.83235318e-04  -2.83390646e-03  -8.27785641e-15  -1.32957176e-15   3.47763992e-15
  2.04000000e-05  -1.07541445e-03  -8.09024462e-04  -2.76752276e-03  -8.17383274e-15  -1.30148751e-15   3.55668008e-15
  2.04800000e-05  -1.08861999e-03  -8.37742250e-04  -2.70190343e-03  -8.07895416e-15  -1.26383475e-15   3.64693965e-15
  2.05600000e-05  -1.09902662e-03  -8.64696279e-04  -2.63724104e-03  -7.98166721e-15  -1.23066506e-15   3.72973730e-15
  2.06400000e-05  -1.10784922e-03  -8.89892616e-04  -2.57236139e-03  -7.87941547e-15  -1.19715553e-15   3.80760815e-15
  2.07200000e-05  -1.11567784e-03  -9.14927880e-04  -2.50816682e-03  -7.77820525e-15  -1.16319214e-15   3.88419467e-15
  2.08000000e-05  -1.12461668e-03  -9.40756216e-04  -2.44305835e-03  -7.67688953e-15  -1.12111743e-15   3.96562620e-15
  2.08800000e-05  -1.12908285e-03  -9.64857960e-04  -2.38163624e-03  -7.57921602e-15  -1.09220292e-15   4.03562196e-15
  2.09600000e-05  -1.13368327e-03  -9.88720474e-04  -2.31923346e-03  -7.47863258e-15  -1.05758716e-15   4.10655455e-15
  2.10400000e-05  -1.13736096e-03  -1.01139529e-03  -2.25856365e-03  -7.37872055e-15  -1.02443074e-15   4.17449962e-15
  2.11200000e-05  -1.14280441e-03  -1.03578996e-03  -2.19699343e-03  -7.28084041e-15  -9.81899389e-16   4.25018022e-15
  2.12000000e-05  -1.14102357e-03  -1.05406525e-03  -2.13772749e-03  -7.17296976e-15  -9.57174756e-16   4.30057256e-15
  2.12800000e-05  -1.13945628e-03  -1.07318362e-03  -2.07869266e-03  -7.06746625e-15  -9.28655877e-16   4.35354743e-15
  2.13600000e-05  -1.13667524e-03  -1.09016748e-03  -2.01997108e-03  -6.95738506e-15  -8.99965780e-16   4.40075645e-15
  2.14400000e-05  -1.13198339e-03  -1.10663563e-03  -1.96217925e-03  -6.84796224e-15  -8.73909277e-16   4.44346696e-15
  2.15200000e-05  -1.12398763e-03  -1.11985892e-03  -1.90515570e-03  -6.73245576e-15  -8.53392698e-16   4.47358523e-15
  2.16000000e-05  -1.11659752e-03  -1.13390714e-03  -1.84998412e-03  -6.62280179e-15  -8.31282987e-16   4.50685045e-15
  2.16800000e-05  -1.10660341e-03  -1.14505873e-03  -1.79450237e-03  -6.50569039e-15  -8.11162247e-16   4.52941591e-15
  2.17600000e-05  -1.09571225e-03  -1.15508225e-03  -1.73953624e-03  -6.38710435e-15  -7.90530480e-16   4.54808358e-15
  2.18400000e-05  -1.08144256e-03  -1.16188628e-03  -1.68563441e-03  -6.26351071e-15  -7.76103129e-16   4.55340174e-15
  2.19200000e-05  -1.06582566e-03  -1.16650061e-03  -1.63186330e-03  -6.13539289e-15  -7.61405209e-16   4.55150799e-15
  2.20000000e-05  -1.05012658e-03  -1.17013834e-03  -1.57932819e-03  -6.00797912e-15  -7.45678294e-16   4.54730397e-15
  2.20800000e-05  -1.03336240e-03  -1.17347894e-03  -1.52739789e-03  -5.88146897e-15  -7.30052575e-16   4.54000247e-15
  2.21600000e-05  -1.01425658e-03  -1.17354806e-03  -1.47680821e-03  -5.75086225e-15  -7.18879723e-16   4.52089157e-15
  2.22400000e-05  -9.91840421e-04  -1.16938898e-03  -1.42604641e-03  -5.61100770e-15  -7.11166637e-16   4.48572684e-15
  2.23200000e-05  -9.70179291e-04  -1.16543847e-03  -1.37523111e-03  -5.47208260e-15  -6.98127528e-16   4.45199781e-15
  2.24000000e-05  -9.46185811e-04  -1.15824220e-03  -1.32544469e-03  -5.32890348e-15  -6.88797951e-16   4.40601389e-15
  2.24800000e-05  -9.21107958e-04  -1.14961312e-03  -1.27516428e-03  -5.18231740e-15  -6.77276529e-16   4.35401138e-15
  2.25600000e-05  -8.91939536e-04  -1.13468794e-03  -1.22779798e-03  -5.02925485e-15  -6.77145882e-16   4.27932003e-15
  2.26400000e-05  -8.67230098e-04  -1.12464829e-03  -1.17819054e-03  -4.88279070e-15  -6.59350904e-16   4.22346026e-15
  2.27200000e-05  -8.37290042e-04  -1.10748324e-03  -1.12928015e-03  -4.72365447e-15  -6.50773754e-16   4.14050480e-15
  2.28000000e-05  -8.05517851e-04  -1.08630662e-03  -1.08119045e-03  -4.55898569e-15  -6.44341551e-16   4.04396548e-15
  2.28800000e-05  -7.75693465e-04  -1.06713499e-03  -1.03300695e-03  -4.39949818e-15  -6.30323241e-16   3.95476718e-15
  2.29600000e-05  -7.43994647e-04  -1.04402254e-03  -9.84650314e-04  -4.23267851e-15  -6.16601265e-16   3.85196218e-15
  2.30400000e-05  -7.10937068e-04  -1.01750266e-03  -9.37225197e-04  -4.06213277e-15  -6.04513021e-16   3.73764425e-15
  2.31200000e-05  -6.77176428e-04  -9.87971772e-04  -8.88264319e-04  -3.88360402e-15  -5.87330172e-16   3.61395889e-15
  2.32000000e-05  -6.43578945e-04  -9.58192881e-04  -8.39839229e-04  -3.70715912e-15  -5.67938085e-16   3.48881510e-15
  2.32800000e-05  -6.07681827e-04  -9.23216680e-04  -7.90528854e-04  -3.51982776e-15  -5.48258258e-16   3.34598354e-15
  2.33600000e-05  -5.70883039e-04  -8.85940658e-04  -7.40368485e-04  -3.32767876e-15  -5.25525177e-16   3.19475982e-15
  2.34400000e-05  -5.35084899e-04  -8.48256079e-04  -6.90423021e-04  -3.13673479e-15  -4.98470204e-16   3.04342372e-15
  2.35200000e-05  -4.96255868e-04  -8.03977850e-04  -6.38891462e-04  -2.93096605e-15  -4.71121924e-16   2.86947127e-15
  2.36000000e-05  -4.57678307e-04  -7.58341910e-04  -5.87394940e-04  -2.72422602e-15  -4.40736083e-16   2.69162651e-15
  2.36800000e-05  -4.21247880e-04  -7.12333960e-04  -5.33359035e-04  -2.51302183e-15  -3.97862864e-16   2.51615939e-15
  2.37600000e-05  -3.82262708e-04  -6.61921324e-04  -4.79768651e-04  -2.29567321e-15  -3.58705660e-16   2.32400592e-15
  2.38400000e-05  -3.43599362e-04  -6.08585418e-04  -4.24686254e-04  -2.07101624e-15  -3.13325339e-16   2.12459217e-15
  2.39200000e-05  -3.04886295e-04  -5.51731010e-04  -3.67656384e-04  -1.83691507e-15  -2.61543365e-16   1.91578834e-15
  2.40000000e-05  -2.66981420e-04  -4.94948053e-04  -3.09935242e-04  -1.60286079e-15  -2.04799497e-16   1.70777340e-15
  2.40800000e-05  -2.27110305e-04  -4.31763969e-04  -2.49007261e-04  -1.35100996e-15  -1.42783785e-16   1.47978487e-15
  2.41600000e-05  -1.89001078e-04  -3.68532266e-04  -1.87185936e-04  -1.09833047e-15  -7.38957706e-17   1.25446721e-15
  2.42400000e-05  -1.50382755e-04  -2.99439364e-04  -1.23063669e-04  -8.30561576e-16   5.37131397e-19   1.01363222e-15
  2.43200000e-05  -1.12036865e-04  -2.29561120e-04  -5.72634486e-05  -5.58575095e-16   8.03186001e-17   7.70875238e-16
