       time             b_x              b_y              b_z              F_x              F_y              F_z
  0.00000000e+00   2.04274819e-02   1.26233541e-02  -3.09792376e-02  -2.00714942e-14   1.07830218e-13   3.07034329e-14
  8.00000000e-08   8.14094704e-03   4.98036116e-03  -1.29800265e-03  -1.46430800e-14   2.59712563e-14   7.81022822e-15
  1.60000000e-07  -2.12789697e-02  -1.31545782e-02  -1.15287996e-02   4.06461434e-14  -4.30770208e-14  -2.58698240e-14
  2.40000000e-07  -1.20892373e-02  -7.48128494e-03  -1.04039279e-02   2.44707801e-14  -1.63329381e-14  -1.66900140e-14
  3.20000000e-07  -8.13387443e-03  -5.04569468e-03  -8.60525059e-03   1.71199998e-14  -7.24522949e-15  -1.19339595e-14
  4.00000000e-07  -5.97517661e-03  -3.71636376e-03  -7.22098813e-03   1.29283945e-14  -3.13522872e-15  -9.08432321e-15
  4.80000000e-07  -4.67091119e-03  -2.91381122e-03  -6.24314300e-03   1.03226758e-14  -9.73809875e-16  -7.26858315e-15
  5.60000000e-07  -3.76665971e-03  -2.35984481e-03  -5.52608118e-03   8.49604860e-15   3.99254039e-16  -5.96153050e-15
  6.40000000e-07  -3.11363771e-03  -1.95984204e-03  -5.00098466e-03   7.16566976e-15   1.34749498e-15  -4.98945278e-15
  7.20000000e-07  -2.60588189e-03  -1.64694109e-03  -4.59647144e-03   6.12216948e-15   2.06696148e-15  -4.21145103e-15
  8.00000000e-07  -2.19878564e-03  -1.39792128e-03  -4.28213858e-03   5.28907701e-15   2.64516558e-15  -3.57935165e-15
  8.80000000e-07  -1.85834859e-03  -1.18598219e-03  -4.03901962e-03   4.58614070e-15   3.15211703e-15  -3.03563833e-15
  9.60000000e-07  -1.56499384e-03  -1.00583112e-03  -3.84245474e-03   3.98751588e-15   3.60181116e-15  -2.56691417e-15
  1.04000000e-06  -1.30493549e-03  -8.43090035e-04  -3.68388528e-03   3.45108962e-15   4.02043717e-15  -2.14258568e-15
  1.12000000e-06  -1.07037559e-03  -6.94186783e-04  -3.55551915e-03   2.96340649e-15   4.41784609e-15  -1.75467155e-15
  1.20000000e-06  -8.57717460e-04  -5.61052775e-04  -3.42195679e-03   2.51699864e-15   4.73534575e-15  -1.40728035e-15
  1.28000000e-06  -6.59684619e-04  -4.33052043e-04  -3.34128394e-03   2.10158957e-15   5.11224792e-15  -1.07750667e-15
  1.36000000e-06  -4.73745565e-04  -3.13343938e-04  -3.24436771e-03   1.70354170e-15   5.41657374e-15  -7.71890271e-16
  1.44000000e-06  -3.03972020e-04  -2.02709490e-04  -3.12296390e-03   1.32410911e-15   5.62204261e-15  -4.93804464e-16
  1.52000000e-06  -1.43725061e-04  -9.79982394e-05  -3.02246700e-03   9.67419532e-16   5.83993192e-15  -2.35352604e-16
  1.60000000e-06   3.01335664e-06   2.00043117e-06  -2.94714363e-03   6.30706899e-16   6.07009832e-15   4.76507442e-18
  1.68000000e-06   1.40586709e-04   9.40928456e-05  -2.84387534e-03   3.09897503e-16   6.21547111e-15   2.20965675e-16
  1.76000000e-06   2.63749377e-04   1.78645657e-04  -2.74394000e-03   1.27409308e-17   6.32761041e-15   4.13187070e-16
  1.84000000e-06   3.71206300e-04   2.53935477e-04  -2.60915068e-03  -2.62745901e-16   6.32540182e-15   5.78238353e-16
  1.92000000e-06   4.67263530e-04   3.22928897e-04  -2.49241547e-03  -5.14251328e-16   6.32948867e-15   7.23669039e-16
  2.00000000e-06   5.44551118e-04   3.79252174e-04  -2.35953755e-03  -7.29792474e-16   6.25114274e-15   8.36329208e-16
  2.08000000e-06   6.08581284e-04   4.26028588e-04  -2.21289681e-03  -9.15516855e-16   6.11003756e-15   9.24527636e-16
  2.16000000e-06   6.53354434e-04   4.60793597e-04  -2.08287310e-03  -1.06203973e-15   5.95348285e-15   9.83947801e-16
  2.24000000e-06   6.84186868e-04   4.84780034e-04  -1.93263190e-03  -1.17482083e-15   5.71999080e-15   1.01889053e-15
  2.32000000e-06   6.97350760e-04   4.97991757e-04  -1.76599272e-03  -1.25241256e-15   5.40819709e-15   1.03050635e-15
  2.40000000e-06   6.95145578e-04   5.00557990e-04  -1.62431038e-03  -1.29399743e-15   5.10858109e-15   1.02050969e-15
  2.48000000e-06   6.76422517e-04   4.90580307e-04  -1.44113285e-03  -1.29527866e-15   4.68290773e-15   9.86159369e-16
  2.56000000e-06   6.47137063e-04   4.70674759e-04  -1.27505785e-03  -1.26294031e-15   4.26596604e-15   9.33751401e-16
  2.64000000e-06   6.04703623e-04   4.43287470e-04  -1.11445735e-03  -1.20417050e-15   3.82724607e-15   8.68946635e-16
  2.72000000e-06   5.51042122e-04   4.05897297e-04  -9.45586513e-04  -1.11241465e-15   3.34383006e-15   7.87092710e-16
  2.80000000e-06   4.89950836e-04   3.61666168e-04  -7.70717738e-04  -9.96395076e-16   2.83016295e-15   6.94663639e-16
  2.88000000e-06   4.19586810e-04   3.09667067e-04  -5.96467893e-04  -8.54870010e-16   2.29465503e-15   5.89951140e-16
  2.96000000e-06   3.42983643e-04   2.52893158e-04  -4.14240459e-04  -6.95875732e-16   1.72774434e-15   4.78612665e-16
  3.04000000e-06   2.64340722e-04   1.91571153e-04  -2.38717494e-04  -5.22239485e-16   1.16969834e-15   3.60389577e-16
  3.12000000e-06   5.81785019e-05   1.70442148e-05  -5.49155522e-05  -4.97043190e-17   2.62184100e-16   2.87168067e-17
  3.20000000e-06  -1.00237820e-03  -9.19902397e-04  -1.20611207e-04   2.39028503e-15  -2.37364433e-15  -1.76143249e-15
  3.28000000e-06  -9.26366842e-04  -8.65540970e-04  -2.93020547e-04   2.23016367e-15  -1.82058266e-15  -1.67278644e-15
  3.36000000e-06  -8.54314216e-04  -8.12723202e-04  -4.63778968e-04   2.07675834e-15  -1.27978473e-15  -1.58285192e-15
  3.44000000e-06  -7.82616108e-04  -7.60394261e-04  -6.43562602e-04   1.92544843e-15  -7.20366846e-16  -1.49033542e-15
  3.52000000e-06  -7.13582340e-04  -7.09987283e-04  -8.17971687e-04   1.77998105e-15  -1.77700286e-16  -1.39857909e-15
  3.60000000e-06  -6.48634173e-04  -6.60103255e-04  -9.80174613e-04   1.63612453e-15   3.30291974e-16  -1.30514816e-15
  3.68000000e-06  -5.91028666e-04  -6.14718974e-04  -1.16219652e-03   1.50093074e-15   8.60621544e-16  -1.21849744e-15
  3.76000000e-06  -5.34318175e-04  -5.73174313e-04  -1.35215836e-03   1.37230455e-15   1.40567850e-15  -1.13814041e-15
  3.84000000e-06  -4.86034223e-04  -5.33732812e-04  -1.53262081e-03   1.24600760e-15   1.91014654e-15  -1.06034722e-15
  3.92000000e-06  -4.41553119e-04  -4.97480135e-04  -1.70228372e-03   1.12411068e-15   2.38296602e-15  -9.87986210e-16
  4.00000000e-06  -4.06796976e-04  -4.68546388e-04  -1.89134039e-03   1.01368609e-15   2.87122383e-15  -9.29322929e-16
  4.08000000e-06  -3.74836899e-04  -4.44851126e-04  -2.06172881e-03   9.12098025e-16   3.31397334e-15  -8.80868892e-16
  4.16000000e-06  -3.50184636e-04  -4.27548265e-04  -2.25444746e-03   8.16982111e-16   3.78451982e-15  -8.44623573e-16
  4.24000000e-06  -3.33918233e-04  -4.16984022e-04  -2.43572898e-03   7.32159227e-16   4.21013429e-15  -8.21125857e-16
  4.32000000e-06  -3.25271711e-04  -4.13328461e-04  -2.61221400e-03   6.56756101e-16   4.60640880e-15  -8.10647230e-16
  4.40000000e-06  -3.25571321e-04  -4.18177561e-04  -2.78170735e-03   5.94935043e-16   4.96547106e-15  -8.16096764e-16
  4.48000000e-06  -3.33337936e-04  -4.32084078e-04  -2.98821347e-03   5.39447771e-16   5.38286903e-15  -8.38517875e-16
  4.56000000e-06  -3.47697530e-04  -4.54571537e-04  -3.13945408e-03   5.05429420e-16   5.66853370e-15  -8.76741806e-16
  4.64000000e-06  -3.69479492e-04  -4.87647534e-04  -3.29804104e-03   4.87112588e-16   5.95112781e-15  -9.34503503e-16
  4.72000000e-06  -4.02601727e-04  -5.32361952e-04  -3.46718154e-03   4.85219724e-16   6.22765059e-15  -1.01255573e-15
  4.80000000e-06  -4.42706811e-04  -5.86148523e-04  -3.63444263e-03   4.96013487e-16   6.48361506e-15  -1.10607054e-15
  4.88000000e-06  -4.89573229e-04  -6.52325436e-04  -3.77512832e-03   5.34282448e-16   6.66816459e-15  -1.22151709e-15
  4.96000000e-06  -5.40916541e-04  -7.24890656e-04  -3.92376374e-03   5.76526612e-16   6.85978662e-15  -1.34678038e-15
  5.04000000e-06  -6.04426750e-04  -8.14418628e-04  -4.07437997e-03   6.49564643e-16   7.02710294e-15  -1.50099348e-15
  5.12000000e-06  -6.75395874e-04  -9.15852674e-04  -4.21090683e-03   7.46878449e-16   7.14901273e-15  -1.67467040e-15
  5.20000000e-06  -7.48229941e-04  -1.02236855e-03  -4.35129708e-03   8.45132643e-16   7.27789276e-15  -1.85531856e-15
  5.28000000e-06  -8.33058340e-04  -1.14774345e-03  -4.44761456e-03   9.98905211e-16   7.28826107e-15  -2.06789508e-15
  5.36000000e-06  -9.19463299e-04  -1.27993244e-03  -4.54336844e-03   1.16130779e-15   7.29839009e-15  -2.29108123e-15
  5.44000000e-06  -1.01092829e-03  -1.42258362e-03  -4.63509923e-03   1.34350759e-15   7.29321687e-15  -2.53142384e-15
  5.52000000e-06  -1.10728558e-03  -1.58000749e-03  -4.75626684e-03   1.53913229e-15   7.34496777e-15  -2.79827932e-15
  5.60000000e-06  -1.21112558e-03  -1.74797357e-03  -4.79645252e-03   1.79271725e-15   7.21425440e-15  -3.08176338e-15
  5.68000000e-06  -1.31503149e-03  -1.92729722e-03  -4.85873690e-03   2.05603602e-15   7.13889137e-15  -3.38822989e-15
  5.76000000e-06  -1.41897435e-03  -2.11259860e-03  -4.89023442e-03   2.34401206e-15   7.00708551e-15  -3.70723579e-15
  5.84000000e-06  -1.52895968e-03  -2.31179210e-03  -4.93831244e-03   2.64858258e-15   6.90636827e-15  -4.05313837e-15
  5.92000000e-06  -1.63843550e-03  -2.51708403e-03  -4.94723759e-03   2.98366848e-15   6.73389142e-15  -4.41424503e-15
  6.00000000e-06  -1.74617960e-03  -2.72769444e-03  -4.95600442e-03   3.32432083e-15   6.57682635e-15  -4.79104372e-15
  6.08000000e-06  -1.85542567e-03  -2.94584790e-03  -4.94898090e-03   3.68530233e-15   6.39436058e-15  -5.18785962e-15
  6.16000000e-06  -1.96255151e-03  -3.17744015e-03  -4.94172512e-03   4.06913229e-15   6.22944985e-15  -5.62143485e-15
  6.24000000e-06  -2.06792361e-03  -3.40971597e-03  -4.88936301e-03   4.47665666e-15   5.98295322e-15  -6.06572985e-15
  6.32000000e-06  -2.16964825e-03  -3.64844363e-03  -4.83293258e-03   4.89256365e-15   5.74901205e-15  -6.53642236e-15
  6.40000000e-06  -2.26827606e-03  -3.88898023e-03  -4.75642081e-03   5.31691766e-15   5.49072915e-15  -7.02494070e-15
  6.48000000e-06  -2.36009199e-03  -4.13741823e-03  -4.69451934e-03   5.73593378e-15   5.29433194e-15  -7.54969663e-15
  6.56000000e-06  -2.44633168e-03  -4.38460808e-03  -4.60663342e-03   6.15757883e-15   5.06470755e-15  -8.09055865e-15
  6.64000000e-06  -2.52586121e-03  -4.63343286e-03  -4.50885048e-03   6.57526551e-15   4.83987042e-15  -8.65706745e-15
  6.72000000e-06  -2.60054225e-03  -4.88401678e-03  -4.38793631e-03   6.99771596e-15   4.58376541e-15  -9.24923252e-15
  6.80000000e-06  -2.67140591e-03  -5.14099842e-03  -4.26999791e-03   7.41203263e-15   4.35395175e-15  -9.87921019e-15
  6.88000000e-06  -2.72783717e-03  -5.39608124e-03  -4.13050649e-03   7.81850492e-15   4.11422575e-15  -1.05382487e-14
  6.96000000e-06  -2.77575171e-03  -5.64512423e-03  -3.98741708e-03   8.19140340e-15   3.89201728e-15  -1.12123267e-14
  7.04000000e-06  -2.81118361e-03  -5.88993331e-03  -3.83474312e-03   8.53761172e-15   3.67901624e-15  -1.19095212e-14
  7.12000000e-06  -2.83696617e-03  -6.13689499e-03  -3.66564241e-03   8.87395598e-15   3.44981514e-15  -1.26434226e-14
  7.20000000e-06  -2.85524488e-03  -6.38006910e-03  -3.51325082e-03   9.15646796e-15   3.28036910e-15  -1.33986846e-14
  7.28000000e-06  -2.86271127e-03  -6.62409562e-03  -3.30679743e-03   9.45590962e-15   2.99720152e-15  -1.41899495e-14
  7.36000000e-06  -2.85991250e-03  -6.86914942e-03  -3.15241799e-03   9.67227292e-15   2.86510158e-15  -1.50178895e-14
  7.44000000e-06  -2.84201413e-03  -7.09823130e-03  -2.98371081e-03   9.83212855e-15   2.72217232e-15  -1.58412327e-14
  7.52000000e-06  -2.80985271e-03  -7.32971587e-03  -2.79174291e-03   9.97629661e-15   2.53882691e-15  -1.67066974e-14
  7.60000000e-06  -2.76564039e-03  -7.55330687e-03  -2.60862058e-03   1.00537319e-14   2.39142582e-15  -1.75833084e-14
  7.68000000e-06  -2.70656201e-03  -7.76927446e-03  -2.42585462e-03   1.00719972e-14   2.25947664e-15  -1.84738932e-14
  7.76000000e-06  -2.63490439e-03  -7.97807436e-03  -2.22471064e-03   1.00481745e-14   2.08388495e-15  -1.93739210e-14
  7.84000000e-06  -2.54821362e-03  -8.17890929e-03  -2.06479949e-03   9.92217744e-15   2.02905625e-15  -2.02824996e-14
  7.92000000e-06  -2.44845786e-03  -8.37809436e-03  -1.86752528e-03   9.77833713e-15   1.87052282e-15  -2.12116342e-14
  8.00000000e-06  -2.33470857e-03  -8.57100078e-03  -1.69127153e-03   9.55080190e-15   1.76848531e-15  -2.21466674e-14
  8.08000000e-06  -2.20814900e-03  -8.75788412e-03  -1.51486981e-03   9.26027296e-15   1.65825601e-15  -2.30850705e-14
  8.16000000e-06  -2.06479542e-03  -8.93822923e-03  -1.33233602e-03   8.91132753e-15   1.52271210e-15  -2.40257845e-14
  8.24000000e-06  -1.91025146e-03  -9.11335002e-03  -1.17953461e-03   8.46865665e-15   1.45589151e-15  -2.49635005e-14
  8.32000000e-06  -1.74077253e-03  -9.27902558e-03  -1.00323787e-03   7.98193657e-15   1.30142917e-15  -2.58869120e-14
  8.40000000e-06  -1.55803316e-03  -9.43984667e-03  -8.24594662e-04   7.43456973e-15   1.11423906e-15  -2.68029288e-14
  8.48000000e-06  -1.36064667e-03  -9.59645943e-03  -6.91162973e-04   6.77858993e-15   1.03479585e-15  -2.77121937e-14
  8.56000000e-06  -1.15052477e-03  -9.74079999e-03  -5.65638314e-04   6.04649481e-15   9.45614910e-16  -2.85830846e-14
  8.64000000e-06  -9.26586620e-04  -9.87915775e-03  -4.20721340e-04   5.27298940e-15   7.58865484e-16  -2.94323869e-14
  8.72000000e-06  -6.88901128e-04  -1.00110179e-02  -2.99221845e-04   4.41509158e-15   6.00447099e-16  -3.02539684e-14
  8.80000000e-06  -4.40892665e-04  -1.01308404e-02  -1.45051323e-04   3.53087190e-15   2.90531361e-16  -3.10239319e-14
  8.88000000e-06  -1.79820619e-04  -1.02502852e-02  -6.22112826e-05   2.51916498e-15   1.48660178e-16  -3.17756996e-14
  8.96000000e-06   9.39994624e-05  -1.03605831e-02   5.89965254e-05   1.49301961e-15  -1.71394580e-16  -3.24780285e-14
  9.04000000e-06   3.76549006e-04  -1.04630120e-02   1.67572619e-04   4.03254353e-16  -5.16022290e-16  -3.31258919e-14
  9.12000000e-06   6.69095505e-04  -1.05586462e-02   2.66268448e-04  -7.43871716e-16  -8.97491481e-16  -3.37200065e-14
  9.20000000e-06   9.71032731e-04  -1.06460026e-02   3.09595584e-04  -1.99111225e-15  -1.17763292e-15  -3.42499975e-14
  9.28000000e-06   1.28085881e-03  -1.07269038e-02   4.03623670e-04  -3.22502676e-15  -1.69136159e-15  -3.47161729e-14
  9.36000000e-06   1.60178880e-03  -1.08027445e-02   4.40802517e-04  -4.55267217e-15  -2.10818043e-15  -3.51216580e-14
  9.44000000e-06   1.92850664e-03  -1.08730983e-02   5.04572980e-04  -5.88479809e-15  -2.68906386e-15  -3.54548980e-14
  9.52000000e-06   2.26195911e-03  -1.09382689e-02   5.22150390e-04  -7.29064978e-15  -3.21247640e-15  -3.57134252e-14
  9.60000000e-06   2.60032514e-03  -1.10033102e-02   5.22998325e-04  -8.73958523e-15  -3.77199446e-15  -3.59057783e-14
  9.68000000e-06   2.94171273e-03  -1.10582457e-02   5.50850039e-04  -1.01758013e-14  -4.50002212e-15  -3.59953970e-14
  9.76000000e-06   3.28640824e-03  -1.11101868e-02   5.16677668e-04  -1.16858929e-14  -5.13086326e-15  -3.59996872e-14
  9.84000000e-06   3.64071700e-03  -1.11662069e-02   5.05532830e-04  -1.31913734e-14  -5.92816146e-15  -3.59403362e-14
  9.92000000e-06   3.99304636e-03  -1.12137753e-02   4.99812690e-04  -1.46909427e-14  -6.82527907e-15  -3.57644587e-14
  1.00000000e-05   4.34550479e-03  -1.12552049e-02   3.74022924e-04  -1.62922519e-14  -7.46919127e-15  -3.54770223e-14
  1.00800000e-05   4.70040340e-03  -1.13025103e-02   2.78636516e-04  -1.78686799e-14  -8.29663245e-15  -3.51094334e-14
  1.01600000e-05   5.05207741e-03  -1.13433350e-02   1.54010321e-04  -1.94480441e-14  -9.13175117e-15  -3.46177341e-14
  1.02400000e-05   5.40659578e-03  -1.13902085e-02  -7.59733678e-06  -2.10488465e-14  -9.96856343e-15  -3.40367729e-14
  1.03200000e-05   5.75482854e-03  -1.14297300e-02  -1.83000952e-04  -2.26193030e-14  -1.08552576e-14  -3.33197601e-14
  1.04000000e-05   6.09819145e-03  -1.14698388e-02  -3.98974639e-04  -2.41837054e-14  -1.17277746e-14  -3.24862278e-14
  1.04800000e-05   6.42756689e-03  -1.14926007e-02  -6.35432988e-04  -2.56766277e-14  -1.26195303e-14  -3.14856458e-14
  1.05600000e-05   6.75029400e-03  -1.15202380e-02  -9.29691291e-04  -2.71562009e-14  -1.34606647e-14  -3.03781260e-14
  1.06400000e-05   7.06370493e-03  -1.15471164e-02  -1.25993237e-03  -2.85821309e-14  -1.43041151e-14  -2.91479586e-14
  1.07200000e-05   7.36829247e-03  -1.15776278e-02  -1.63871933e-03  -2.99586158e-14  -1.51308749e-14  -2.78047645e-14
  1.08000000e-05   7.65331199e-03  -1.15981118e-02  -2.06151813e-03  -3.12322431e-14  -1.59314432e-14  -2.63181976e-14
  1.08800000e-05   7.91194675e-03  -1.15933531e-02  -2.51814073e-03  -3.23376068e-14  -1.67111284e-14  -2.46671720e-14
  1.09600000e-05   8.14329836e-03  -1.15785374e-02  -3.03605120e-03  -3.33048517e-14  -1.74200390e-14  -2.28957833e-14
  1.10400000e-05   8.35936013e-03  -1.15665462e-02  -3.61201033e-03  -3.41486492e-14  -1.81088379e-14  -2.10420626e-14
  1.11200000e-05   8.53396531e-03  -1.15247441e-02  -4.22071238e-03  -3.47495312e-14  -1.87512254e-14  -1.90603416e-14
  1.12000000e-05   8.66460878e-03  -1.14495089e-02  -4.89027640e-03  -3.50813868e-14  -1.92978579e-14  -1.69756248e-14
  1.12800000e-05   8.75718651e-03  -1.13581015e-02  -5.60932454e-03  -3.51729968e-14  -1.97879168e-14  -1.48437346e-14
  1.13600000e-05   8.80386314e-03  -1.12348270e-02  -6.38682512e-03  -3.49607586e-14  -2.01911539e-14  -1.26738422e-14
  1.14400000e-05   8.78122389e-03  -1.10548865e-02  -7.20700831e-03  -3.43513656e-14  -2.04534776e-14  -1.04809312e-14
  1.15200000e-05   8.70368545e-03  -1.08372939e-02  -8.07516192e-03  -3.33934789e-14  -2.06095595e-14  -8.33351501e-15
  1.16000000e-05   8.55779300e-03  -1.05653051e-02  -8.98813290e-03  -3.20293876e-14  -2.06153380e-14  -6.26309526e-15
  1.16800000e-05   8.32904466e-03  -1.02172603e-02  -9.92154275e-03  -3.01969370e-14  -2.04291433e-14  -4.31200699e-15
  1.17600000e-05   8.03086685e-03  -9.81227363e-03  -1.08801385e-02  -2.79680666e-14  -2.00710899e-14  -2.54268761e-15
  1.18400000e-05   7.63790254e-03  -9.31146908e-03  -1.18423708e-02  -2.52445443e-14  -1.94457379e-14  -9.91945086e-16
  1.19200000e-05   7.16370083e-03  -8.73150066e-03  -1.28057912e-02  -2.21130932e-14  -1.85637143e-14   2.87174696e-16
  1.20000000e-05   6.59796180e-03  -8.04886294e-03  -1.37562910e-02  -1.85427090e-14  -1.73599850e-14   1.26371668e-15
  1.20800000e-05   5.93668872e-03  -7.26547571e-03  -1.46671113e-02  -1.46049828e-14  -1.57833583e-14   1.90687645e-15
  1.21600000e-05   5.19205655e-03  -6.38056133e-03  -1.54990993e-02  -1.03795248e-14  -1.38332270e-14   2.21772070e-15
  1.22400000e-05   4.36243703e-03  -5.38950592e-03  -1.62476045e-02  -5.91930190e-15  -1.14538180e-14   2.21003890e-15
  1.23200000e-05   3.45767423e-03  -4.29951091e-03  -1.68959188e-02  -1.32254956e-15  -8.63318829e-15   1.92623687e-15
  1.24000000e-05   2.48760522e-03  -3.11670005e-03  -1.74007244e-02   3.29844447e-15  -5.37086517e-15   1.43353822e-15
  1.24800000e-05   1.46403701e-03  -1.85206760e-03  -1.77573133e-02   7.85228206e-15  -1.68146895e-15   8.22772312e-16
  1.25600000e-05   3.95607654e-04  -5.17222608e-04  -1.79537489e-02   1.22538359e-14   2.41130999e-15   2.00544592e-16
  1.26400000e-05  -6.92019066e-04   8.54963748e-04  -1.79640827e-02   1.63569140e-14   6.80313798e-15  -3.06325689e-16
  1.27200000e-05  -1.79640963e-03   2.25449365e-03  -1.77713282e-02   2.01160235e-14   1.14377616e-14  -5.82413271e-16
  1.28000000e-05  -2.87561379e-03   3.63454411e-03  -1.74051821e-02   2.34227147e-14   1.61232784e-14  -5.02948756e-16
  1.28800000e-05  -3.94313582e-03   4.99803619e-03  -1.68207658e-02   2.62950742e-14   2.07964390e-14   1.52374842e-17
  1.29600000e-05  -4.95859067e-03   6.28304119e-03  -1.60332494e-02   2.86084567e-14   2.52185056e-14   1.03480475e-15
  1.30400000e-05  -5.93038176e-03   7.49407961e-03  -1.50892279e-02   3.04749817e-14   2.93239133e-14   2.58644547e-15
  1.31200000e-05  -6.82795754e-03   8.58924422e-03  -1.39627756e-02   3.18344871e-14   3.28721736e-14   4.65398876e-15
  1.32000000e-05  -7.65459555e-03   9.55403542e-03  -1.27101743e-02   3.27510153e-14   3.57976038e-14   7.18446471e-15
  1.32800000e-05  -8.38367571e-03   1.03645752e-02  -1.13462035e-02   3.32368613e-14   3.79283617e-14   1.00883339e-14
  1.33600000e-05  -9.01920448e-03   1.10183330e-02  -9.89503163e-03   3.33705855e-14   3.92187994e-14   1.32540918e-14
  1.34400000e-05  -9.55655649e-03   1.15080694e-02  -8.39920704e-03   3.31991007e-14   3.96477043e-14   1.65491161e-14
  1.35200000e-05  -9.98198485e-03   1.18191546e-02  -6.88564280e-03   3.27312324e-14   3.91839732e-14   1.98091561e-14
  1.36000000e-05  -1.03161981e-02   1.19806154e-02  -5.37056092e-03   3.20926655e-14   3.79163579e-14   2.29374566e-14
  1.36800000e-05  -1.05374858e-02   1.19788289e-02  -3.90306283e-03   3.12505970e-14   3.58862049e-14   2.57674527e-14
  1.37600000e-05  -1.06661426e-02   1.18445113e-02  -2.47668509e-03   3.03113231e-14   3.31987018e-14   2.82302759e-14
  1.38400000e-05  -1.06934661e-02   1.15719821e-02  -1.13371226e-03   2.92348098e-14   2.99742352e-14   3.02015485e-14
  1.39200000e-05   6.68863381e-03  -6.98822888e-03  -1.68375953e-04  -1.79213649e-14  -1.66880847e-14  -1.92978400e-14
  1.40000000e-05   1.73480041e-02  -1.78156886e-02  -2.07180656e-03  -4.96152291e-14  -4.31643280e-14  -4.42719766e-14
  1.40800000e-05   1.69241770e-02  -1.69935905e-02  -3.97464107e-03  -5.07157362e-14  -4.18688535e-14  -3.69391703e-14
  1.41600000e-05   1.63436820e-02  -1.60957304e-02  -5.85964963e-03  -5.03906053e-14  -4.02775183e-14  -2.99116786e-14
  1.42400000e-05   1.55814712e-02  -1.51023875e-02  -7.67112526e-03  -4.86694776e-14  -3.83506308e-14  -2.33545886e-14
  1.43200000e-05   1.46796387e-02  -1.40455407e-02  -9.37795530e-03  -4.57937654e-14  -3.61849253e-14  -1.74877237e-14
  1.44000000e-05   1.36427227e-02  -1.29188904e-02  -1.09570997e-02  -4.19203483e-14  -3.37435112e-14  -1.24101238e-14
  1.44800000e-05   1.24843444e-02  -1.17338657e-02  -1.23920985e-02  -3.72745611e-14  -3.10026039e-14  -8.19619595e-15
  1.45600000e-05   1.12350211e-02  -1.05061434e-02  -1.36429083e-02  -3.21008317e-14  -2.80059825e-14  -4.86836465e-15
  1.46400000e-05   9.89615814e-03  -9.22272327e-03  -1.47364164e-02  -2.65365420e-14  -2.46617535e-14  -2.38601349e-15
  1.47200000e-05   8.50716330e-03  -7.91430129e-03  -1.56349452e-02  -2.08514958e-14  -2.10516671e-14  -6.89343248e-16
  1.48000000e-05   7.07250501e-03  -6.58037306e-03  -1.63483449e-02  -1.51845751e-14  -1.71284812e-14   3.25342586e-16
  1.48800000e-05   5.62324839e-03  -5.24170633e-03  -1.68663057e-02  -9.72034936e-15  -1.29573765e-14   7.86113095e-16
  1.49600000e-05   4.17075937e-03  -3.89309223e-03  -1.71869387e-02  -4.52831426e-15  -8.55226600e-15   8.38325629e-16
  1.50400000e-05   2.73352051e-03  -2.55449328e-03  -1.73149372e-02   2.72604093e-16  -3.96676381e-15   6.28257571e-16
  1.51200000e-05   1.32700677e-03  -1.24284784e-03  -1.72554289e-02   4.60197650e-15   7.35856054e-16   3.00908017e-16
  1.52000000e-05  -3.23446445e-05   2.71308313e-05  -1.70171992e-02   8.41550206e-15   5.47217239e-15  -7.27098711e-18
  1.52800000e-05  -1.34847604e-03   1.26700307e-03  -1.66078126e-02   1.17760193e-14   1.02096733e-14  -1.77265521e-16
  1.53600000e-05  -2.58485553e-03   2.43201875e-03  -1.60425525e-02   1.45851665e-14   1.47755069e-14  -1.10097085e-16
  1.54400000e-05  -3.75685455e-03   3.53294536e-03  -1.53344519e-02   1.69388381e-14   1.91542213e-14   2.63072087e-16
  1.55200000e-05  -4.84622233e-03   4.55074661e-03  -1.44955799e-02   1.88426205e-14   2.32185430e-14   9.89693243e-16
  1.56000000e-05  -5.84234028e-03   5.47431625e-03  -1.35316189e-02   2.03341533e-14   2.68593238e-14   2.08677102e-15
  1.56800000e-05  -6.75280577e-03   6.30323638e-03  -1.24738492e-02   2.14913544e-14   3.00448773e-14   3.54766368e-15
  1.57600000e-05  -7.57037983e-03   7.02719600e-03  -1.13274318e-02   2.23512884e-14   3.26875621e-14   5.34050118e-15
  1.58400000e-05  -8.29548905e-03   7.64325681e-03  -1.01203684e-02   2.29698253e-14   3.47505695e-14   7.41688341e-15
  1.59200000e-05  -8.92038484e-03   8.14496565e-03  -8.87944689e-03   2.33777882e-14   3.61860629e-14   9.70729062e-15
  1.60000000e-05  -9.44946576e-03   8.53540341e-03  -7.58352840e-03   2.36398110e-14   3.69554563e-14   1.21376407e-14
  1.60800000e-05  -9.87582808e-03   8.80883871e-03  -6.27923649e-03   2.37654355e-14   3.70605027e-14   1.46127058e-14
  1.61600000e-05  -1.02132269e-02   8.97986514e-03  -4.96815133e-03   2.38274168e-14   3.65410922e-14   1.70645500e-14
  1.62400000e-05  -1.04473969e-02   9.03530783e-03  -3.67120567e-03   2.37938552e-14   3.53861434e-14   1.93780616e-14
  1.63200000e-05  -1.05929719e-02   8.99585042e-03  -2.42785470e-03   2.37024393e-14   3.37130059e-14   2.14995918e-14
  1.64000000e-05  -1.06470002e-02   8.86634873e-03  -1.22258193e-03   2.35755759e-14   3.15304112e-14   2.33525956e-14
  1.64800000e-05  -3.45223394e-03   2.80786164e-03  -6.21222177e-05   7.57769643e-15   9.49415150e-15   8.02101129e-15
  1.65600000e-05   6.15830060e-03  -4.93722726e-03  -6.62527570e-04  -1.43282684e-14  -1.60205317e-14  -1.37968266e-14
  1.66400000e-05   6.02372428e-03  -4.73208264e-03  -1.35403762e-03  -1.46582510e-14  -1.50024425e-14  -1.27798992e-14
  1.67200000e-05   5.83837002e-03  -4.49984783e-03  -2.02147966e-03  -1.47832856e-14  -1.39105656e-14  -1.17314378e-14
  1.68000000e-05   5.60875490e-03  -4.24437007e-03  -2.66090715e-03  -1.47214022e-14  -1.27598021e-14  -1.06773417e-14
  1.68800000e-05   5.32696738e-03  -3.96228462e-03  -3.27047415e-03  -1.44736287e-14  -1.15202306e-14  -9.61760096e-15
  1.69600000e-05   5.01129221e-03  -3.66671895e-03  -3.84147824e-03  -1.40843353e-14  -1.02461981e-14  -8.59325214e-15
  1.70400000e-05   4.65993723e-03  -3.35848798e-03  -4.36974352e-03  -1.35676845e-14  -8.92801099e-15  -7.60684018e-15
  1.71200000e-05   4.27994169e-03  -3.04027860e-03  -4.85482680e-03  -1.29464170e-14  -7.57772995e-15  -6.66790001e-15
  1.72000000e-05   3.87721348e-03  -2.71638948e-03  -5.29123544e-03  -1.22434841e-14  -6.21075296e-15  -5.78310643e-15
  1.72800000e-05   3.45328734e-03  -2.39004486e-03  -5.67892515e-03  -1.14822075e-14  -4.82386469e-15  -4.95201255e-15
  1.73600000e-05   3.01680340e-03  -2.06506463e-03  -6.01688039e-03  -1.06855113e-14  -3.43766586e-15  -4.17776039e-15
  1.74400000e-05   2.57207298e-03  -1.74465435e-03  -6.30842531e-03  -9.87591334e-15  -2.05666520e-15  -3.45782013e-15
  1.75200000e-05   2.12454909e-03  -1.42993146e-03  -6.54953187e-03  -9.06231997e-15  -6.97199804e-16  -2.78743521e-15
  1.76000000e-05   1.67903111e-03  -1.12463872e-03  -6.74362326e-03  -8.26529300e-15   6.32326579e-16  -2.16335084e-15
  1.76800000e-05   1.23573090e-03  -8.28562560e-04  -6.89412610e-03  -7.49109152e-15   1.93630695e-15  -1.57544619e-15
  1.77600000e-05   7.98369322e-04  -5.45041526e-04  -7.00167889e-03  -6.75328858e-15   3.20476051e-15  -1.01951919e-15
  1.78400000e-05   3.75942716e-04  -2.76916922e-04  -7.07254893e-03  -6.06654062e-15   4.41504504e-15  -4.95333787e-16
  1.79200000e-05  -3.49568250e-05  -2.20358585e-05  -7.10356024e-03  -5.42157250e-15   5.57462570e-15   9.38674355e-18
  1.80000000e-05  -4.30299064e-04   2.15679205e-04  -7.10098414e-03  -4.83366466e-15   6.67475085e-15   4.95639233e-16
  1.80800000e-05  -8.07299981e-04   4.37072002e-04  -7.06767600e-03  -4.29979174e-15   7.70728147e-15   9.67766311e-16
  1.81600000e-05  -1.16458918e-03   6.41372898e-04  -7.00831163e-03  -3.82282140e-15   8.66954998e-15   1.42865092e-15
  1.82400000e-05  -1.50583896e-03   8.28406563e-04  -6.92210296e-03  -3.39892848e-15   9.57043100e-15   1.88475191e-15
  1.83200000e-05  -1.83475312e-03   1.00399952e-03  -6.81228756e-03  -3.00865041e-15   1.04217287e-14   2.34628107e-15
  1.84000000e-05  -2.13898866e-03   1.15966537e-03  -6.68582887e-03  -2.68030716e-15   1.11880694e-14   2.79809186e-15
  1.84800000e-05  -2.42123176e-03   1.29837836e-03  -6.54224499e-03  -2.39957757e-15   1.18754584e-14   3.24487568e-15
  1.85600000e-05  -2.67820326e-03   1.41708436e-03  -6.38577725e-03  -2.17491587e-15   1.24747802e-14   3.68047330e-15
  1.86400000e-05  -2.92138781e-03   1.52434964e-03  -6.21734807e-03  -1.97676768e-15   1.30204836e-14   4.12115812e-15
  1.87200000e-05  -3.14993663e-03   1.61818648e-03  -6.03931490e-03  -1.81005079e-15   1.35102382e-14   4.56403260e-15
  1.88000000e-05  -3.35593164e-03   1.69600094e-03  -5.85415425e-03  -1.68169882e-15   1.39205356e-14   4.99694858e-15
  1.88800000e-05  -3.54136794e-03   1.75877780e-03  -5.66480159e-03  -1.58810444e-15   1.42586694e-14   5.41976498e-15
  1.89600000e-05  -3.71375471e-03   1.80962745e-03  -5.47169875e-03  -1.51736769e-15   1.45468827e-14   5.84088620e-15
  1.90400000e-05  -3.87477934e-03   1.85064510e-03  -5.27542734e-03  -1.46160676e-15   1.47901187e-14   6.26198831e-15
  1.91200000e-05  -4.01703472e-03   1.87785145e-03  -5.07989926e-03  -1.43532016e-15   1.49687459e-14   6.66840232e-15
  1.92000000e-05  -4.14485147e-03   1.89546758e-03  -4.88474730e-03  -1.42335992e-15   1.50954978e-14   7.06538946e-15
  1.92800000e-05  -4.25849196e-03   1.90241087e-03  -4.68897965e-03  -1.42567603e-15   1.51708990e-14   7.44991782e-15
  1.93600000e-05  -4.35896051e-03   1.89848877e-03  -4.49753944e-03  -1.44834889e-15   1.52014633e-14   7.82052128e-15
  1.94400000e-05  -4.44849838e-03   1.88972951e-03  -4.30880712e-03  -1.47084511e-15   1.51931356e-14   8.18183961e-15
  1.95200000e-05  -4.52971875e-03   1.87157859e-03  -4.12377882e-03  -1.50682109e-15   1.51544743e-14   8.53301473e-15
  1.96000000e-05  -4.59384258e-03   1.84563312e-03  -3.94209021e-03  -1.55025360e-15   1.50616034e-14   8.85819788e-15
  1.96800000e-05  -4.65429836e-03   1.81471072e-03  -3.76497312e-03  -1.59509068e-15   1.49534085e-14   9.17938523e-15
  1.97600000e-05  -4.70680508e-03   1.77733769e-03  -3.59470761e-03  -1.64919406e-15   1.48200187e-14   9.48689479e-15
  1.98400000e-05  -4.74921319e-03   1.73381518e-03  -3.42794668e-03  -1.70574786e-15   1.46545031e-14   9.77528630e-15
  1.99200000e-05  -4.78972264e-03   1.68676722e-03  -3.26637080e-03  -1.76082053e-15   1.44805060e-14   1.00598147e-14
  2.00000000e-05  -4.81547885e-03   1.63244903e-03  -3.11190871e-03  -1.82804357e-15   1.42661282e-14   1.03125237e-14
  2.00800000e-05  -4.83886517e-03   1.57618592e-03  -2.96242540e-03  -1.88966180e-15   1.40436158e-14   1.05586349e-14
  2.01600000e-05  -4.86069572e-03   1.51788169e-03  -2.81711376e-03  -1.94486674e-15   1.38149690e-14   1.07993133e-14
  2.02400000e-05  -4.87102324e-03   1.45438027e-03  -2.67965573e-03  -2.00954409e-15   1.35578823e-14   1.10114341e-14
  2.03200000e-05  -4.88629271e-03   1.39021824e-03  -2.54555620e-03  -2.06357532e-15   1.33115520e-14   1.12310211e-14
  2.04000000e-05  -4.88779523e-03   1.32148507e-03  -2.41703843e-03  -2.12170391e-15   1.30318497e-14   1.14155607e-14
  2.04800000e-05  -4.88706302e-03   1.25135797e-03  -2.29482915e-03  -2.17824798e-15   1.27483631e-14   1.15904057e-14
  2.05600000e-05  -4.88900856e-03   1.18050843e-03  -2.17676734e-03  -2.22762614e-15   1.24717117e-14   1.17669186e-14
  2.06400000e-05  -4.88283180e-03   1.10647545e-03  -2.06392667e-03  -2.27856388e-15   1.21776449e-14   1.19190810e-14
  2.07200000e-05  -4.87143425e-03   1.03024578e-03  -1.95547537e-03  -2.32714173e-15   1.18736745e-14   1.20529878e-14
  2.08000000e-05  -4.86400918e-03   9.54578407e-04  -1.85136937e-03  -2.36779616e-15   1.15805744e-14   1.21918126e-14
  2.08800000e-05  -4.84747428e-03   8.75576702e-04  -1.75238577e-03  -2.41153400e-15   1.12703241e-14   1.23020185e-14
  2.09600000e-05  -4.83477614e-03   7.98265265e-04  -1.65620185e-03  -2.44230831e-15   1.09705005e-14   1.24171963e-14
  2.10400000e-05  -4.81669823e-03   7.18833042e-04  -1.56277452e-03  -2.46864840e-15   1.06616984e-14   1.25128195e-14
  2.11200000e-05  -4.79584304e-03   6.40103674e-04  -1.47550275e-03  -2.49377422e-15   1.03516791e-14   1.25963151e-14
  2.12000000e-05  -4.77282630e-03   5.59360971e-04  -1.39172365e-03  -2.51709345e-15   1.00408936e-14   1.26678409e-14
  2.12800000e-05  -4.75045516e-03   4.78821998e-04  -1.31020501e-03  -2.53139274e-15   9.73460713e-15   1.27357257e-14
  2.13600000e-05  -4.72444368e-03   3.97061728e-04  -1.23225337e-03  -2.54330864e-15   9.42536409e-15   1.27880923e-14
  2.14400000e-05  -4.69522288e-03   3.17056267e-04  -1.15869236e-03  -2.54994032e-15   9.11511468e-15   1.28269961e-14
  2.15200000e-05  -4.66807687e-03   2.37224153e-04  -1.08545467e-03  -2.54391058e-15   8.81201849e-15   1.28661235e-14
  2.16000000e-05  -4.63443356e-03   1.57133665e-04  -1.01507803e-03  -2.53324100e-15   8.50208378e-15   1.28818675e-14
  2.16800000e-05  -4.59924397e-03   7.68339976e-05  -9.48019541e-04  -2.51954001e-15   8.19505861e-15   1.28875385e-14
  2.17600000e-05  -4.56656991e-03  -2.38923986e-06  -8.83053710e-04  -2.49772285e-15   7.89734997e-15   1.28952036e-14
  2.18400000e-05  -4.52860306e-03  -8.15083116e-05  -8.19667878e-04  -2.46843063e-15   7.59596373e-15   1.28825450e-14
  2.19200000e-05  -4.48858458e-03  -1.57999745e-04  -7.58821910e-04  -2.43083533e-15   7.29725668e-15   1.28594669e-14
  2.20000000e-05  -4.44821497e-03  -2.35674997e-04  -7.00562033e-04  -2.39164212e-15   7.00419745e-15   1.28294479e-14
  2.20800000e-05  -4.40558832e-03  -3.11197592e-04  -6.44478663e-04  -2.34500030e-15   6.71392411e-15   1.27882418e-14
  2.21600000e-05  -4.36033465e-03  -3.85334776e-04  -5.89209965e-04  -2.28866406e-15   6.42585129e-15   1.27344031e-14
  2.22400000e-05  -4.30984489e-03  -4.57185789e-04  -5.35369031e-04  -2.22368995e-15   6.13707109e-15   1.26603832e-14
  2.23200000e-05  -4.25876257e-03  -5.27033311e-04  -4.83615246e-04  -2.15307847e-15   5.85486453e-15   1.25797137e-14
  2.24000000e-05  -4.20854529e-03  -5.95696137e-04  -4.33784590e-04  -2.07803281e-15   5.58111540e-15   1.24966318e-14
  2.24800000e-05  -4.15462785e-03  -6.64267940e-04  -3.85442496e-04  -1.99911131e-15   5.30986767e-15   1.23971506e-14
  2.25600000e-05  -4.09777246e-03  -7.28619845e-04  -3.37844622e-04  -1.90941137e-15   5.04239474e-15   1.22847729e-14
  2.26400000e-05  -4.03686262e-03  -7.90450171e-04  -2.92164946e-04  -1.81535814e-15   4.77823326e-15   1.21554490e-14
  2.27200000e-05  -3.97779383e-03  -8.51670116e-04  -2.48503697e-04  -1.72007070e-15   4.52451807e-15   1.20267417e-14
  2.28000000e-05  -3.91577734e-03  -9.11020229e-04  -2.06827196e-04  -1.62249305e-15   4.27575000e-15   1.18844466e-14
  2.28800000e-05  -3.85053284e-03  -9.65499442e-04  -1.66269674e-04  -1.51739840e-15   4.03179459e-15   1.17285184e-14
  2.29600000e-05  -3.78252702e-03  -1.01790797e-03  -1.26894145e-04  -1.40867817e-15   3.79358527e-15   1.15595763e-14
  2.30400000e-05  -3.71278103e-03  -1.06841275e-03  -9.02675909e-05  -1.30195873e-15   3.56282423e-15   1.13808380e-14
  2.31200000e-05  -3.64244436e-03  -1.11595624e-03  -5.48365298e-05  -1.19192012e-15   3.34021560e-15   1.11963375e-14
