       time             b_x              b_y              b_z              F_x              F_y              F_z
  0.00000000e+00   3.87611689e-05   3.02736597e-05  -2.58603154e-04   1.07972081e-16  -1.69395388e-17   1.42005315e-17
  8.00000000e-08   4.24927519e-05   3.34673547e-05  -2.29985995e-04   1.05143828e-16  -2.61351398e-17   1.56234582e-17
  1.60000000e-07   4.46819549e-05   3.49822832e-05  -2.01996666e-04   1.00141204e-16  -3.31185295e-17   1.64158304e-17
  2.40000000e-07   4.57889108e-05   3.58586304e-05  -1.74189376e-04   9.42939918e-17  -3.85939850e-17   1.68419671e-17
  3.20000000e-07   4.88205934e-05   3.81465693e-05  -1.47861023e-04   9.07839389e-17  -4.65543568e-17   1.79644150e-17
  4.00000000e-07   5.30688494e-05   4.17930756e-05  -1.20340470e-04   8.88549445e-17  -5.63971445e-17   1.95978922e-17
  4.80000000e-07   5.48731560e-05   4.33806444e-05  -9.19009330e-05   8.38192152e-17  -6.29918707e-17   2.03131445e-17
  5.60000000e-07   5.63873299e-05   4.45753932e-05  -6.56398909e-05   7.87834764e-17  -6.88844391e-17   2.08994698e-17
  6.40000000e-07   5.88685077e-05   4.63867301e-05  -3.94151546e-05   7.46027939e-17  -7.61320855e-17   2.18250228e-17
