       time             b_x              b_y              b_z              F_x              F_y              F_z
  0.00000000e+00   4.18380259e-05   2.99360160e-05  -2.07061143e-03   2.19235054e-16   2.89246969e-15   4.62478760e-17
  8.00000000e-08   7.02275445e-05   5.07463166e-05  -2.07450543e-03   2.02857129e-16   2.89335254e-15   7.76441167e-17
  1.60000000e-07   9.97714488e-05   7.21235071e-05  -2.07692580e-03   1.86382451e-16   2.89182727e-15   1.09375295e-16
  2.40000000e-07   1.28691060e-04   9.27896769e-05  -2.07976978e-03   1.69717279e-16   2.89094563e-15   1.39482269e-16
  3.20000000e-07   1.58325918e-04   1.14367985e-04  -2.08276383e-03   1.53178410e-16   2.89004495e-15   1.70341315e-16
  4.00000000e-07   1.86354487e-04   1.34841993e-04  -2.08612674e-03   1.36321444e-16   2.88993703e-15   1.98975918e-16
  4.80000000e-07   2.13621174e-04   1.55350342e-04  -2.08978476e-03   1.19377302e-16   2.89034507e-15   2.27065305e-16
  5.60000000e-07   2.42552531e-04   1.76715631e-04  -2.09305323e-03   1.02479583e-16   2.88979451e-15   2.55859973e-16
  6.40000000e-07   2.70351263e-04   1.97375575e-04  -2.09658834e-03   8.53159694e-17   2.88981071e-15   2.83051909e-16
  7.20000000e-07   2.98271230e-04   2.18212850e-04  -2.10063012e-03   6.80624418e-17   2.89046967e-15   3.09925430e-16
  8.00000000e-07   3.26639884e-04   2.39085076e-04  -2.10406792e-03   5.06677212e-17   2.89014807e-15   3.36273066e-16
  8.80000000e-07   3.54844895e-04   2.60205721e-04  -2.10808189e-03   3.31708226e-17   2.89063980e-15   3.62382275e-16
  9.60000000e-07   3.82772605e-04   2.81257745e-04  -2.11204242e-03   1.54986019e-17   2.89108807e-15   3.87811032e-16
  1.04000000e-06   4.10937009e-04   3.02264001e-04  -2.11655065e-03  -2.37097728e-18   2.89223611e-15   4.12579088e-16
  1.12000000e-06   4.39251686e-04   3.23062553e-04  -2.12144502e-03  -2.04878503e-17   2.89387992e-15   4.36450110e-16
  1.20000000e-06   4.67621125e-04   3.44370437e-04  -2.12591904e-03  -3.86813820e-17   2.89491003e-15   4.60428258e-16
  1.28000000e-06   4.96526487e-04   3.66208507e-04  -2.13013885e-03  -5.69533937e-17   2.89546647e-15   4.84506251e-16
  1.36000000e-06   5.23598116e-04   3.86586844e-04  -2.13562493e-03  -7.58056871e-17   2.89816664e-15   5.06035194e-16
  1.44000000e-06   5.51760306e-04   4.08086547e-04  -2.14108273e-03  -9.46699253e-17   2.90060606e-15   5.28453751e-16
  1.52000000e-06   5.79560677e-04   4.29841937e-04  -2.14698637e-03  -1.13769941e-16   2.90374306e-15   5.50638781e-16
  1.60000000e-06   6.07355740e-04   4.51202760e-04  -2.15244140e-03  -1.33157094e-16   2.90625169e-15   5.71646253e-16
  1.68000000e-06   6.33684928e-04   4.71835408e-04  -2.15836956e-03  -1.52999305e-16   2.90970749e-15   5.91163669e-16
  1.76000000e-06   6.62512170e-04   4.94709619e-04  -2.16552082e-03  -1.72841319e-16   2.91440509e-15   6.12912488e-16
  1.84000000e-06   6.89103896e-04   5.15323263e-04  -2.17212844e-03  -1.93347294e-16   2.91876493e-15   6.31118800e-16
  1.92000000e-06   7.14886512e-04   5.36141795e-04  -2.17954671e-03  -2.14235939e-16   2.92440663e-15   6.49099297e-16
  2.00000000e-06   7.42068921e-04   5.57744104e-04  -2.18704511e-03  -2.35320867e-16   2.92989973e-15   6.67343343e-16
  2.08000000e-06   7.70118757e-04   5.80048225e-04  -2.19518081e-03  -2.56722757e-16   2.93612559e-15   6.85769218e-16
  2.16000000e-06   7.94895071e-04   6.00170575e-04  -2.20474176e-03  -2.79131643e-16   2.94492464e-15   7.01023937e-16
  2.24000000e-06   8.22481220e-04   6.22071809e-04  -2.21299750e-03  -3.01380506e-16   2.95138610e-15   7.17621364e-16
  2.32000000e-06   8.51532969e-04   6.45228830e-04  -2.22215480e-03  -3.23967326e-16   2.95884556e-15   7.34990917e-16
  2.40000000e-06   8.77986664e-04   6.66884850e-04  -2.23209704e-03  -3.47389618e-16   2.96783684e-15   7.50057879e-16
  2.48000000e-06   9.03549659e-04   6.88231762e-04  -2.24219836e-03  -3.71324441e-16   2.97717809e-15   7.64195748e-16
  2.56000000e-06   9.32529346e-04   7.11418934e-04  -2.25288166e-03  -3.95529066e-16   2.98673655e-15   7.79436621e-16
  2.64000000e-06   9.59428283e-04   7.33701880e-04  -2.26425242e-03  -4.20517739e-16   2.99756794e-15   7.93137992e-16
  2.72000000e-06   9.86402317e-04   7.56862181e-04  -2.27578617e-03  -4.45895752e-16   3.00857796e-15   8.07301802e-16
  2.80000000e-06   1.01411073e-03   7.79969017e-04  -2.28783311e-03  -4.71921387e-16   3.02014469e-15   8.20443913e-16
  2.88000000e-06   1.04278728e-03   8.04116798e-04  -2.30015105e-03  -4.98380884e-16   3.03189778e-15   8.33986394e-16
  2.96000000e-06   1.07159554e-03   8.28433860e-04  -2.31379368e-03  -5.25734464e-16   3.04542056e-15   8.46901271e-16
  3.04000000e-06   1.10058436e-03   8.53150922e-04  -2.32678257e-03  -5.53426276e-16   3.05795642e-15   8.59472671e-16
  3.12000000e-06   1.13022882e-03   8.78446668e-04  -2.34044584e-03  -5.81818592e-16   3.07127327e-15   8.71783312e-16
  3.20000000e-06   1.15888845e-03   9.03654404e-04  -2.35531088e-03  -6.11207617e-16   3.08632073e-15   8.83384816e-16
  3.28000000e-06   1.18881963e-03   9.29486086e-04  -2.37015594e-03  -6.41147437e-16   3.10108034e-15   8.94541297e-16
  3.36000000e-06   1.21876518e-03   9.56196065e-04  -2.38519639e-03  -6.71689262e-16   3.11601880e-15   9.05960382e-16
  3.44000000e-06   1.24856726e-03   9.82175785e-04  -2.40165561e-03  -7.03491525e-16   3.13282131e-15   9.15462121e-16
  3.52000000e-06   1.27888472e-03   1.00878757e-03  -2.41891484e-03  -7.36213344e-16   3.15053660e-15   9.24666764e-16
  3.60000000e-06   1.30977212e-03   1.03568127e-03  -2.43601784e-03  -7.69582883e-16   3.16783608e-15   9.33035154e-16
  3.68000000e-06   1.34131072e-03   1.06362914e-03  -2.45439553e-03  -8.04065632e-16   3.18665311e-15   9.41541496e-16
  3.76000000e-06   1.37304905e-03   1.09204381e-03  -2.47306382e-03  -8.39400532e-16   3.20568380e-15   9.49514138e-16
  3.84000000e-06   1.40439513e-03   1.12092698e-03  -2.49331539e-03  -8.76135909e-16   3.22673540e-15   9.57156792e-16
  3.92000000e-06   1.43748861e-03   1.15011373e-03  -2.51253616e-03  -9.13269880e-16   3.24599089e-15   9.63346789e-16
  4.00000000e-06   1.46982336e-03   1.18019529e-03  -2.53308654e-03  -9.51723909e-16   3.26692098e-15   9.69859767e-16
  4.08000000e-06   1.50382966e-03   1.20995085e-03  -2.55380838e-03  -9.91184971e-16   3.28767330e-15   9.73976657e-16
  4.16000000e-06   1.53719209e-03   1.24058231e-03  -2.57568206e-03  -1.03197913e-15   3.30978934e-15   9.78271343e-16
  4.24000000e-06   1.57066912e-03   1.27274335e-03  -2.59830480e-03  -1.07391323e-15   3.33261333e-15   9.83256117e-16
  4.32000000e-06   1.60588268e-03   1.30469307e-03  -2.62136954e-03  -1.11706391e-15   3.35555431e-15   9.85780452e-16
  4.40000000e-06   1.64183556e-03   1.33771791e-03  -2.64545827e-03  -1.16161058e-15   3.37946398e-15   9.87955834e-16
  4.48000000e-06   1.67889695e-03   1.37134691e-03  -2.66959849e-03  -1.20717057e-15   3.40298897e-15   9.88899053e-16
  4.56000000e-06   1.71642102e-03   1.40546987e-03  -2.69417763e-03  -1.25395783e-15   3.42667558e-15   9.88713468e-16
  4.64000000e-06   1.75472911e-03   1.44153638e-03  -2.72012573e-03  -1.30237496e-15   3.45169732e-15   9.89083692e-16
  4.72000000e-06   1.79399719e-03   1.47713049e-03  -2.74634563e-03  -1.35209470e-15   3.47655675e-15   9.86647081e-16
  4.80000000e-06   1.83417847e-03   1.51469148e-03  -2.77314825e-03  -1.40311562e-15   3.50163342e-15   9.84559648e-16
  4.88000000e-06   1.87529799e-03   1.55342846e-03  -2.80040486e-03  -1.45547208e-15   3.52673072e-15   9.81672348e-16
  4.96000000e-06   1.91963302e-03   1.59523641e-03  -2.82810811e-03  -1.50906455e-15   3.55165010e-15   9.79054307e-16
  5.04000000e-06   1.96308477e-03   1.63551567e-03  -2.85669306e-03  -1.56447875e-15   3.57719590e-15   9.72927598e-16
  5.12000000e-06   2.00768818e-03   1.67690552e-03  -2.88645654e-03  -1.62175140e-15   3.60355472e-15   9.65491647e-16
  5.20000000e-06   2.05315830e-03   1.71945091e-03  -2.91632483e-03  -1.68029196e-15   3.62932339e-15   9.56868029e-16
  5.28000000e-06   2.09738295e-03   1.76107852e-03  -2.94681449e-03  -1.74053184e-15   3.65521741e-15   9.45618761e-16
  5.36000000e-06   2.14599889e-03   1.80608618e-03  -2.97846956e-03  -1.80262021e-15   3.68157459e-15   9.33640570e-16
  5.44000000e-06   2.19747672e-03   1.85413889e-03  -3.01032647e-03  -1.86601772e-15   3.70722655e-15   9.21223143e-16
  5.52000000e-06   2.24689180e-03   1.90027644e-03  -3.04285708e-03  -1.93127135e-15   3.73292593e-15   9.05147160e-16
  5.60000000e-06   2.29965394e-03   1.94923463e-03  -3.07587136e-03  -1.99805931e-15   3.75812519e-15   8.87755844e-16
  5.68000000e-06   2.35396137e-03   1.99951396e-03  -3.10958328e-03  -2.06661269e-15   3.78311246e-15   8.68174124e-16
  5.76000000e-06   2.40989817e-03   2.05134447e-03  -3.14360229e-03  -2.13666803e-15   3.80732847e-15   8.46477887e-16
  5.84000000e-06   2.46747959e-03   2.10424656e-03  -3.17868733e-03  -2.20878731e-15   3.83163642e-15   8.21902213e-16
  5.92000000e-06   2.52710237e-03   2.15873635e-03  -3.21407714e-03  -2.28242204e-15   3.85499870e-15   7.94632974e-16
  6.00000000e-06   2.58835383e-03   2.21490805e-03  -3.25001366e-03  -2.35774026e-15   3.87764674e-15   7.64909071e-16
  6.08000000e-06   2.65133663e-03   2.27289983e-03  -3.28619321e-03  -2.43450903e-15   3.89912094e-15   7.32643581e-16
  6.16000000e-06   2.71612917e-03   2.33249218e-03  -3.32325053e-03  -2.51319749e-15   3.92008706e-15   6.97330337e-16
  6.24000000e-06   2.78311923e-03   2.39347138e-03  -3.36049585e-03  -2.59326163e-15   3.93960715e-15   6.58230434e-16
  6.32000000e-06   2.85228426e-03   2.45629964e-03  -3.39807792e-03  -2.67477134e-15   3.95775494e-15   6.15708031e-16
  6.40000000e-06   2.92125815e-03   2.51905901e-03  -3.43587771e-03  -2.75760940e-15   3.97430756e-15   5.69236298e-16
  6.48000000e-06   2.99477770e-03   2.58528475e-03  -3.47445247e-03  -2.84213323e-15   3.98973125e-15   5.18940513e-16
  6.56000000e-06   3.07381207e-03   2.65569284e-03  -3.51213460e-03  -2.92689398e-15   4.00197859e-15   4.64476460e-16
  6.64000000e-06   3.15291483e-03   2.72617248e-03  -3.55010062e-03  -3.01280771e-15   4.01234351e-15   4.05400999e-16
  6.72000000e-06   3.23434607e-03   2.79894095e-03  -3.58814164e-03  -3.09957650e-15   4.02042779e-15   3.42192987e-16
  6.80000000e-06   3.31883030e-03   2.87382252e-03  -3.62649632e-03  -3.18731081e-15   4.02634469e-15   2.73778399e-16
  6.88000000e-06   3.40657779e-03   2.95075226e-03  -3.66443708e-03  -3.27523637e-15   4.02912317e-15   1.99647807e-16
  6.96000000e-06   3.49569221e-03   3.02893275e-03  -3.70212400e-03  -3.36333279e-15   4.02878813e-15   1.20404415e-16
  7.04000000e-06   3.59064927e-03   3.10995455e-03  -3.74014211e-03  -3.45195457e-15   4.02578082e-15   3.34846148e-17
  7.12000000e-06   3.68851407e-03   3.19383491e-03  -3.77710530e-03  -3.53962539e-15   4.01842719e-15  -5.87129547e-17
  7.20000000e-06   3.79033937e-03   3.28044360e-03  -3.81251960e-03  -3.62561336e-15   4.00604677e-15  -1.57558413e-16
  7.28000000e-06   3.89592412e-03   3.36868170e-03  -3.84788827e-03  -3.71107475e-15   3.99003903e-15  -2.64273314e-16
  7.36000000e-06   4.00435320e-03   3.45956546e-03  -3.88364137e-03  -3.79617857e-15   3.97060549e-15  -3.77138380e-16
  7.44000000e-06   4.11879874e-03   3.55349835e-03  -3.91603414e-03  -3.87691874e-15   3.94366895e-15  -4.99083214e-16
  7.52000000e-06   4.23564187e-03   3.64915805e-03  -3.94839673e-03  -3.95621516e-15   3.91244087e-15  -6.28101904e-16
  7.60000000e-06   4.35610436e-03   3.74839878e-03  -3.97960745e-03  -4.03256497e-15   3.87552397e-15  -7.63709632e-16
  7.68000000e-06   4.48166089e-03   3.84876768e-03  -4.00860529e-03  -4.10446594e-15   3.83160403e-15  -9.10009948e-16
  7.76000000e-06   4.61140312e-03   3.95105737e-03  -4.03720302e-03  -4.17333148e-15   3.78217742e-15  -1.06541925e-15
  7.84000000e-06   4.74671902e-03   4.05638217e-03  -4.06083203e-03  -4.23381500e-15   3.72257772e-15  -1.23042083e-15
  7.92000000e-06   4.88655870e-03   4.16415427e-03  -4.08411573e-03  -4.29023344e-15   3.65694831e-15  -1.40455878e-15
  8.00000000e-06   5.03083599e-03   4.27375839e-03  -4.10371485e-03  -4.33844067e-15   3.58186287e-15  -1.58830894e-15
  8.08000000e-06   5.18218023e-03   4.38674620e-03  -4.12024086e-03  -4.37837294e-15   3.49751617e-15  -1.78310011e-15
  8.16000000e-06   5.33676780e-03   4.50088478e-03  -4.13367189e-03  -4.40939298e-15   3.40370042e-15  -1.98667028e-15
  8.24000000e-06   5.49678827e-03   4.61723531e-03  -4.14384171e-03  -4.43056506e-15   3.29985035e-15  -2.20029943e-15
  8.32000000e-06   5.66167169e-03   4.73566479e-03  -4.14909681e-03  -4.43925070e-15   3.18426706e-15  -2.42316800e-15
  8.40000000e-06   5.83236030e-03   4.85573019e-03  -4.15138585e-03  -4.43689666e-15   3.05817567e-15  -2.65643917e-15
  8.48000000e-06   6.00626978e-03   4.97471003e-03  -4.14843778e-03  -4.42029820e-15   2.91947282e-15  -2.89891604e-15
  8.56000000e-06   6.18749876e-03   5.09783082e-03  -4.14073136e-03  -4.38875911e-15   2.76789443e-15  -3.15045409e-15
  8.64000000e-06   6.37721629e-03   5.22435719e-03  -4.12817310e-03  -4.34129754e-15   2.60278775e-15  -3.41252660e-15
  8.72000000e-06   6.56925238e-03   5.34884362e-03  -4.10934640e-03  -4.27588531e-15   2.42320793e-15  -3.68136632e-15
  8.80000000e-06   6.76643852e-03   5.47396682e-03  -4.08419660e-03  -4.19137093e-15   2.22849634e-15  -3.95718921e-15
  8.88000000e-06   6.96580814e-03   5.59792402e-03  -4.05240584e-03  -4.08677667e-15   2.01844967e-15  -4.23663744e-15
  8.96000000e-06   7.17365440e-03   5.72433168e-03  -4.01349410e-03  -3.96022524e-15   1.79146968e-15  -4.52332061e-15
  9.04000000e-06   7.38724706e-03   5.85048113e-03  -3.96602621e-03  -3.80953573e-15   1.54641957e-15  -4.81456301e-15
  9.12000000e-06   7.60417458e-03   5.97597853e-03  -3.91126988e-03  -3.63567364e-15   1.28432023e-15  -5.10607236e-15
  9.20000000e-06   7.82534351e-03   6.10073611e-03  -3.84889897e-03  -3.43763781e-15   1.00433977e-15  -5.39725386e-15
  9.28000000e-06   8.05022818e-03   6.22350045e-03  -3.77749391e-03  -3.21351710e-15   7.05279542e-16  -5.68637273e-15
  9.36000000e-06   8.27872819e-03   6.34413392e-03  -3.69676353e-03  -2.96270615e-15   3.86684926e-16  -5.97123886e-15
  9.44000000e-06   8.50701792e-03   6.45986062e-03  -3.60551057e-03  -2.68432399e-15   4.85159842e-17  -6.24660095e-15
  9.52000000e-06   8.74006609e-03   6.57577067e-03  -3.50579112e-03  -2.37964810e-15  -3.09370267e-16  -6.51283228e-15
  9.60000000e-06   8.97268672e-03   6.68641160e-03  -3.39680373e-03  -2.04950265e-15  -6.86201027e-16  -6.76452618e-15
  9.68000000e-06   9.20711789e-03   6.79449565e-03  -3.27485611e-03  -1.68906617e-15  -1.08505778e-15  -6.99995692e-15
  9.76000000e-06   9.44418994e-03   6.89894002e-03  -3.14441946e-03  -1.30503734e-15  -1.50340141e-15  -7.21815170e-15
  9.84000000e-06   9.67873299e-03   6.99789075e-03  -3.00361460e-03  -8.96832631e-16  -1.94057726e-15  -7.41112097e-15
  9.92000000e-06   9.90687065e-03   7.08878311e-03  -2.85105572e-03  -4.65341950e-16  -2.39545784e-15  -7.57297145e-15
  1.00000000e-05   1.01414776e-02   7.17982144e-03  -2.68894839e-03  -1.15855368e-17  -2.87169543e-15  -7.71147374e-15
  1.00800000e-05   1.03650924e-02   7.26093727e-03  -2.51673023e-03   4.58820734e-16  -3.36168883e-15  -7.80905805e-15
  1.01600000e-05   1.05974504e-02   7.34332262e-03  -2.33205272e-03   9.51493475e-16  -3.87554422e-15  -7.87973895e-15
  1.02400000e-05   1.08116993e-02   7.41062984e-03  -2.13911273e-03   1.45072846e-15  -4.39678153e-15  -7.89957457e-15
  1.03200000e-05   1.10295046e-02   7.47988864e-03  -1.93565483e-03   1.96492768e-15  -4.93687362e-15  -7.88109836e-15
  1.04000000e-05   1.12407076e-02   7.54263644e-03  -1.72162609e-03   2.48649935e-15  -5.48959129e-15  -7.81585465e-15
  1.04800000e-05   1.14378771e-02   7.59460585e-03  -1.50092453e-03   3.00491694e-15  -6.04666399e-15  -7.69669549e-15
  1.05600000e-05   1.16296730e-02   7.64309634e-03  -1.26934033e-03   3.52542122e-15  -6.61440330e-15  -7.52755223e-15
  1.06400000e-05   1.18154817e-02   7.68644042e-03  -1.02994559e-03   4.03976745e-15  -7.18908629e-15  -7.30784725e-15
  1.07200000e-05   1.19828663e-02   7.71984466e-03  -7.86182447e-04   4.53702802e-15  -7.75812842e-15  -7.02756252e-15
  1.08000000e-05   1.21484474e-02   7.75359581e-03  -5.34397552e-04   5.02413177e-15  -8.33345794e-15  -6.69700631e-15
  1.08800000e-05   1.22957808e-02   7.77811233e-03  -2.75868088e-04   5.48882476e-15  -8.90052006e-15  -6.30685048e-15
  1.09600000e-05   1.24361085e-02   7.79987290e-03  -1.12948285e-05   5.93093173e-15  -9.46476365e-15  -5.86488555e-15
  1.10400000e-05   1.25627165e-02   7.81920694e-03   2.53910666e-04   6.34187539e-15  -1.00149272e-14  -5.36564475e-15
  1.11200000e-05   1.26731266e-02   7.83155447e-03   5.24838567e-04   6.71906558e-15  -1.05503480e-14  -4.81280175e-15
  1.12000000e-05   1.27769645e-02   7.84542192e-03   7.99118697e-04   7.06342836e-15  -1.10745402e-14  -4.21055474e-15
  1.12800000e-05   1.28663456e-02   7.85647072e-03   1.07483962e-03   7.36655432e-15  -1.15772187e-14  -3.55825565e-15
  1.13600000e-05   1.29398834e-02   7.86528882e-03   1.35108433e-03   7.62515463e-15  -1.20538730e-14  -2.85801548e-15
  1.14400000e-05   1.29909974e-02   7.86905168e-03   1.62293520e-03   7.83060138e-15  -1.24918923e-14  -2.11220781e-15
  1.15200000e-05   1.30353845e-02   7.87397802e-03   1.89888392e-03   7.99197682e-15  -1.29097283e-14  -1.33108379e-15
  1.16000000e-05   1.30681037e-02   7.88289312e-03   2.17267917e-03   8.10522208e-15  -1.32953963e-14  -5.12590538e-16
  1.16800000e-05   1.30864959e-02   7.89327986e-03   2.44117599e-03   8.16481628e-15  -1.36414154e-14   3.38637814e-16
  1.17600000e-05   1.30940144e-02   7.90594272e-03   2.71022095e-03   8.17359110e-15  -1.39543361e-14   1.21652884e-15
  1.18400000e-05   1.30858566e-02   7.92281928e-03   2.97193725e-03   8.12803731e-15  -1.42202975e-14   2.12067621e-15
  1.19200000e-05   1.30700230e-02   7.94233926e-03   3.23779469e-03   8.03157408e-15  -1.44563127e-14   3.04036628e-15
  1.20000000e-05   1.30372813e-02   7.96491299e-03   3.49147616e-03   7.87710648e-15  -1.46360209e-14   3.97498931e-15
  1.20800000e-05   1.29879191e-02   7.98964608e-03   3.73913345e-03   7.66714457e-15  -1.47648759e-14   4.91714994e-15
  1.21600000e-05   1.29342828e-02   8.02236971e-03   3.98953273e-03   7.40920183e-15  -1.48620703e-14   5.86442398e-15
  1.22400000e-05   1.28663670e-02   8.06056538e-03   4.22778188e-03   7.09729401e-15  -1.49018012e-14   6.81221370e-15
  1.23200000e-05   1.27980976e-02   8.11110764e-03   4.46339689e-03   6.73983119e-15  -1.49051177e-14   7.76090451e-15
  1.24000000e-05   1.27161127e-02   8.16716472e-03   4.68929211e-03   6.33099521e-15  -1.48528416e-14   8.70066416e-15
  1.24800000e-05   1.26163192e-02   8.22383853e-03   4.90775231e-03   5.86923937e-15  -1.47450721e-14   9.62006480e-15
  1.25600000e-05   1.25234221e-02   8.30092069e-03   5.12720009e-03   5.36919317e-15  -1.46093595e-14   1.05380055e-14
  1.26400000e-05   1.24082418e-02   8.37470856e-03   5.33676424e-03   4.81590463e-15  -1.44131645e-14   1.14206175e-14
  1.27200000e-05   1.22930326e-02   8.46319273e-03   5.53675205e-03   4.22275796e-15  -1.41716991e-14   1.22865028e-14
  1.28000000e-05   1.21729274e-02   8.55968551e-03   5.74121829e-03   3.58485670e-15  -1.39004100e-14   1.31235104e-14
  1.28800000e-05   1.20464346e-02   8.66732967e-03   5.93242145e-03   2.90704778e-15  -1.35760453e-14   1.39316635e-14
  1.29600000e-05   1.19134871e-02   8.78306711e-03   6.12211699e-03   2.18683358e-15  -1.32148193e-14   1.47030564e-14
  1.30400000e-05   1.17762500e-02   8.91162473e-03   6.30312463e-03   1.42892719e-15  -1.28091793e-14   1.54404682e-14
  1.31200000e-05   1.16448894e-02   9.05363539e-03   6.48264091e-03   6.32076204e-16  -1.23729328e-14   1.61445878e-14
  1.32000000e-05   1.15039114e-02   9.20209883e-03   6.65831292e-03  -2.05075964e-16  -1.18979730e-14   1.67978737e-14
  1.32800000e-05   1.13641345e-02   9.36457831e-03   6.83020464e-03  -1.07934438e-15  -1.13887161e-14   1.74103625e-14
  1.33600000e-05   1.12198162e-02   9.53603272e-03   6.99390238e-03  -1.98899104e-15  -1.08387103e-14   1.79691399e-14
  1.34400000e-05   1.10745271e-02   9.71904842e-03   7.15287743e-03  -2.93406670e-15  -1.02541001e-14   1.84755712e-14
  1.35200000e-05   1.09332584e-02   9.91661966e-03   7.31911615e-03  -3.91997383e-15  -9.65142718e-15   1.89322886e-14
  1.36000000e-05   1.07877069e-02   1.01219517e-02   7.47205184e-03  -4.93533862e-15  -9.00367725e-15   1.93221053e-14
  1.36800000e-05   1.06490434e-02   1.03407952e-02   7.62543906e-03  -5.98612701e-15  -8.32897909e-15   1.96545788e-14
  1.37600000e-05   1.05128015e-02   1.05742309e-02   7.77901958e-03  -7.07182643e-15  -7.62668728e-15   1.99242409e-14
  1.38400000e-05   1.03757259e-02   1.08151467e-02   7.92525915e-03  -8.18497417e-15  -6.88809909e-15   2.01155379e-14
  1.39200000e-05   1.02496841e-02   1.10731967e-02   8.06977971e-03  -9.32920214e-15  -6.11715707e-15   2.02431620e-14
  1.40000000e-05   1.01260393e-02   1.13409407e-02   8.20612423e-03  -1.04958808e-14  -5.30796398e-15   2.02871662e-14
  1.40800000e-05   1.00053283e-02   1.16169097e-02   8.34355144e-03  -1.16872732e-14  -4.47167300e-15   2.02410243e-14
  1.41600000e-05   9.90679264e-03   1.19191286e-02   8.47777488e-03  -1.29064530e-14  -3.59245469e-15   2.01326982e-14
  1.42400000e-05   9.80358534e-03   1.22225691e-02   8.60641441e-03  -1.41347612e-14  -2.68138585e-15   1.99089601e-14
  1.43200000e-05   9.71740837e-03   1.25436209e-02   8.73090155e-03  -1.53776265e-14  -1.72738195e-15   1.95968652e-14
  1.44000000e-05   9.63988611e-03   1.28734985e-02   8.83962605e-03  -1.66153571e-14  -7.24163239e-16   1.91741895e-14
  1.44800000e-05   9.58536963e-03   1.32311664e-02   8.96000131e-03  -1.78772130e-14   3.13658464e-16   1.86617861e-14
  1.45600000e-05   9.54287715e-03   1.35996824e-02   9.06383375e-03  -1.91225083e-14   1.40367290e-15   1.80270564e-14
  1.46400000e-05   9.51430320e-03   1.39784523e-02   9.15968481e-03  -2.03482557e-14   2.53749960e-15   1.72636024e-14
  1.47200000e-05   9.50273869e-03   1.43630453e-02   9.24049575e-03  -2.15347167e-14   3.72006933e-15   1.63635443e-14
  1.48000000e-05   9.50387379e-03   1.47527810e-02   9.32280467e-03  -2.26814655e-14   4.93190541e-15   1.53175433e-14
  1.48800000e-05   9.53315119e-03   1.51662364e-02   9.38753648e-03  -2.37831217e-14   6.19739141e-15   1.41397045e-14
  1.49600000e-05   9.59027433e-03   1.55944759e-02   9.43391793e-03  -2.48184229e-14   7.51076493e-15   1.28142986e-14
  1.50400000e-05   9.66760650e-03   1.60308151e-02   9.48267009e-03  -2.57793956e-14   8.84690397e-15   1.13261317e-14
  1.51200000e-05   9.76510684e-03   1.64638516e-02   9.50595205e-03  -2.66178088e-14   1.02057502e-14   9.66760502e-15
  1.52000000e-05   9.89235525e-03   1.69057019e-02   9.50889401e-03  -2.73362530e-14   1.15829004e-14   7.84558802e-15
  1.52800000e-05   1.00467136e-02   1.73477864e-02   9.50297047e-03  -2.79138940e-14   1.29587320e-14   5.85475708e-15
  1.53600000e-05   1.02351941e-02   1.77986256e-02   9.48038423e-03  -2.83402112e-14   1.43275417e-14   3.69784705e-15
  1.54400000e-05   1.04585261e-02   1.82544928e-02   9.43874966e-03  -2.85922938e-14   1.56702821e-14   1.37520304e-15
  1.55200000e-05   1.07103554e-02   1.86985311e-02   9.38182533e-03  -2.86320991e-14   1.69568839e-14  -1.10947102e-15
  1.56000000e-05   1.09877519e-02   1.91165117e-02   9.29782619e-03  -2.84213871e-14   1.81537719e-14  -3.73739413e-15
  1.56800000e-05   1.12974509e-02   1.95265343e-02   9.20252138e-03  -2.79765088e-14   1.92481658e-14  -6.49677760e-15
  1.57600000e-05   1.16466768e-02   1.99231064e-02   9.08598079e-03  -2.72758551e-14   2.02169556e-14  -9.36734159e-15
  1.58400000e-05   1.20222256e-02   2.03021494e-02   8.96127093e-03  -2.63081148e-14   2.10202465e-14  -1.23279494e-14
  1.59200000e-05   1.24215440e-02   2.06349105e-02   8.80789239e-03  -2.50324825e-14   2.16116138e-14  -1.53284836e-14
  1.60000000e-05   1.28440400e-02   2.09268427e-02   8.65446491e-03  -2.34625382e-14   2.19821365e-14  -1.83330724e-14
  1.60800000e-05   1.32870796e-02   2.11754718e-02   8.48228767e-03  -2.16051788e-14   2.20883634e-14  -2.12987100e-14
  1.61600000e-05   1.37465642e-02   2.13770845e-02   8.30140830e-03  -1.94736508e-14   2.19112399e-14  -2.41769383e-14
  1.62400000e-05   1.42186122e-02   2.15312275e-02   8.11434519e-03  -1.70911071e-14   2.14317044e-14  -2.69201117e-14
  1.63200000e-05   1.46925185e-02   2.16271261e-02   7.92472179e-03  -1.44779967e-14   2.06328100e-14  -2.94660372e-14
  1.64000000e-05   1.51630453e-02   2.16595591e-02   7.74673519e-03  -1.16644847e-14   1.95243188e-14  -3.17577689e-14
  1.64800000e-05   1.56145301e-02   2.16144828e-02   7.55583431e-03  -8.70131637e-15   1.80748283e-14  -3.37237541e-14
  1.65600000e-05   1.60551042e-02   2.15143680e-02   7.38750337e-03  -5.64002306e-15   1.63479439e-14  -3.53522036e-14
  1.66400000e-05   1.64548734e-02   2.13235864e-02   7.20373235e-03  -2.54428095e-15   1.43102342e-14  -3.65476786e-14
  1.67200000e-05   1.68331019e-02   2.10968622e-02   7.06385280e-03   5.40824883e-16   1.20785860e-14  -3.73626169e-14
  1.68000000e-05   1.71622045e-02   2.07958071e-02   6.92417078e-03   3.54377356e-15   9.63351589e-15  -3.77165314e-14
  1.68800000e-05   1.74436577e-02   2.04373344e-02   6.79486535e-03   6.40811673e-15   7.04004609e-15  -3.76255831e-14
  1.69600000e-05   1.76741621e-02   2.00278452e-02   6.68842702e-03   9.09158969e-15   4.36718459e-15  -3.71016274e-14
  1.70400000e-05   1.78407073e-02   1.95653115e-02   6.58246821e-03   1.15297778e-14   1.64867252e-15  -3.61499933e-14
  1.71200000e-05   1.79606843e-02   1.90831309e-02   6.50879808e-03   1.37232242e-14  -1.02986818e-15  -3.48490436e-14
  1.72000000e-05   1.80076208e-02   1.85570212e-02   6.42978202e-03   1.56073899e-14  -3.64695074e-15  -3.31854822e-14
  1.72800000e-05   1.80151275e-02   1.80263519e-02   6.38484365e-03   1.72158034e-14  -6.13039126e-15  -3.12672187e-14
  1.73600000e-05   1.79572251e-02   1.74736284e-02   6.34002556e-03   1.85053238e-14  -8.45905560e-15  -2.90998625e-14
  1.74400000e-05   1.78418461e-02   1.69114544e-02   6.30413428e-03   1.94907356e-14  -1.05918545e-14  -2.67486433e-14
  1.75200000e-05   1.76822472e-02   1.63559330e-02   6.26271188e-03   2.01855790e-14  -1.25249895e-14  -2.42815749e-14
  1.76000000e-05   1.74905917e-02   1.58206627e-02   6.24622953e-03   2.06394324e-14  -1.42281216e-14  -2.17567370e-14
  1.76800000e-05   1.72558704e-02   1.52944941e-02   6.21491487e-03   2.08366332e-14  -1.57085870e-14  -1.91956531e-14
  1.77600000e-05   1.69883028e-02   1.47804339e-02   6.19053193e-03   2.08150008e-14  -1.69544428e-14  -1.66411413e-14
  1.78400000e-05   1.66959013e-02   1.42948583e-02   6.16424209e-03   2.06131102e-14  -1.79794299e-14  -1.41365393e-14
  1.79200000e-05   1.63694165e-02   1.38188940e-02   6.12712829e-03   2.02293718e-14  -1.87787053e-14  -1.16926025e-14
  1.80000000e-05   1.60305057e-02   1.33788180e-02   6.09194879e-03   1.97274231e-14  -1.93793586e-14  -9.35130273e-15
  1.80800000e-05   1.56809981e-02   1.29652578e-02   6.05156471e-03   1.91170042e-14  -1.97974545e-14  -7.12123358e-15
  1.81600000e-05   1.53131144e-02   1.25729316e-02   5.98988387e-03   1.84111019e-14  -2.00368092e-14  -5.01009382e-15
  1.82400000e-05   1.49587765e-02   1.22224657e-02   5.94671445e-03   1.76655305e-14  -2.01447673e-14  -3.03293439e-15
  1.83200000e-05   1.45872258e-02   1.18882840e-02   5.88322553e-03   1.68582091e-14  -2.00992629e-14  -1.18451298e-15
  1.84000000e-05   1.42080746e-02   1.15767333e-02   5.81604009e-03   1.60166642e-14  -1.99231154e-14   5.29334967e-16
  1.84800000e-05   1.38387585e-02   1.12966963e-02   5.73989623e-03   1.51686775e-14  -1.96540856e-14   2.10989378e-15
  1.85600000e-05   1.34739833e-02   1.10405115e-02   5.65599285e-03   1.43163621e-14  -1.92965319e-14   3.56173699e-15
  1.86400000e-05   1.31173185e-02   1.08097794e-02   5.57126654e-03   1.34708864e-14  -1.88674023e-14   4.89126674e-15
  1.87200000e-05   1.27613086e-02   1.05945400e-02   5.47607458e-03   1.26301930e-14  -1.83660543e-14   6.09964419e-15
  1.88000000e-05   1.24064560e-02   1.03983278e-02   5.37417135e-03   1.18066549e-14  -1.78035499e-14   7.19150937e-15
  1.88800000e-05   1.20705578e-02   1.02298867e-02   5.27867012e-03   1.10121650e-14  -1.72159490e-14   8.18278716e-15
  1.89600000e-05   1.17409989e-02   1.00824676e-02   5.16566313e-03   1.02526255e-14  -1.65886932e-14   9.07509768e-15
  1.90400000e-05   1.14244428e-02   9.94597780e-03   5.05731118e-03   9.50827974e-15  -1.59432495e-14   9.87568409e-15
  1.91200000e-05   1.11061722e-02   9.82234123e-03   4.94548319e-03   8.78889732e-15  -1.52657023e-14   1.05821673e-14
  1.92000000e-05   1.08015498e-02   9.71526136e-03   4.83019522e-03   8.10156915e-15  -1.45812329e-14   1.12109312e-14
  1.92800000e-05   1.05046596e-02   9.62195105e-03   4.71050240e-03   7.44528360e-15  -1.38873328e-14   1.17637275e-14
  1.93600000e-05   1.02192379e-02   9.54288446e-03   4.58791879e-03   6.82007112e-15  -1.31929753e-14   1.22502408e-14
  1.94400000e-05   9.95044528e-03   9.48048120e-03   4.46368604e-03   6.22783002e-15  -1.25076829e-14   1.26821577e-14
  1.95200000e-05   9.68293908e-03   9.42442372e-03   4.34409097e-03   5.65194867e-15  -1.18212464e-14   1.30478301e-14
  1.96000000e-05   9.41782309e-03   9.37011238e-03   4.21733077e-03   5.09897653e-15  -1.11333048e-14   1.33494529e-14
  1.96800000e-05   9.16970872e-03   9.33209666e-03   4.10140923e-03   4.56648221e-15  -1.04695275e-14   1.36122313e-14
  1.97600000e-05   8.93000514e-03   9.30332447e-03   3.97993279e-03   4.06142789e-15  -9.81493257e-15   1.38301156e-14
  1.98400000e-05   8.69671704e-03   9.27989470e-03   3.85872461e-03   3.57462574e-15  -9.17264621e-15   1.40029901e-14
  1.99200000e-05   8.47323450e-03   9.26570302e-03   3.73746940e-03   3.10859240e-15  -8.54651927e-15   1.41404976e-14
  2.00000000e-05   8.25190178e-03   9.25518703e-03   3.61474345e-03   2.66009555e-15  -7.93133593e-15   1.42348000e-14
  2.00800000e-05   8.03394212e-03   9.24238858e-03   3.49290541e-03   2.22208026e-15  -7.33083272e-15   1.42867712e-14
  2.01600000e-05   7.83055830e-03   9.24262725e-03   3.38065970e-03   1.79461706e-15  -6.75844921e-15   1.43205698e-14
  2.02400000e-05   7.63420108e-03   9.24643601e-03   3.26557279e-03   1.38430501e-15  -6.20225245e-15   1.43254096e-14
  2.03200000e-05   7.43762899e-03   9.24822648e-03   3.15170859e-03   9.82908791e-16  -5.66108863e-15   1.42920951e-14
  2.04000000e-05   7.25132563e-03   9.25731415e-03   3.03876067e-03   5.95420266e-16  -5.14099901e-15   1.42407584e-14
  2.04800000e-05   7.06800120e-03   9.26517402e-03   2.92562748e-03   2.18610960e-16  -4.63796513e-15   1.41598381e-14
  2.05600000e-05   6.88998175e-03   9.27647715e-03   2.81539485e-03  -1.49553580e-16  -4.15517326e-15   1.40569239e-14
  2.06400000e-05   6.71808811e-03   9.28884181e-03   2.71015222e-03  -5.13034799e-16  -3.69426713e-15   1.39335628e-14
  2.07200000e-05   6.55106072e-03   9.30042909e-03   2.60360694e-03  -8.64796270e-16  -3.25096045e-15   1.37888172e-14
  2.08000000e-05   6.38904772e-03   9.31569493e-03   2.49924300e-03  -1.20822116e-15  -2.82730297e-15   1.36271962e-14
  2.08800000e-05   6.23348960e-03   9.33129192e-03   2.39248905e-03  -1.53852278e-15  -2.42077597e-15   1.34501485e-14
  2.09600000e-05   6.08051240e-03   9.34519175e-03   2.29273889e-03  -1.86827617e-15  -2.03585977e-15   1.32529598e-14
  2.10400000e-05   5.93112564e-03   9.35564179e-03   2.19079373e-03  -2.18531716e-15  -1.66751060e-15   1.30372942e-14
  2.11200000e-05   5.78894593e-03   9.37254103e-03   2.09041900e-03  -2.49400551e-15  -1.31774134e-15   1.28147744e-14
  2.12000000e-05   5.64871683e-03   9.38319334e-03   1.99249190e-03  -2.79608775e-15  -9.86505127e-16   1.25726365e-14
  2.12800000e-05   5.51245962e-03   9.39106062e-03   1.89283603e-03  -3.08543671e-15  -6.71399849e-16   1.23167045e-14
  2.13600000e-05   5.38119302e-03   9.40206745e-03   1.79493557e-03  -3.36701543e-15  -3.73874722e-16   1.20526640e-14
  2.14400000e-05   5.25295644e-03   9.40513760e-03   1.69564588e-03  -3.63531930e-15  -9.21834143e-17   1.17731962e-14
  2.15200000e-05   5.13043907e-03   9.41359816e-03   1.60107448e-03  -3.90002374e-15   1.71312380e-16   1.14898891e-14
  2.16000000e-05   5.01094265e-03   9.41702980e-03   1.50180166e-03  -4.14707706e-15   4.21413093e-16   1.11947577e-14
  2.16800000e-05   4.89547022e-03   9.41961882e-03   1.40498581e-03  -4.38643300e-15   6.55020526e-16   1.08923581e-14
  2.17600000e-05   4.78347905e-03   9.41888461e-03   1.30648455e-03  -4.61183467e-15   8.74381037e-16   1.05817711e-14
  2.18400000e-05   4.67514935e-03   9.41791815e-03   1.20916681e-03  -4.82780817e-15   1.07856505e-15   1.02656530e-14
  2.19200000e-05   4.57148975e-03   9.41184618e-03   1.10858164e-03  -5.02676870e-15   1.27031608e-15   9.94405968e-15
  2.20000000e-05   4.46896192e-03   9.40406264e-03   1.00793129e-03  -5.21382397e-15   1.44715545e-15   9.61498105e-15
  2.20800000e-05   4.37169741e-03   9.39535676e-03   9.08685321e-04  -5.39120753e-15   1.61054921e-15   9.28489031e-15
  2.21600000e-05   4.27718257e-03   9.37938626e-03   8.05406462e-04  -5.54886740e-15   1.76193455e-15   8.94908908e-15
  2.22400000e-05   4.18522273e-03   9.36684120e-03   7.05237430e-04  -5.70093359e-15   1.89882648e-15   8.61223536e-15
  2.23200000e-05   4.09574766e-03   9.34531050e-03   6.01961420e-04  -5.83314803e-15   2.02373746e-15   8.27070860e-15
  2.24000000e-05   4.01037068e-03   9.32278809e-03   4.95539175e-04  -5.94949989e-15   2.13776174e-15   7.93035239e-15
  2.24800000e-05   3.92808628e-03   9.29587393e-03   3.90066968e-04  -6.05331489e-15   2.23942898e-15   7.58970626e-15
  2.25600000e-05   3.84846288e-03   9.27139460e-03   2.84545708e-04  -6.14748455e-15   2.32922488e-15   7.25086694e-15
  2.26400000e-05   3.77293251e-03   9.24303416e-03   1.76723565e-04  -6.22557998e-15   2.40902669e-15   6.91462433e-15
  2.27200000e-05   3.69951178e-03   9.20699894e-03   6.50114351e-05  -6.28312258e-15   2.47820225e-15   6.57854301e-15
  2.28000000e-05   3.62967674e-03   9.17407611e-03  -4.46638147e-05  -6.33468654e-15   2.53670369e-15   6.24774816e-15
  2.28800000e-05   3.55978457e-03   9.13385477e-03  -1.54641656e-04  -6.37038384e-15   2.58292921e-15   5.91629883e-15
  2.29600000e-05   3.49349502e-03   9.09117991e-03  -2.67790492e-04  -6.39017176e-15   2.62024464e-15   5.59049816e-15
  2.30400000e-05   3.42833533e-03   9.04354426e-03  -3.80517845e-04  -6.39668323e-15   2.64657838e-15   5.26775177e-15
  2.31200000e-05   3.36724160e-03   8.99460117e-03  -4.96112899e-04  -6.38888698e-15   2.66494357e-15   4.95286164e-15
  2.32000000e-05   3.30815219e-03   8.94245887e-03  -6.12285774e-04  -6.36843926e-15   2.67387543e-15   4.64367265e-15
  2.32800000e-05   3.25044712e-03   8.88759810e-03  -7.28035647e-04  -6.33705045e-15   2.67317381e-15   4.34023685e-15
  2.33600000e-05   3.19415954e-03   8.82724444e-03  -8.45206457e-04  -6.29054548e-15   2.66336954e-15   4.04304544e-15
  2.34400000e-05   3.14190882e-03   8.76731356e-03  -9.63165688e-04  -6.23480771e-15   2.64696977e-15   3.75596498e-15
  2.35200000e-05   3.08989088e-03   8.70195386e-03  -1.08087370e-03  -6.16644738e-15   2.62121503e-15   3.47500614e-15
  2.36000000e-05   3.03865376e-03   8.63210638e-03  -1.19937463e-03  -6.08520451e-15   2.58693738e-15   3.20157605e-15
  2.36800000e-05   2.99131529e-03   8.56314832e-03  -1.31818395e-03  -5.99664690e-15   2.54725056e-15   2.93936427e-15
  2.37600000e-05   2.94279349e-03   8.48732144e-03  -1.43698122e-03  -5.89467704e-15   2.49817816e-15   2.68341978e-15
  2.38400000e-05   2.89591801e-03   8.40727412e-03  -1.55574966e-03  -5.78181995e-15   2.44262311e-15   2.43749082e-15
  2.39200000e-05   2.85051335e-03   8.32620904e-03  -1.67499568e-03  -5.66068365e-15   2.38083150e-15   2.20146623e-15
  2.40000000e-05   2.80570144e-03   8.24336727e-03  -1.79161016e-03  -5.53432329e-15   2.31282580e-15   1.97465596e-15
  2.40800000e-05   2.76238765e-03   8.15550759e-03  -1.90834806e-03  -5.39708357e-15   2.23960396e-15   1.75873059e-15
  2.41600000e-05   2.72014878e-03   8.06527594e-03  -2.02412370e-03  -5.25284411e-15   2.16141796e-15   1.55322264e-15
  2.42400000e-05   2.67937183e-03   7.97190428e-03  -2.14030411e-03  -5.09977266e-15   2.07887588e-15   1.35887808e-15
  2.43200000e-05   2.63653838e-03   7.87252315e-03  -2.25464301e-03  -4.93782391e-15   1.98959861e-15   1.17286808e-15
  2.44000000e-05   2.59516320e-03   7.77217111e-03  -2.36713284e-03  -4.77193681e-15   1.89735932e-15   9.98104741e-16
  2.44800000e-05   2.55539031e-03   7.67079019e-03  -2.47873379e-03  -4.60137047e-15   1.80259252e-15   8.34705006e-16
  2.45600000e-05   2.51638089e-03   7.56723306e-03  -2.58833422e-03  -4.42652281e-15   1.70525858e-15   6.82010711e-16
  2.46400000e-05   2.47700791e-03   7.46011093e-03  -2.69620715e-03  -4.24604859e-15   1.60473664e-15   5.39282536e-16
  2.47200000e-05   2.43755066e-03   7.35001947e-03  -2.80314357e-03  -4.05994214e-15   1.50154675e-15   4.06715967e-16
  2.48000000e-05   2.39861471e-03   7.23606150e-03  -2.90747250e-03  -3.86931194e-15   1.39722053e-15   2.85259826e-16
  2.48800000e-05   2.35970212e-03   7.11838473e-03  -3.01097186e-03  -3.67274217e-15   1.29121991e-15   1.74303392e-16
  2.49600000e-05   2.32148318e-03   7.00489335e-03  -3.10846955e-03  -3.48318221e-15   1.18625823e-15   7.18886003e-17
  2.50400000e-05   2.28278403e-03   6.88593394e-03  -3.20622638e-03  -3.28537775e-15   1.07965780e-15  -2.03839504e-17
  2.51200000e-05   2.24612545e-03   6.76716434e-03  -3.30114656e-03  -3.08801496e-15   9.75243496e-16  -1.01914890e-16
  2.52000000e-05   2.20659043e-03   6.64521277e-03  -3.39254474e-03  -2.88878868e-15   8.69034073e-16  -1.76698376e-16
  2.52800000e-05   2.16674679e-03   6.52021044e-03  -3.48251327e-03  -2.68592334e-15   7.63089825e-16  -2.42413875e-16
  2.53600000e-05   2.13021368e-03   6.39607341e-03  -3.56906559e-03  -2.48527789e-15   6.61949893e-16  -2.97078556e-16
  2.54400000e-05   2.09006561e-03   6.26898375e-03  -3.65216149e-03  -2.28349541e-15   5.59444296e-16  -3.46509333e-16
  2.55200000e-05   2.04994120e-03   6.14215498e-03  -3.73251299e-03  -2.08300698e-15   4.59059372e-16  -3.88592896e-16
  2.56000000e-05   2.01174858e-03   6.01420294e-03  -3.80945179e-03  -1.88331937e-15   3.63164049e-16  -4.21221441e-16
  2.56800000e-05   1.97200701e-03   5.88766892e-03  -3.88415462e-03  -1.68581856e-15   2.68269740e-16  -4.49251586e-16
  2.57600000e-05   1.93265688e-03   5.75876402e-03  -3.95445287e-03  -1.48921476e-15   1.77336066e-16  -4.69573075e-16
  2.58400000e-05   1.89344033e-03   5.62934227e-03  -4.02170357e-03  -1.29405957e-15   8.98098324e-17  -4.83539937e-16
  2.59200000e-05   1.85313859e-03   5.49864254e-03  -4.08609197e-03  -1.09955083e-15   4.70733066e-18  -4.92337461e-16
  2.60000000e-05   1.81286297e-03   5.36852191e-03  -4.14734857e-03  -9.07813434e-16  -7.66402783e-17  -4.96024468e-16
  2.60800000e-05   1.77358223e-03   5.23974240e-03  -4.20471022e-03  -7.20401097e-16  -1.52865145e-16  -4.94365712e-16
  2.61600000e-05   1.73457798e-03   5.11269310e-03  -4.25917738e-03  -5.36818410e-16  -2.24959719e-16  -4.88663235e-16
  2.62400000e-05   1.69452310e-03   4.98219538e-03  -4.30997655e-03  -3.53099836e-16  -2.93678106e-16  -4.78308295e-16
  2.63200000e-05   1.65497867e-03   4.85572142e-03  -4.35737813e-03  -1.75983166e-16  -3.57626318e-16  -4.65367499e-16
  2.64000000e-05   1.61497509e-03   4.72708579e-03  -4.40191513e-03   6.89768949e-19  -4.17853135e-16  -4.48466996e-16
  2.64800000e-05   1.57555806e-03   4.60240761e-03  -4.44272679e-03   1.70352148e-16  -4.72992934e-16  -4.29580001e-16
  2.65600000e-05   1.53550392e-03   4.47445153e-03  -4.48168175e-03   3.41435919e-16  -5.24952645e-16  -4.07123727e-16
  2.66400000e-05   1.49569338e-03   4.34844962e-03  -4.51661868e-03   5.06923608e-16  -5.71958742e-16  -3.82793327e-16
  2.67200000e-05   1.45625925e-03   4.22509776e-03  -4.54871610e-03   6.67263880e-16  -6.14431769e-16  -3.57095290e-16
  2.68000000e-05   1.41693999e-03   4.10342608e-03  -4.57749412e-03   8.22833834e-16  -6.52451998e-16  -3.30176804e-16
  2.68800000e-05   1.37794141e-03   3.98447981e-03  -4.60369499e-03   9.73365263e-16  -6.86211525e-16  -3.02573404e-16
  2.69600000e-05   1.33954164e-03   3.86633099e-03  -4.62713596e-03   1.12036314e-15  -7.15432809e-16  -2.73457917e-16
  2.70400000e-05   1.30113248e-03   3.74932554e-03  -4.64829724e-03   1.26396506e-15  -7.40933401e-16  -2.43834351e-16
  2.71200000e-05   1.26273962e-03   3.63391561e-03  -4.66583950e-03   1.40235666e-15  -7.62225676e-16  -2.14120624e-16
  2.72000000e-05   1.22522879e-03   3.52005564e-03  -4.68189506e-03   1.53767621e-15  -7.79470688e-16  -1.83638251e-16
  2.72800000e-05   1.18834804e-03   3.40938383e-03  -4.69456921e-03   1.66646861e-15  -7.92252531e-16  -1.53528093e-16
  2.73600000e-05   1.15227858e-03   3.30313491e-03  -4.70591755e-03   1.78966015e-15  -8.01354541e-16  -1.24268029e-16
  2.74400000e-05   1.11688500e-03   3.19706797e-03  -4.71549806e-03   1.91062337e-15  -8.06845943e-16  -9.44957953e-17
  2.75200000e-05   1.08103559e-03   3.09235567e-03  -4.72257486e-03   2.02751305e-15  -8.09542662e-16  -6.59767371e-17
  2.76000000e-05   1.04628607e-03   2.99170736e-03  -4.72737703e-03   2.13806074e-15  -8.08272255e-16  -3.83068433e-17
  2.76800000e-05   1.01194204e-03   2.89250472e-03  -4.73071409e-03   2.24544561e-15  -8.04071506e-16  -1.13132649e-17
  2.77600000e-05   9.78243949e-04   2.79747124e-03  -4.73176245e-03   2.34633081e-15  -7.96581697e-16   1.41320548e-17
  2.78400000e-05   9.45174111e-04   2.70188863e-03  -4.73221298e-03   2.44671239e-15  -7.86513925e-16   3.96212471e-17
  2.79200000e-05   9.12911363e-04   2.60975471e-03  -4.72997146e-03   2.54075457e-15  -7.73083464e-16   6.38324158e-17
  2.80000000e-05   8.81548325e-04   2.52054285e-03  -4.72801447e-03   2.63199828e-15  -7.57367680e-16   8.69828101e-17
  2.80800000e-05   8.51871825e-04   2.43419364e-03  -4.72425939e-03   2.71830798e-15  -7.38028236e-16   1.09889467e-16
  2.81600000e-05   8.22329000e-04   2.35308240e-03  -4.71816868e-03   2.79692551e-15  -7.16470822e-16   1.30151784e-16
  2.82400000e-05   7.92976779e-04   2.27043065e-03  -4.71282411e-03   2.87723505e-15  -6.93730158e-16   1.49913163e-16
  2.83200000e-05   7.64378977e-04   2.19118949e-03  -4.70669697e-03   2.95312187e-15  -6.68868878e-16   1.68204119e-16
  2.84000000e-05   7.36754584e-04   2.11416654e-03  -4.69974207e-03   3.02560379e-15  -6.41764750e-16   1.85612292e-16
  2.84800000e-05   7.09700014e-04   2.04168212e-03  -4.69166813e-03   3.09224074e-15  -6.12823010e-16   2.01074221e-16
  2.85600000e-05   6.83563026e-04   1.96896128e-03  -4.68435292e-03   3.15935807e-15  -5.82304816e-16   2.16269940e-16
  2.86400000e-05   6.58019731e-04   1.89901586e-03  -4.67631939e-03   3.22263753e-15  -5.50149320e-16   2.30056312e-16
  2.87200000e-05   6.33584673e-04   1.83182493e-03  -4.66792069e-03   3.28244897e-15  -5.16075872e-16   2.43009422e-16
  2.88000000e-05   6.10563912e-04   1.77010619e-03  -4.65925192e-03   3.33638304e-15  -4.79918159e-16   2.54884046e-16
  2.88800000e-05   5.88617734e-04   1.71207919e-03  -4.65062522e-03   3.38638056e-15  -4.42151589e-16   2.65832024e-16
  2.89600000e-05   5.67311964e-04   1.65588999e-03  -4.64231643e-03   3.43441595e-15  -4.03272020e-16   2.75856069e-16
  2.90400000e-05   5.47170409e-04   1.60208722e-03  -4.63470233e-03   3.48037339e-15  -3.62903472e-16   2.85445369e-16
  2.91200000e-05   5.28256266e-04   1.55367045e-03  -4.62570016e-03   3.51925133e-15  -3.20675262e-16   2.94191763e-16
  2.92000000e-05   5.09607081e-04   1.50318348e-03  -4.61976660e-03   3.56266452e-15  -2.78262542e-16   3.02456710e-16
  2.92800000e-05   4.92038632e-04   1.45767090e-03  -4.61369630e-03   3.60069178e-15  -2.34328306e-16   3.09969667e-16
  2.93600000e-05   4.73891119e-04   1.41214420e-03  -4.60876123e-03   3.63928798e-15  -1.90655605e-16   3.15788337e-16
  2.94400000e-05   4.56813468e-04   1.36869770e-03  -4.60420486e-03   3.67571124e-15  -1.45588977e-16   3.21412089e-16
  2.95200000e-05   4.40681524e-04   1.32619059e-03  -4.60196026e-03   3.71307057e-15  -9.94490939e-17   3.26902680e-16
  2.96000000e-05   4.25420138e-04   1.28708317e-03  -4.59991981e-03   3.74680610e-15  -5.20337199e-17   3.31961231e-16
  2.96800000e-05   4.10894818e-04   1.25065937e-03  -4.59914605e-03   3.77869995e-15  -3.58999316e-18   3.36618657e-16
  2.97600000e-05   3.96874038e-04   1.21604248e-03  -4.60007946e-03   3.81001801e-15   4.56587452e-17   3.40781114e-16
  2.98400000e-05   3.84841267e-04   1.18583583e-03  -4.60131411e-03   3.83679238e-15   9.72070306e-17   3.45950653e-16
  2.99200000e-05   3.72598262e-04   1.15678144e-03  -4.60359307e-03   3.86283898e-15   1.48976377e-16   3.50078770e-16
  3.00000000e-05   3.60950327e-04   1.13058327e-03  -4.60840986e-03   3.88814209e-15   2.01663083e-16   3.54009976e-16
  3.00800000e-05   3.51272773e-04   1.10841624e-03  -4.61472670e-03   3.91044403e-15   2.56671306e-16   3.59312971e-16
  3.01600000e-05   3.42105836e-04   1.08692650e-03  -4.62312879e-03   3.93346068e-15   3.12686161e-16   3.64585718e-16
  3.02400000e-05   3.32542781e-04   1.06643733e-03  -4.63313406e-03   3.95635339e-15   3.68939022e-16   3.68887902e-16
  3.03200000e-05   3.24113583e-04   1.04855359e-03  -4.64511122e-03   3.97798128e-15   4.26937168e-16   3.73938144e-16
  3.04000000e-05   3.17528483e-04   1.03459410e-03  -4.65974436e-03   3.99776872e-15   4.87436886e-16   3.80644221e-16
  3.04800000e-05   3.10291317e-04   1.01989740e-03  -4.67677799e-03   4.01977252e-15   5.48207681e-16   3.86252266e-16
  3.05600000e-05   3.03480127e-04   1.00707774e-03  -4.69639800e-03   4.04169216e-15   6.10388178e-16   3.92062513e-16
  3.06400000e-05   2.97149681e-04   9.95586765e-04  -4.71789795e-03   4.06323337e-15   6.74092122e-16   3.98165817e-16
  3.07200000e-05   2.91369756e-04   9.84424699e-04  -4.74235712e-03   4.08642001e-15   7.39590349e-16   4.04594205e-16
  3.08000000e-05   2.86009831e-04   9.76212688e-04  -4.76976157e-03   4.10868497e-15   8.06898766e-16   4.11515141e-16
  3.08800000e-05   2.80934125e-04   9.70044428e-04  -4.79976886e-03   4.13044295e-15   8.75964173e-16   4.18792363e-16
  3.09600000e-05   2.76733489e-04   9.63887739e-04  -4.83309457e-03   4.15427930e-15   9.47587446e-16   4.26847871e-16
  3.10400000e-05   2.72887505e-04   9.58006854e-04  -4.86957803e-03   4.17967668e-15   1.02144320e-15   4.35177568e-16
  3.11200000e-05   2.68894270e-04   9.54743954e-04  -4.90938686e-03   4.20447338e-15   1.09724106e-15   4.43669062e-16
  3.12000000e-05   2.65143000e-04   9.53162942e-04  -4.95271405e-03   4.22964030e-15   1.17554713e-15   4.52670486e-16
  3.12800000e-05   2.62300126e-04   9.50843923e-04  -4.99941193e-03   4.25721203e-15   1.25715093e-15   4.62458707e-16
  3.13600000e-05   2.59983769e-04   9.50215354e-04  -5.05011844e-03   4.28536604e-15   1.34203453e-15   4.73127009e-16
  3.14400000e-05   2.57514128e-04   9.50328553e-04  -5.10635733e-03   4.31641209e-15   1.43011895e-15   4.83832173e-16
  3.15200000e-05   2.54699487e-04   9.49968751e-04  -5.16547444e-03   4.34862462e-15   1.52087588e-15   4.94122475e-16
  3.16000000e-05   2.52595308e-04   9.51095425e-04  -5.22783175e-03   4.38031670e-15   1.61557050e-15   5.05565077e-16
  3.16800000e-05   2.50880091e-04   9.52387260e-04  -5.29579874e-03   4.41494521e-15   1.71475596e-15   5.17529785e-16
  3.17600000e-05   2.48504718e-04   9.53217333e-04  -5.36875495e-03   4.45224588e-15   1.81757376e-15   5.28790557e-16
  3.18400000e-05   2.46079936e-04   9.53920800e-04  -5.44706267e-03   4.49201063e-15   1.92504276e-15   5.40058412e-16
  3.19200000e-05   2.44293268e-04   9.55262542e-04  -5.52985766e-03   4.53234638e-15   2.03785910e-15   5.52258730e-16
  3.20000000e-05   2.41252210e-04   9.54418971e-04  -5.61867324e-03   4.57721202e-15   2.15500720e-15   5.62595854e-16
  3.20800000e-05   2.38258972e-04   9.52591339e-04  -5.71329929e-03   4.62490636e-15   2.27809047e-15   5.72701431e-16
  3.21600000e-05   2.35797942e-04   9.50897309e-04  -5.81287670e-03   4.67312218e-15   2.40760714e-15   5.83411608e-16
  3.22400000e-05   2.32812577e-04   9.46627374e-04  -5.91961882e-03   4.72624041e-15   2.54375689e-15   5.92659463e-16
  3.23200000e-05   2.29517063e-04   9.40560105e-04  -6.03304343e-03   4.78256075e-15   2.68703755e-15   6.00857537e-16
  3.24000000e-05   2.25301777e-04   9.32464719e-04  -6.15322134e-03   4.84190139e-15   2.83736880e-15   6.07264891e-16
  3.24800000e-05   2.20618442e-04   9.21128920e-04  -6.28080404e-03   4.90551809e-15   2.99596037e-15   6.11691350e-16
  3.25600000e-05   2.14645610e-04   9.06532695e-04  -6.41644348e-03   4.97343076e-15   3.16286384e-15   6.13231391e-16
  3.26400000e-05   2.08362814e-04   8.87135498e-04  -6.56062533e-03   5.04691447e-15   3.33989701e-15   6.11912783e-16
  3.27200000e-05   2.00581932e-04   8.63575594e-04  -6.71146750e-03   5.12292025e-15   3.52560147e-15   6.06750852e-16
  3.28000000e-05   1.92216817e-04   8.37523886e-04  -6.86984257e-03   5.19981990e-15   3.72189904e-15   5.99238212e-16
  3.28800000e-05   1.82514327e-04   8.01845414e-04  -7.03979062e-03   5.28732421e-15   3.93089789e-15   5.84816380e-16
  3.29600000e-05   1.71001574e-04   7.59613825e-04  -7.21913200e-03   5.37944350e-15   4.15180777e-15   5.64287214e-16
  3.30400000e-05   1.57748787e-04   7.07846310e-04  -7.40764343e-03   5.47789122e-15   4.38539186e-15   5.35705340e-16
  3.31200000e-05   1.42335072e-04   6.46250158e-04  -7.60772824e-03   5.58374156e-15   4.63353137e-15   4.98070188e-16
  3.32000000e-05   1.26015695e-04   5.75683726e-04  -7.81827398e-03   5.69381852e-15   4.89789919e-15   4.52421003e-16
  3.32800000e-05   1.06824481e-04   4.96238997e-04  -8.03823504e-03   5.80569530e-15   5.17685559e-15   3.96747295e-16
  3.33600000e-05   8.47804206e-05   3.97205556e-04  -8.27015511e-03   5.93049141e-15   5.47318306e-15   3.23666030e-16
  3.34400000e-05   5.99044946e-05   2.83446211e-04  -8.51397216e-03   6.06133496e-15   5.78800885e-15   2.35341430e-16
