       time             b_x              b_y              b_z              F_x              F_y              F_z
  0.00000000e+00   6.25072413e-05   4.84913326e-05  -2.01239656e-03   9.10441484e-18   3.99295840e-17   1.24494876e-18
  8.00000000e-08   6.54696773e-05   5.06321001e-05  -2.01123833e-03   8.50758926e-18   4.00085350e-17   1.28413686e-18
  1.60000000e-07   6.85471633e-05   5.29775734e-05  -2.01013235e-03   7.91278968e-18   4.00779578e-17   1.32609787e-18
  2.40000000e-07   7.16351805e-05   5.53305170e-05  -2.00906965e-03   7.31783034e-18   4.01389286e-17   1.36636466e-18
  3.20000000e-07   7.47330241e-05   5.76903946e-05  -2.00805006e-03   6.72279447e-18   4.01914748e-17   1.40488370e-18
  4.00000000e-07   7.78399887e-05   6.00566700e-05  -2.00707342e-03   6.12776483e-18   4.02356234e-17   1.44160282e-18
  4.80000000e-07   8.09553688e-05   6.24288069e-05  -2.00613953e-03   5.53282375e-18   4.02714011e-17   1.47647124e-18
  5.60000000e-07   8.34036703e-05   6.50697019e-05  -2.00424273e-03   4.93904615e-18   4.02858534e-17   1.51345094e-18
  6.40000000e-07   8.64608965e-05   6.74822884e-05  -2.00338372e-03   4.34535551e-18   4.03055719e-17   1.54519352e-18
  7.20000000e-07   8.95242120e-05   6.98993477e-05  -2.00256583e-03   3.75199505e-18   4.03169931e-17   1.57499238e-18
  8.00000000e-07   9.42864274e-05   7.25757831e-05  -2.00179617e-03   3.16202280e-18   4.03010398e-17   1.61006171e-18
  8.80000000e-07   9.74357899e-05   7.50352550e-05  -2.00100742e-03   2.57022009e-18   4.02940714e-17   1.63612954e-18
  9.60000000e-07   1.00590975e-04   7.74983120e-05  -2.00025815e-03   1.97906094e-18   4.02788514e-17   1.66009505e-18
  1.04000000e-06   1.03751272e-04   7.99644095e-05  -1.99954814e-03   1.38862836e-18   4.02554060e-17   1.68191586e-18
  1.12000000e-06   1.06915969e-04   8.24330033e-05  -1.99887714e-03   7.99005292e-19   4.02237615e-17   1.70155124e-18
  1.20000000e-06   1.10084355e-04   8.49035497e-05  -1.99824491e-03   2.10274665e-19   4.01839436e-17   1.71896216e-18
  1.28000000e-06   1.13255720e-04   8.73755053e-05  -1.99765119e-03  -3.77480533e-19   4.01359779e-17   1.73411131e-18
  1.36000000e-06   1.16429353e-04   8.98483276e-05  -1.99709571e-03  -9.64177223e-19   4.00798897e-17   1.74696310e-18
  1.44000000e-06   1.19604545e-04   9.23214748e-05  -1.99657820e-03  -1.54973219e-18   4.00157038e-17   1.75748377e-18
  1.52000000e-06   1.22780588e-04   9.47944058e-05  -1.99609835e-03  -2.13406202e-18   3.99434450e-17   1.76564133e-18
  1.60000000e-06   1.25224920e-04   9.70618607e-05  -1.99497586e-03  -2.71803585e-18   3.98572924e-17   1.76857135e-18
  1.68000000e-06   1.28291923e-04   9.94783974e-05  -1.99452880e-03  -3.29988292e-18   3.97693065e-17   1.77126474e-18
  1.76000000e-06   1.31356851e-04   1.01892611e-04  -1.99411756e-03  -3.88023447e-18   3.96733084e-17   1.77157138e-18
  1.84000000e-06   1.34419031e-04   1.04303970e-04  -1.99374182e-03  -4.45900499e-18   3.95693227e-17   1.76946798e-18
  1.92000000e-06   1.37477786e-04   1.06711943e-04  -1.99340124e-03  -5.03610863e-18   3.94573740e-17   1.76493317e-18
  2.00000000e-06   1.44140804e-04   1.11369185e-04  -1.99283711e-03  -5.58491403e-18   3.92921653e-17   1.79187873e-18
  2.08000000e-06   1.47559841e-04   1.14032842e-04  -1.99251366e-03  -6.15453889e-18   3.91597092e-17   1.78534794e-18
  2.16000000e-06   1.46070978e-04   1.13654815e-04  -1.99317890e-03  -6.76016259e-18   3.90934274e-17   1.73375941e-18
  2.24000000e-06   1.49110494e-04   1.16099245e-04  -1.99303988e-03  -7.32987390e-18   3.89510721e-17   1.72060227e-18
  2.32000000e-06   1.52140953e-04   1.18536671e-04  -1.99293508e-03  -7.89755619e-18   3.88009065e-17   1.70491682e-18
  2.40000000e-06   1.57691262e-04   1.22511024e-04  -1.99185770e-03  -8.44047027e-18   3.85947362e-17   1.70558983e-18
  2.48000000e-06   1.61083053e-04   1.25134804e-04  -1.99168215e-03  -8.99982581e-18   3.84224977e-17   1.68614871e-18
  2.56000000e-06   1.64468593e-04   1.27752117e-04  -1.99153809e-03  -9.55668310e-18   3.82425296e-17   1.66393499e-18
  2.64000000e-06   1.67847149e-04   1.30362409e-04  -1.99142511e-03  -1.01109524e-17   3.80548608e-17   1.63894127e-18
  2.72000000e-06   1.71217993e-04   1.32965128e-04  -1.99134283e-03  -1.06625432e-17   3.78595206e-17   1.61116243e-18
  2.80000000e-06   1.74580395e-04   1.35559725e-04  -1.99129084e-03  -1.12113648e-17   3.76565380e-17   1.58059555e-18
  2.88000000e-06   1.77933630e-04   1.38145652e-04  -1.99126874e-03  -1.17573254e-17   3.74459427e-17   1.54723996e-18
  2.96000000e-06   1.81276974e-04   1.40722364e-04  -1.99127611e-03  -1.23003331e-17   3.72277645e-17   1.51109725e-18
  3.04000000e-06   1.84609708e-04   1.43289319e-04  -1.99131251e-03  -1.28402949e-17   3.70020334e-17   1.47217126e-18
  3.12000000e-06   1.87931113e-04   1.45845976e-04  -1.99137752e-03  -1.33771176e-17   3.67687800e-17   1.43046810e-18
  3.20000000e-06   1.88971035e-04   1.47213015e-04  -1.99235696e-03  -1.39310259e-17   3.65699479e-17   1.38078264e-18
  3.28000000e-06   1.91834253e-04   1.49522592e-04  -1.99254518e-03  -1.44652121e-17   3.63273326e-17   1.33338697e-18
  3.36000000e-06   1.94680831e-04   1.51818918e-04  -1.99276202e-03  -1.49961177e-17   3.60772625e-17   1.28352220e-18
  3.44000000e-06   1.99934805e-04   1.54831091e-04  -1.99214873e-03  -1.55078158e-17   3.57769824e-17   1.22422441e-18
  3.52000000e-06   2.02947525e-04   1.57079693e-04  -1.99235133e-03  -1.60305493e-17   3.55089234e-17   1.16664689e-18
  3.60000000e-06   2.05944210e-04   1.59314286e-04  -1.99258021e-03  -1.65496081e-17   3.52334941e-17   1.10655670e-18
  3.68000000e-06   2.08924203e-04   1.61534388e-04  -1.99283488e-03  -1.70648940e-17   3.49507280e-17   1.04397764e-18
  3.76000000e-06   2.11886850e-04   1.63739516e-04  -1.99311482e-03  -1.75763079e-17   3.46606595e-17   9.78935609e-19
  3.84000000e-06   2.14831501e-04   1.65929192e-04  -1.99341951e-03  -1.80837504e-17   3.43633239e-17   9.11458592e-19
  3.92000000e-06   2.17757510e-04   1.68102944e-04  -1.99374843e-03  -1.85871212e-17   3.40587574e-17   8.41576664e-19
  4.00000000e-06   2.18350132e-04   1.70211466e-04  -1.99489749e-03  -1.90952924e-17   3.37866632e-17   7.92731392e-19
  4.08000000e-06   2.21257214e-04   1.72491247e-04  -1.99524555e-03  -1.95892375e-17   3.34668102e-17   7.20949719e-19
  4.16000000e-06   2.24143661e-04   1.74754225e-04  -1.99561634e-03  -2.00787786e-17   3.31398723e-17   6.46818612e-19
  4.24000000e-06   2.28453915e-04   1.77126509e-04  -1.99556632e-03  -2.05573618e-17   3.27823413e-17   5.56339269e-19
  4.32000000e-06   2.31312417e-04   1.79183788e-04  -1.99595713e-03  -2.10388780e-17   3.24409164e-17   4.74124702e-19
  4.40000000e-06   2.34148722e-04   1.81222337e-04  -1.99636888e-03  -2.15156637e-17   3.20925148e-17   3.89715244e-19
  4.48000000e-06   2.36962212e-04   1.83241720e-04  -1.99680100e-03  -2.19876155e-17   3.17371819e-17   3.03155793e-19
  4.56000000e-06   2.39752276e-04   1.85241503e-04  -1.99725290e-03  -2.24546295e-17   3.13749649e-17   2.14493166e-19
  4.64000000e-06   2.42518307e-04   1.87221257e-04  -1.99772399e-03  -2.29166016e-17   3.10059121e-17   1.23776067e-19
  4.72000000e-06   2.45259703e-04   1.89180558e-04  -1.99821369e-03  -2.33734271e-17   3.06300736e-17   3.10550538e-20
  4.80000000e-06   2.47975867e-04   1.91118986e-04  -1.99872138e-03  -2.38250012e-17   3.02475009e-17  -6.36174892e-20
  4.88000000e-06   2.53236388e-04   1.96785604e-04  -1.99969717e-03  -2.42363017e-17   2.98378049e-17  -1.32951652e-19
  4.96000000e-06   2.52614870e-04   1.94377558e-04  -1.99946563e-03  -2.47134695e-17   2.94654184e-17  -2.57855794e-19
  5.04000000e-06   2.55108956e-04   1.96176455e-04  -1.99998241e-03  -2.51488905e-17   2.90639088e-17  -3.57029456e-19
  5.12000000e-06   2.57576055e-04   1.97952631e-04  -2.00051401e-03  -2.55786307e-17   2.86558876e-17  -4.57849551e-19
  5.20000000e-06   2.60015666e-04   1.99705731e-04  -2.00105980e-03  -2.60025844e-17   2.82414162e-17  -5.60256432e-19
  5.28000000e-06   2.62427294e-04   2.01435404e-04  -2.00161916e-03  -2.64206457e-17   2.78205574e-17  -6.64188969e-19
  5.36000000e-06   2.64810453e-04   2.03141303e-04  -2.00219144e-03  -2.68327091e-17   2.73933763e-17  -7.69584599e-19
  5.44000000e-06   2.67164659e-04   2.04823088e-04  -2.00277602e-03  -2.72386690e-17   2.69599398e-17  -8.76379367e-19
  5.52000000e-06   2.72625267e-04   2.10331503e-04  -2.00402410e-03  -2.76058508e-17   2.64960983e-17  -9.74583210e-19
  5.60000000e-06   2.75414278e-04   2.12459283e-04  -2.00459994e-03  -2.79931072e-17   2.60449132e-17  -1.08561203e-18
  5.68000000e-06   2.78172283e-04   2.14561816e-04  -2.00518646e-03  -2.83738389e-17   2.55877912e-17  -1.19821904e-18
  5.76000000e-06   2.80898709e-04   2.16638646e-04  -2.00578298e-03  -2.87479428e-17   2.51248083e-17  -1.31233318e-18
  5.84000000e-06   2.83592991e-04   2.18689322e-04  -2.00638882e-03  -2.91153159e-17   2.46560430e-17  -1.42788184e-18
  5.92000000e-06   2.86254571e-04   2.20713403e-04  -2.00700331e-03  -2.94758558e-17   2.41815759e-17  -1.54479097e-18
  6.00000000e-06   2.88882900e-04   2.22710448e-04  -2.00762575e-03  -2.98294608e-17   2.37014897e-17  -1.66298512e-18
  6.08000000e-06   2.89033565e-04   2.21541625e-04  -2.00779497e-03  -3.02033044e-17   2.32362656e-17  -1.78403113e-18
  6.16000000e-06   2.91211852e-04   2.23077683e-04  -2.00835776e-03  -3.05462891e-17   2.27481436e-17  -1.90246893e-18
  6.24000000e-06   2.93356414e-04   2.24586510e-04  -2.00892631e-03  -3.08820639e-17   2.22546508e-17  -2.02165563e-18
  6.32000000e-06   2.95466842e-04   2.26067827e-04  -2.00949994e-03  -3.12105311e-17   2.17558806e-17  -2.14151406e-18
  6.40000000e-06   3.02042600e-04   2.31457266e-04  -2.01023577e-03  -3.14900680e-17   2.12046689e-17  -2.28996389e-18
  6.48000000e-06   3.00069280e-04   2.29466319e-04  -2.01029319e-03  -3.18318204e-17   2.07341387e-17  -2.38470934e-18
  6.56000000e-06   3.02328522e-04   2.31097592e-04  -2.01076481e-03  -3.21330026e-17   2.02163001e-17  -2.50789394e-18
  6.64000000e-06   3.04552479e-04   2.32700321e-04  -2.01123937e-03  -3.24264015e-17   1.96937009e-17  -2.63161637e-18
  6.72000000e-06   3.06740770e-04   2.34274243e-04  -2.01171618e-03  -3.27119276e-17   1.91664476e-17  -2.75579473e-18
  6.80000000e-06   3.08893022e-04   2.35819104e-04  -2.01219457e-03  -3.29894927e-17   1.86346491e-17  -2.88034661e-18
  6.88000000e-06   3.11008872e-04   2.37334657e-04  -2.01267387e-03  -3.32590099e-17   1.80984168e-17  -3.00518911e-18
  6.96000000e-06   3.13087965e-04   2.38820659e-04  -2.01315340e-03  -3.35203939e-17   1.75578645e-17  -3.13023892e-18
  7.04000000e-06   3.15129956e-04   2.40276878e-04  -2.01363247e-03  -3.37735609e-17   1.70131084e-17  -3.25541243e-18
  7.12000000e-06   3.17134508e-04   2.41703088e-04  -2.01411041e-03  -3.40184287e-17   1.64642671e-17  -3.38062572e-18
  7.20000000e-06   3.19101296e-04   2.43099072e-04  -2.01458654e-03  -3.42549170e-17   1.59114617e-17  -3.50579472e-18
  7.28000000e-06   3.21030002e-04   2.44464617e-04  -2.01506017e-03  -3.44829470e-17   1.53548157e-17  -3.63083521e-18
  7.36000000e-06   3.26842024e-04   2.48855496e-04  -2.01677813e-03  -3.46909865e-17   1.47614705e-17  -3.80061597e-18
  7.44000000e-06   3.27810495e-04   2.49427996e-04  -2.01705839e-03  -3.49061482e-17   1.42055054e-17  -3.91627281e-18
  7.52000000e-06   3.29632932e-04   2.50711634e-04  -2.01749931e-03  -3.51074132e-17   1.36374579e-17  -4.04138439e-18
  7.60000000e-06   3.31415066e-04   2.51963925e-04  -2.01793506e-03  -3.52999032e-17   1.30661179e-17  -4.16600594e-18
  7.68000000e-06   3.33156640e-04   2.53184696e-04  -2.01836494e-03  -3.54835503e-17   1.24916212e-17  -4.29005325e-18
  7.76000000e-06   3.36584490e-04   2.55730229e-04  -2.01868456e-03  -3.56406850e-17   1.18934949e-17  -4.43584690e-18
  7.84000000e-06   3.38470605e-04   2.57067830e-04  -2.01901938e-03  -3.58023687e-17   1.13100932e-17  -4.56191178e-18
  7.92000000e-06   3.40314051e-04   2.58371501e-04  -2.01934561e-03  -3.59549485e-17   1.07240492e-17  -4.68725387e-18
  8.00000000e-06   3.42114529e-04   2.59641036e-04  -2.01966255e-03  -3.60983685e-17   1.01355099e-17  -4.81178506e-18
  8.08000000e-06   3.43871753e-04   2.60876236e-04  -2.01996951e-03  -3.62325754e-17   9.54462473e-18  -4.93541778e-18
  8.16000000e-06   3.45585444e-04   2.62076911e-04  -2.02026581e-03  -3.63575187e-17   8.95154512e-18  -5.05806508e-18
  8.24000000e-06   3.44731208e-04   2.61095104e-04  -2.02073983e-03  -3.65023113e-17   8.38692013e-18  -5.14351326e-18
  8.32000000e-06   3.46285660e-04   2.62101495e-04  -2.02106749e-03  -3.66117771e-17   7.79074394e-18  -5.26264847e-18
  8.40000000e-06   3.47797367e-04   2.63074907e-04  -2.02138284e-03  -3.67118611e-17   7.19275613e-18  -5.38050229e-18
  8.48000000e-06   3.49266161e-04   2.64015244e-04  -2.02168516e-03  -3.68025217e-17   6.59311495e-18  -5.49699470e-18
  8.56000000e-06   3.50691887e-04   2.64922423e-04  -2.02197378e-03  -3.68837199e-17   5.99198066e-18  -5.61204670e-18
  8.64000000e-06   3.52074399e-04   2.65796367e-04  -2.02224802e-03  -3.69554203e-17   5.38951538e-18  -5.72558048e-18
  8.72000000e-06   3.53413563e-04   2.66637007e-04  -2.02250719e-03  -3.70175902e-17   4.78588309e-18  -5.83751937e-18
  8.80000000e-06   3.54709257e-04   2.67444284e-04  -2.02275063e-03  -3.70702005e-17   4.18124956e-18  -5.94778803e-18
  8.88000000e-06   3.55961368e-04   2.68218149e-04  -2.02297765e-03  -3.71132250e-17   3.57578223e-18  -6.05631240e-18
  8.96000000e-06   3.57169796e-04   2.68958557e-04  -2.02318760e-03  -3.71466411e-17   2.96965022e-18  -6.16301987e-18
  9.04000000e-06   3.59899773e-04   2.70989961e-04  -2.02352473e-03  -3.71570806e-17   2.34456373e-18  -6.29469532e-18
  9.12000000e-06   3.61136439e-04   2.71227218e-04  -2.02311499e-03  -3.71644514e-17   1.73446918e-18  -6.40151570e-18
  9.20000000e-06   3.62168230e-04   2.71791940e-04  -2.02321151e-03  -3.71682514e-17   1.12803917e-18  -6.50182537e-18
  9.28000000e-06   3.63151831e-04   2.72320666e-04  -2.02328910e-03  -3.71624524e-17   5.21737153e-19  -6.59991340e-18
  9.36000000e-06   3.64087139e-04   2.72813362e-04  -2.02334714e-03  -3.71470531e-17  -8.42606735e-20  -6.69571299e-18
  9.44000000e-06   3.64974069e-04   2.73270002e-04  -2.02338503e-03  -3.71220561e-17  -6.89777044e-19  -6.78915927e-18
  9.52000000e-06   3.65812545e-04   2.73690572e-04  -2.02340216e-03  -3.70874676e-17  -1.29463375e-18  -6.88018932e-18
  9.60000000e-06   3.66602504e-04   2.74075065e-04  -2.02339793e-03  -3.70432974e-17  -1.89865172e-18  -6.96874226e-18
  9.68000000e-06   3.67343898e-04   2.74423483e-04  -2.02337175e-03  -3.69895590e-17  -2.50165113e-18  -7.05475928e-18
  9.76000000e-06   3.68036688e-04   2.74735839e-04  -2.02332302e-03  -3.69262699e-17  -3.10345152e-18  -7.13818371e-18
  9.84000000e-06   3.67516348e-04   2.75277312e-04  -2.02429180e-03  -3.68709673e-17  -3.68872710e-18  -7.19565536e-18
  9.92000000e-06   3.67824569e-04   2.75379274e-04  -2.02424759e-03  -3.67916927e-17  -4.28437326e-18  -7.26823942e-18
  1.00000000e-05   3.68086837e-04   2.75445330e-04  -2.02417741e-03  -3.67029753e-17  -4.87833743e-18  -7.33809065e-18
  1.00800000e-05   3.68303215e-04   2.75475540e-04  -2.02408072e-03  -3.66048460e-17  -5.47043712e-18  -7.40516619e-18
  1.01600000e-05   3.68473776e-04   2.75469976e-04  -2.02395694e-03  -3.64973396e-17  -6.06048973e-18  -7.46942547e-18
  1.02400000e-05   3.68598606e-04   2.75428717e-04  -2.02380553e-03  -3.63804950e-17  -6.64831269e-18  -7.53083027e-18
  1.03200000e-05   3.68677802e-04   2.75351851e-04  -2.02362596e-03  -3.62543546e-17  -7.23372355e-18  -7.58934471e-18
  1.04000000e-05   3.73966004e-04   2.77334483e-04  -2.02167127e-03  -3.60569854e-17  -7.88238854e-18  -7.75108452e-18
  1.04800000e-05   3.74033983e-04   2.77209525e-04  -2.02136297e-03  -3.59094495e-17  -8.46250003e-18  -7.80524839e-18
  1.05600000e-05   3.74049350e-04   2.77046307e-04  -2.02102709e-03  -3.57528616e-17  -9.03949579e-18  -7.85624976e-18
  1.06400000e-05   3.68907567e-04   2.74526465e-04  -2.02170448e-03  -3.56386068e-17  -9.54818061e-18  -7.79964636e-18
  1.07200000e-05   3.68680496e-04   2.74191192e-04  -2.02120281e-03  -3.54645722e-17  -1.01167689e-17  -7.84138281e-18
  1.08000000e-05   3.68407935e-04   2.73821487e-04  -2.02067175e-03  -3.52816862e-17  -1.06817151e-17  -7.88002120e-18
  1.08800000e-05   3.68090083e-04   2.73417520e-04  -2.02011086e-03  -3.50900226e-17  -1.12428451e-17  -7.91554586e-18
  1.09600000e-05   3.67727148e-04   2.72979468e-04  -2.01951969e-03  -3.48896592e-17  -1.17999860e-17  -7.94794367e-18
  1.10400000e-05   3.67319353e-04   2.72507516e-04  -2.01889784e-03  -3.46806770e-17  -1.23529662e-17  -7.97720404e-18
  1.11200000e-05   3.66866929e-04   2.72001859e-04  -2.01824488e-03  -3.44631610e-17  -1.29016157e-17  -8.00331895e-18
  1.12000000e-05   3.66370118e-04   2.71462699e-04  -2.01756041e-03  -3.42371993e-17  -1.34457661e-17  -8.02628293e-18
  1.12800000e-05   3.65829175e-04   2.70890248e-04  -2.01684405e-03  -3.40028837e-17  -1.39852505e-17  -8.04609305e-18
  1.13600000e-05   3.65244365e-04   2.70284725e-04  -2.01609540e-03  -3.37603094e-17  -1.45199040e-17  -8.06274893e-18
  1.14400000e-05   3.64615962e-04   2.69646355e-04  -2.01531410e-03  -3.35095750e-17  -1.50495636e-17  -8.07625268e-18
  1.15200000e-05   3.66305086e-04   2.70250063e-04  -2.01467695e-03  -3.32358211e-17  -1.56077705e-17  -8.13651601e-18
  1.16000000e-05   3.63426477e-04   2.68319850e-04  -2.01389000e-03  -3.29868431e-17  -1.60972172e-17  -8.09751032e-18
  1.16800000e-05   3.62764273e-04   2.67699492e-04  -2.01299231e-03  -3.27102282e-17  -1.66122938e-17  -8.10395780e-18
  1.17600000e-05   3.62058979e-04   2.67047400e-04  -2.01205965e-03  -3.24258250e-17  -1.71217082e-17  -8.10729881e-18
  1.18400000e-05   3.61310906e-04   2.66363833e-04  -2.01109167e-03  -3.21337495e-17  -1.76253067e-17  -8.10754608e-18
  1.19200000e-05   3.60520374e-04   2.65649052e-04  -2.01008808e-03  -3.18341206e-17  -1.81229383e-17  -8.10471474e-18
  1.20000000e-05   3.59687716e-04   2.64903329e-04  -2.00904857e-03  -3.15270605e-17  -1.86144547e-17  -8.09882234e-18
  1.20800000e-05   3.58813273e-04   2.64126943e-04  -2.00797285e-03  -3.12126943e-17  -1.90997102e-17  -8.08988878e-18
  1.21600000e-05   3.57897395e-04   2.63320178e-04  -2.00686066e-03  -3.08911498e-17  -1.95785623e-17  -8.07793630e-18
  1.22400000e-05   3.56940444e-04   2.62483326e-04  -2.00571172e-03  -3.05625580e-17  -2.00508712e-17  -8.06298943e-18
  1.23200000e-05   3.55942790e-04   2.61616688e-04  -2.00452578e-03  -3.02270523e-17  -2.05165004e-17  -8.04507498e-18
  1.24000000e-05   3.56147572e-04   2.61540509e-04  -2.00335838e-03  -2.98735752e-17  -2.09938458e-17  -8.05155111e-18
  1.24800000e-05   3.54925251e-04   2.60530842e-04  -2.00208752e-03  -2.95253412e-17  -2.14435116e-17  -8.02461683e-18
  1.25600000e-05   3.53656665e-04   2.59488009e-04  -2.00077942e-03  -2.91707358e-17  -2.18859916e-17  -7.99467314e-18
  1.26400000e-05   3.51514080e-04   2.57808586e-04  -1.99956778e-03  -2.88211466e-17  -2.23101457e-17  -7.94310956e-18
  1.27200000e-05   3.50840899e-04   2.57731579e-04  -1.99771363e-03  -2.84314816e-17  -2.27438957e-17  -7.92743588e-18
  1.28000000e-05   3.49468272e-04   2.56585839e-04  -1.99633182e-03  -2.80594566e-17  -2.31646841e-17  -7.88927953e-18
  1.28800000e-05   3.48055289e-04   2.55410793e-04  -1.99491279e-03  -2.76816095e-17  -2.35779242e-17  -7.84835658e-18
  1.29600000e-05   3.46602397e-04   2.54206793e-04  -1.99345639e-03  -2.72980919e-17  -2.39835083e-17  -7.80471291e-18
  1.30400000e-05   3.45110052e-04   2.52974193e-04  -1.99196246e-03  -2.69090571e-17  -2.43813328e-17  -7.75839625e-18
  1.31200000e-05   3.43578720e-04   2.51713359e-04  -1.99043086e-03  -2.65146602e-17  -2.47712976e-17  -7.70945617e-18
  1.32000000e-05   3.42008872e-04   2.50424658e-04  -1.98886147e-03  -2.61150579e-17  -2.51533068e-17  -7.65794398e-18
  1.32800000e-05   3.40400990e-04   2.49108464e-04  -1.98725417e-03  -2.57104087e-17  -2.55272682e-17  -7.60391266e-18
  1.33600000e-05   3.38755562e-04   2.47765159e-04  -1.98560885e-03  -2.53008722e-17  -2.58930938e-17  -7.54741684e-18
  1.34400000e-05   3.37698499e-04   2.46517849e-04  -1.98416104e-03  -2.48879684e-17  -2.62628592e-17  -7.49883341e-18
  1.35200000e-05   3.36014185e-04   2.45171925e-04  -1.98240960e-03  -2.44676769e-17  -2.66124956e-17  -7.43848459e-18
  1.36000000e-05   3.34291660e-04   2.43799299e-04  -1.98061927e-03  -2.40429885e-17  -2.69536870e-17  -7.37580451e-18
  1.36800000e-05   3.32531455e-04   2.42400376e-04  -1.97878998e-03  -2.36140697e-17  -2.72863615e-17  -7.31085431e-18
  1.37600000e-05   3.29948344e-04   2.40492344e-04  -1.97699049e-03  -2.31896298e-17  -2.75990053e-17  -7.22751551e-18
  1.38400000e-05   3.28180199e-04   2.39018832e-04  -1.97507043e-03  -2.27531536e-17  -2.79153911e-17  -7.15895414e-18
  1.39200000e-05   3.26378947e-04   2.37521845e-04  -1.97311113e-03  -2.23129155e-17  -2.82231242e-17  -7.08833586e-18
  1.40000000e-05   3.24545140e-04   2.36001809e-04  -1.97111257e-03  -2.18690843e-17  -2.85221493e-17  -7.01572506e-18
  1.40800000e-05   3.22679337e-04   2.34459154e-04  -1.96907475e-03  -2.14218292e-17  -2.88124157e-17  -6.94118711e-18
  1.41600000e-05   3.22450085e-04   2.33998020e-04  -1.96613497e-03  -2.09428899e-17  -2.91097034e-17  -6.89914465e-18
  1.42400000e-05   3.20374859e-04   2.32339996e-04  -1.96407993e-03  -2.04910420e-17  -2.93803479e-17  -6.81797334e-18
  1.43200000e-05   3.18266219e-04   2.30658748e-04  -1.96198737e-03  -2.00363495e-17  -2.96421031e-17  -6.73506047e-18
  1.44000000e-05   3.16124766e-04   2.28954727e-04  -1.95985731e-03  -1.95789809e-17  -2.98949364e-17  -6.65047789e-18
  1.44800000e-05   3.13951104e-04   2.27228387e-04  -1.95768980e-03  -1.91191047e-17  -3.01388197e-17  -6.56429807e-18
  1.45600000e-05   3.11745843e-04   2.25480188e-04  -1.95548489e-03  -1.86568894e-17  -3.03737289e-17  -6.47659404e-18
  1.46400000e-05   3.08595964e-04   2.23095280e-04  -1.95379016e-03  -1.82086220e-17  -3.05921150e-17  -6.36919153e-18
  1.47200000e-05   3.06412501e-04   2.21347838e-04  -1.95148185e-03  -1.77412532e-17  -3.08102127e-17  -6.28031242e-18
  1.48000000e-05   3.05580320e-04   2.20424419e-04  -1.94819928e-03  -1.72481388e-17  -3.10289982e-17  -6.21612007e-18
  1.48800000e-05   3.03429033e-04   2.18717520e-04  -1.94578953e-03  -1.67756228e-17  -3.12297788e-17  -6.12641324e-18
  1.49600000e-05   3.01248448e-04   2.16990927e-04  -1.94334378e-03  -1.63015999e-17  -3.14215006e-17  -6.03547985e-18
  1.50400000e-05   2.99039206e-04   2.15245115e-04  -1.94086210e-03  -1.58262361e-17  -3.16041647e-17  -5.94339347e-18
  1.51200000e-05   2.96801950e-04   2.13480561e-04  -1.93834462e-03  -1.53496966e-17  -3.17777766e-17  -5.85022774e-18
  1.52000000e-05   2.94537326e-04   2.11697745e-04  -1.93579145e-03  -1.48721457e-17  -3.19423457e-17  -5.75605631e-18
  1.52800000e-05   2.92245985e-04   2.09897148e-04  -1.93320270e-03  -1.43937465e-17  -3.20978852e-17  -5.66095278e-18
  1.53600000e-05   2.88357233e-04   2.07112826e-04  -1.93093233e-03  -1.39339432e-17  -3.22234232e-17  -5.53713737e-18
  1.54400000e-05   2.86181087e-04   2.05421171e-04  -1.92828287e-03  -1.34523233e-17  -3.23640585e-17  -5.44425483e-18
  1.55200000e-05   2.83984372e-04   2.03715564e-04  -1.92559704e-03  -1.29702168e-17  -3.24957739e-17  -5.35066972e-18
  1.56000000e-05   2.81767717e-04   2.01996470e-04  -1.92287499e-03  -1.24877830e-17  -3.26185954e-17  -5.25644946e-18
  1.56800000e-05   2.79531754e-04   2.00264353e-04  -1.92011689e-03  -1.20051798e-17  -3.27325530e-17  -5.16166104e-18
  1.57600000e-05   2.78165004e-04   1.98362923e-04  -1.91692130e-03  -1.15219921e-17  -3.28466877e-17  -5.07093324e-18
  1.58400000e-05   2.75789556e-04   1.96638246e-04  -1.91403530e-03  -1.10385448e-17  -3.29404530e-17  -4.97465657e-18
  1.59200000e-05   2.73395676e-04   1.94902706e-04  -1.91111419e-03  -1.05554493e-17  -3.30254239e-17  -4.87807519e-18
  1.60000000e-05   2.70984017e-04   1.93156775e-04  -1.90815817e-03  -1.00728579e-17  -3.31016470e-17  -4.78125503e-18
  1.60800000e-05   2.68555236e-04   1.91400921e-04  -1.90516745e-03  -9.59092076e-18  -3.31691723e-17  -4.68426129e-18
  1.61600000e-05   2.66109986e-04   1.89635616e-04  -1.90214222e-03  -9.10978646e-18  -3.32280532e-17  -4.58715831e-18
  1.62400000e-05   2.63648922e-04   1.87861329e-04  -1.89908270e-03  -8.62960162e-18  -3.32783465e-17  -4.49000961e-18
  1.63200000e-05   2.61172699e-04   1.86078528e-04  -1.89598911e-03  -8.15051097e-18  -3.33201122e-17  -4.39287774e-18
  1.64000000e-05   2.58681970e-04   1.84287681e-04  -1.89286168e-03  -7.67265723e-18  -3.33534134e-17  -4.29582433e-18
  1.64800000e-05   2.56827396e-04   1.83943153e-04  -1.88911053e-03  -7.16804295e-18  -3.33801397e-17  -4.22473849e-18
  1.65600000e-05   2.53661633e-04   1.80732254e-04  -1.88650410e-03  -6.72029036e-18  -3.33943830e-17  -4.10289168e-18
  1.66400000e-05   2.51090851e-04   1.78947297e-04  -1.88322590e-03  -6.24628119e-18  -3.34012064e-17  -4.00665670e-18
  1.67200000e-05   2.49610458e-04   1.78105831e-04  -1.87964267e-03  -5.75627001e-18  -3.34143795e-17  -3.93059868e-18
  1.68000000e-05   2.46666771e-04   1.76039791e-04  -1.87636307e-03  -5.29082788e-18  -3.33996852e-17  -3.82908039e-18
  1.68800000e-05   2.43711214e-04   1.73966631e-04  -1.87305176e-03  -4.82758157e-18  -3.33769854e-17  -3.72814976e-18
  1.69600000e-05   2.40744469e-04   1.71886830e-04  -1.86970901e-03  -4.36665584e-18  -3.33463672e-17  -3.62786376e-18
  1.70400000e-05   2.37767213e-04   1.69800866e-04  -1.86633512e-03  -3.90817299e-18  -3.33079200e-17  -3.52827796e-18
  1.71200000e-05   2.34780124e-04   1.67709215e-04  -1.86293036e-03  -3.45225281e-18  -3.32617357e-17  -3.42944648e-18
  1.72000000e-05   2.31783873e-04   1.65612351e-04  -1.85949501e-03  -2.99901257e-18  -3.32079085e-17  -3.33142198e-18
  1.72800000e-05   2.28779132e-04   1.63510743e-04  -1.85602938e-03  -2.54856699e-18  -3.31465347e-17  -3.23425563e-18
  1.73600000e-05   2.25766568e-04   1.61404861e-04  -1.85253375e-03  -2.10102818e-18  -3.30777128e-17  -3.13799711e-18
  1.74400000e-05   2.22746843e-04   1.59295170e-04  -1.84900842e-03  -1.65650567e-18  -3.30015431e-17  -3.04269453e-18
  1.75200000e-05   2.19285253e-04   1.56927985e-04  -1.84550356e-03  -1.21976381e-18  -3.29113683e-17  -2.94347356e-18
  1.76000000e-05   2.16844338e-04   1.54588958e-04  -1.84115406e-03  -7.84121990e-19  -3.28191256e-17  -2.84794572e-18
  1.76800000e-05   2.13943048e-04   1.52595145e-04  -1.83764569e-03  -3.47556473e-19  -3.27256378e-17  -2.75794771e-18
  1.77600000e-05   2.11039276e-04   1.50601284e-04  -1.83410985e-03   8.57328702e-20  -3.26252604e-17  -2.66904030e-18
  1.78400000e-05   2.08133626e-04   1.48607799e-04  -1.83054682e-03   5.15649837e-19  -3.25180982e-17  -2.58126089e-18
  1.79200000e-05   2.05226701e-04   1.46615111e-04  -1.82695691e-03   9.42100810e-19  -3.24042573e-17  -2.49464533e-18
  1.80000000e-05   2.02319098e-04   1.44623636e-04  -1.82334041e-03   1.36499477e-18  -3.22838454e-17  -2.40922790e-18
  1.80800000e-05   1.99411410e-04   1.42633788e-04  -1.81969762e-03   1.78424331e-18  -3.21569713e-17  -2.32504133e-18
  1.81600000e-05   1.96504225e-04   1.40645978e-04  -1.81602883e-03   2.19976064e-18  -3.20237454e-17  -2.24211678e-18
  1.82400000e-05   1.93598125e-04   1.38660610e-04  -1.81233436e-03   2.61146357e-18  -3.18842789e-17  -2.16048385e-18
  1.83200000e-05   1.90693690e-04   1.36678088e-04  -1.80861450e-03   3.01927156e-18  -3.17386842e-17  -2.08017056e-18
  1.84000000e-05   1.87791493e-04   1.34698810e-04  -1.80486956e-03   3.42310668e-18  -3.15870748e-17  -2.00120338e-18
  1.84800000e-05   1.84919632e-04   1.32924976e-04  -1.80143371e-03   3.82674364e-18  -3.14352675e-17  -1.92673875e-18
  1.85600000e-05   1.81502303e-04   1.30081020e-04  -1.79644206e-03   4.20551935e-18  -3.12441775e-17  -1.83750041e-18
  1.86400000e-05   1.78539511e-04   1.28004530e-04  -1.79264654e-03   4.59455421e-18  -3.10745198e-17  -1.76128966e-18
  1.87200000e-05   1.75581541e-04   1.25932958e-04  -1.78882740e-03   4.97933371e-18  -3.08993492e-17  -1.68656146e-18
  1.88000000e-05   1.72628946e-04   1.23866694e-04  -1.78498494e-03   5.35979423e-18  -3.07187833e-17  -1.61333489e-18
  1.88800000e-05   1.69682273e-04   1.21806123e-04  -1.78111949e-03   5.73587474e-18  -3.05329398e-17  -1.54162747e-18
  1.89600000e-05   1.66742067e-04   1.19751626e-04  -1.77723138e-03   6.10751682e-18  -3.03419370e-17  -1.47145518e-18
  1.90400000e-05   1.63808862e-04   1.17703581e-04  -1.77332092e-03   6.47466456e-18  -3.01458934e-17  -1.40283248e-18
  1.91200000e-05   1.60883189e-04   1.15662358e-04  -1.76938844e-03   6.83726464e-18  -2.99449282e-17  -1.33577230e-18
  1.92000000e-05   1.57965571e-04   1.13628325e-04  -1.76543425e-03   7.19526627e-18  -2.97391604e-17  -1.27028612e-18
  1.92800000e-05   1.55056527e-04   1.11601844e-04  -1.76145870e-03   7.54862116e-18  -2.95287094e-17  -1.20638392e-18
  1.93600000e-05   1.52156567e-04   1.09583273e-04  -1.75746209e-03   7.89728352e-18  -2.93136947e-17  -1.14407421e-18
  1.94400000e-05   1.49359014e-04   1.07683906e-04  -1.75335861e-03   8.24288043e-18  -2.90945764e-17  -1.08470060e-18
  1.95200000e-05   1.46777071e-04   1.05292438e-04  -1.74885469e-03   8.57328075e-18  -2.88691118e-17  -1.01857412e-18
  1.96000000e-05   1.43906432e-04   1.03320448e-04  -1.74481626e-03   8.90792082e-18  -2.86415221e-17  -9.61332046e-19
  1.96800000e-05   1.41046784e-04   1.01357247e-04  -1.74075814e-03   9.23771683e-18  -2.84098407e-17  -9.05693301e-19
  1.97600000e-05   1.38198604e-04   9.94031671e-05  -1.73668067e-03   9.56263494e-18  -2.81741860e-17  -8.51659462e-19
  1.98400000e-05   1.35362362e-04   9.74585330e-05  -1.73258416e-03   9.88264365e-18  -2.79346767e-17  -7.99230802e-19
  1.99200000e-05   1.32538523e-04   9.55236656e-05  -1.72846892e-03   1.01977138e-17  -2.76914309e-17  -7.48406311e-19
  2.00000000e-05   1.29303311e-04   9.40258496e-05  -1.72476326e-03   1.05176297e-17  -2.74431102e-17  -7.07573867e-19
  2.00800000e-05   1.26596229e-04   9.20091700e-05  -1.72053404e-03   1.08205828e-17  -2.71930955e-17  -6.58033578e-19
  2.01600000e-05   1.23903132e-04   9.00028043e-05  -1.71628681e-03   1.11184848e-17  -2.69397372e-17  -6.10059347e-19
  2.02400000e-05   1.21224442e-04   8.80070620e-05  -1.71202191e-03   1.14113168e-17  -2.66831524e-17  -5.63646609e-19
  2.03200000e-05   1.18507685e-04   8.59088782e-05  -1.70652499e-03   1.16897105e-17  -2.64052762e-17  -5.17500261e-19
  2.04000000e-05   1.16009296e-04   8.41285760e-05  -1.70230577e-03   1.19758498e-17  -2.61466170e-17  -4.76041245e-19
  2.04800000e-05   1.13526570e-04   8.23599290e-05  -1.69807065e-03   1.22569735e-17  -2.58850348e-17  -4.36022774e-19
  2.05600000e-05   1.11059903e-04   8.06032231e-05  -1.69381995e-03   1.25330699e-17  -2.56206419e-17  -3.97435864e-19
  2.06400000e-05   1.09042345e-04   7.93030208e-05  -1.69037172e-03   1.28176534e-17  -2.53725872e-17  -3.63503377e-19
  2.07200000e-05   1.06531650e-04   7.74859506e-05  -1.68599668e-03   1.30818804e-17  -2.50999877e-17  -3.26965121e-19
  2.08000000e-05   1.04038215e-04   7.56817846e-05  -1.68160635e-03   1.33409783e-17  -2.48249433e-17  -2.91878322e-19
  2.08800000e-05   1.01562411e-04   7.38907911e-05  -1.67720107e-03   1.35949448e-17  -2.45475652e-17  -2.58230004e-19
  2.09600000e-05   9.91046008e-05   7.21132335e-05  -1.67278112e-03   1.38437795e-17  -2.42679635e-17  -2.26006303e-19
  2.10400000e-05   9.66651408e-05   7.03493699e-05  -1.66834684e-03   1.40874840e-17  -2.39862477e-17  -1.95192497e-19
  2.11200000e-05   9.42443806e-05   6.85994532e-05  -1.66389853e-03   1.43260618e-17  -2.37025261e-17  -1.65773037e-19
  2.12000000e-05   9.21382938e-05   6.72371777e-05  -1.65865650e-03   1.45599157e-17  -2.34119687e-17  -1.40251407e-19
  2.12800000e-05   8.97580407e-05   6.55118825e-05  -1.65424211e-03   1.47884941e-17  -2.31254712e-17  -1.13409578e-19
  2.13600000e-05   8.73976509e-05   6.38015200e-05  -1.64981497e-03   1.50120095e-17  -2.28372781e-17  -8.79120949e-20
  2.14400000e-05   8.50574508e-05   6.21063288e-05  -1.64537538e-03   1.52304722e-17  -2.25474923e-17  -6.37403711e-20
  2.15200000e-05   8.27377596e-05   6.04265422e-05  -1.64092360e-03   1.54438940e-17  -2.22562159e-17  -4.08751373e-20
  2.16000000e-05   8.04388897e-05   5.87623883e-05  -1.63645994e-03   1.56522886e-17  -2.19635494e-17  -1.92964741e-20
  2.16800000e-05   7.81611464e-05   5.71140901e-05  -1.63198466e-03   1.58556709e-17  -2.16695925e-17   1.01615790e-21
  2.17600000e-05   7.59048281e-05   5.54818654e-05  -1.62749806e-03   1.60540578e-17  -2.13744437e-17   2.00838880e-20
  2.18400000e-05   7.36702262e-05   5.38659268e-05  -1.62300040e-03   1.62474674e-17  -2.10782001e-17   3.79284052e-20
  2.19200000e-05   7.14243404e-05   5.22667844e-05  -1.61851257e-03   1.64361162e-17  -2.07806094e-17   5.42492725e-20
  2.20000000e-05   6.93068800e-05   5.07393008e-05  -1.61392848e-03   1.66199903e-17  -2.04829847e-17   6.97598132e-20
  2.20800000e-05   6.68641351e-05   4.89245659e-05  -1.60968187e-03   1.67969257e-17  -2.01824298e-17   8.42994484e-20
  2.21600000e-05   6.47061666e-05   4.73631916e-05  -1.60507146e-03   1.69697088e-17  -1.98816789e-17   9.74318219e-20
  2.22400000e-05   6.25716525e-05   4.58189711e-05  -1.60045175e-03   1.71375943e-17  -1.95803417e-17   1.09454398e-19
  2.23200000e-05   6.04608292e-05   4.42920757e-05  -1.59582300e-03   1.73006101e-17  -1.92785083e-17   1.20391852e-19
  2.24000000e-05   5.83739263e-05   4.27826718e-05  -1.59118548e-03   1.74587853e-17  -1.89762669e-17   1.30269191e-19
  2.24800000e-05   5.63111670e-05   4.12909210e-05  -1.58653945e-03   1.76121500e-17  -1.86737049e-17   1.39111731e-19
  2.25600000e-05   5.42727674e-05   3.98169798e-05  -1.58188519e-03   1.77607359e-17  -1.83709079e-17   1.46945064e-19
  2.26400000e-05   5.22589372e-05   3.83610000e-05  -1.57722295e-03   1.79045755e-17  -1.80679603e-17   1.53795036e-19
  2.27200000e-05   5.02698792e-05   3.69231285e-05  -1.57255299e-03   1.80437026e-17  -1.77649451e-17   1.59687718e-19
  2.28000000e-05   4.83057900e-05   3.55035074e-05  -1.56787557e-03   1.81781520e-17  -1.74619439e-17   1.64649379e-19
  2.28800000e-05   4.63668594e-05   3.41022743e-05  -1.56319095e-03   1.83079597e-17  -1.71590368e-17   1.68706462e-19
  2.29600000e-05   4.44532708e-05   3.27195617e-05  -1.55849936e-03   1.84331626e-17  -1.68563026e-17   1.71885559e-19
  2.30400000e-05   4.25707283e-05   3.14339524e-05  -1.55359996e-03   1.85528505e-17  -1.65518860e-17   1.73479126e-19
  2.31200000e-05   4.07004785e-05   3.00517492e-05  -1.54900907e-03   1.86695883e-17  -1.62507646e-17   1.75271587e-19
  2.32000000e-05   3.88560637e-05   2.86886023e-05  -1.54441216e-03   1.87818837e-17  -1.59500051e-17   1.76252639e-19
  2.32800000e-05   3.70376433e-05   2.73446293e-05  -1.53980947e-03   1.88897760e-17  -1.56496796e-17   1.76449168e-19
