       time             b_x              b_y              b_z              F_x              F_y              F_z
  0.00000000e+00   3.48034571e-04   2.80894744e-04  -5.99554793e-03   1.06268448e-16   1.59362203e-16   1.36349671e-17
  8.00000000e-08   3.71389170e-04   2.99879832e-04  -6.00858672e-03   9.86227587e-17   1.64931173e-16   1.43273220e-17
  1.60000000e-07   3.95387382e-04   3.19375070e-04  -6.02204498e-03   9.06851894e-17   1.70192732e-16   1.49801430e-17
  2.40000000e-07   4.19979367e-04   3.39339745e-04  -6.03593692e-03   8.24677156e-17   1.75131952e-16   1.55839884e-17
  3.20000000e-07   4.50565875e-04   3.63706163e-04  -6.04955639e-03   7.38886522e-17   1.79827430e-16   1.63145929e-17
  4.00000000e-07   4.76787851e-04   3.85902845e-04  -6.06509556e-03   6.51241633e-17   1.84107941e-16   1.68337312e-17
  4.80000000e-07   5.04345168e-04   4.08276881e-04  -6.08111944e-03   5.61189355e-17   1.88042061e-16   1.72791442e-17
  5.60000000e-07   5.32293887e-04   4.30960027e-04  -6.09762645e-03   4.68836608e-17   1.91596386e-16   1.76341189e-17
  6.40000000e-07   5.66919123e-04   4.57343009e-04  -6.11253040e-03   3.73403107e-17   1.94828101e-16   1.80403530e-17
  7.20000000e-07   5.96428915e-04   4.81154481e-04  -6.12844234e-03   2.76682808e-17   1.97549181e-16   1.82026411e-17
  8.00000000e-07   6.26158852e-04   5.05121728e-04  -6.14485173e-03   1.78221081e-17   1.99847185e-16   1.82439921e-17
  8.80000000e-07   6.56043948e-04   5.29191785e-04  -6.16176707e-03   7.82042926e-18   2.01709270e-16   1.81560635e-17
  9.60000000e-07   6.86017989e-04   5.53310753e-04  -6.17919514e-03  -2.31722535e-18   2.03122913e-16   1.79312080e-17
  1.04000000e-06   7.16013653e-04   5.77423891e-04  -6.19714101e-03  -1.25704079e-17   2.04075951e-16   1.75625738e-17
  1.12000000e-06   7.56793566e-04   6.10151516e-04  -6.21031438e-03  -2.31065299e-17   2.04632697e-16   1.72889923e-17
  1.20000000e-06   7.89172568e-04   6.36292609e-04  -6.22771592e-03  -3.35682414e-17   2.04633445e-16   1.66538767e-17
  1.28000000e-06   8.21368809e-04   6.62256779e-04  -6.24565389e-03  -4.40744537e-17   2.04140517e-16   1.58497511e-17
  1.36000000e-06   8.53308724e-04   6.87984154e-04  -6.26413166e-03  -5.46009190e-17   2.03144262e-16   1.48733453e-17
  1.44000000e-06   8.84918250e-04   7.13414534e-04  -6.28315043e-03  -6.51224704e-17   2.01635650e-16   1.37226924e-17
  1.52000000e-06   9.16122994e-04   7.38487534e-04  -6.30270922e-03  -7.56130257e-17   1.99606353e-16   1.23972041e-17
  1.60000000e-06   9.46848414e-04   7.63142725e-04  -6.32280480e-03  -8.60455981e-17   1.97048843e-16   1.08977353e-17
  1.68000000e-06   9.85973456e-04   7.92825195e-04  -6.33875574e-03  -9.64631183e-17   1.94036228e-16   9.26471044e-18
  1.76000000e-06   1.01826231e-03   8.18131343e-04  -6.35649965e-03  -1.06683532e-16   1.90379206e-16   7.41341594e-18
  1.84000000e-06   1.04963265e-03   8.42902681e-04  -6.37704394e-03  -1.16787053e-16   1.86236104e-16   5.39362871e-18
  1.92000000e-06   1.08020668e-03   8.66998737e-04  -6.39815869e-03  -1.26715653e-16   1.81547738e-16   3.20757365e-18
  2.00000000e-06   1.10990840e-03   8.90359001e-04  -6.41983422e-03  -1.36438799e-16   1.76312070e-16   8.63958375e-19
  2.08000000e-06   1.13866284e-03   9.12923897e-04  -6.44205837e-03  -1.45925347e-16   1.70528479e-16  -1.62684765e-18
  2.16000000e-06   1.16639632e-03   9.34634977e-04  -6.46481651e-03  -1.55143620e-16   1.64197900e-16  -4.25284259e-18
  2.24000000e-06   1.19303666e-03   9.55435128e-04  -6.48809155e-03  -1.64061507e-16   1.57322973e-16  -7.00044014e-18
  2.32000000e-06   1.21851345e-03   9.75268779e-04  -6.51186404e-03  -1.72646570e-16   1.49908179e-16  -9.85453619e-18
  2.40000000e-06   1.25268059e-03   9.99393230e-04  -6.52466930e-03  -1.80712579e-16   1.41993709e-16  -1.29458803e-17
  2.48000000e-06   1.27818149e-03   1.01897950e-03  -6.54844159e-03  -1.88542051e-16   1.33585737e-16  -1.60144716e-17
  2.56000000e-06   1.30246359e-03   1.03685531e-03  -6.57178883e-03  -1.95906032e-16   1.24656703e-16  -1.91590923e-17
  2.64000000e-06   1.32508290e-03   1.05371211e-03  -6.59583337e-03  -2.02817832e-16   1.15230805e-16  -2.23368814e-17
  2.72000000e-06   1.34617391e-03   1.06932154e-03  -6.62038592e-03  -2.09238095e-16   1.05324429e-16  -2.55340377e-17
  2.80000000e-06   1.36567904e-03   1.08364023e-03  -6.64542005e-03  -2.15136361e-16   9.49548847e-17  -2.87280992e-17
  2.88000000e-06   1.38354447e-03   1.09662792e-03  -6.67090727e-03  -2.20482874e-16   8.41420191e-17  -3.18960174e-17
  2.96000000e-06   1.39972041e-03   1.10824767e-03  -6.69681725e-03  -2.25248759e-16   7.29082926e-17  -3.50143702e-17
  3.04000000e-06   1.41416138e-03   1.11846609e-03  -6.72311795e-03  -2.29406205e-16   6.12788310e-17  -3.80595880e-17
  3.12000000e-06   1.42591113e-03   1.12528069e-03  -6.75078928e-03  -2.32918036e-16   4.92651881e-17  -4.09853194e-17
  3.20000000e-06   1.44400747e-03   1.13881624e-03  -6.77419241e-03  -2.35801073e-16   3.70759321e-17  -4.40312022e-17
  3.28000000e-06   1.45416053e-03   1.14568739e-03  -6.80308451e-03  -2.38055376e-16   2.44567008e-17  -4.67656985e-17
  3.36000000e-06   1.46231663e-03   1.15096884e-03  -6.83228370e-03  -2.39604570e-16   1.15549818e-17  -4.93361134e-17
  3.44000000e-06   1.46845296e-03   1.15464547e-03  -6.86175012e-03  -2.40427768e-16  -1.59114840e-18  -5.17206361e-17
  3.52000000e-06   1.47255293e-03   1.15670710e-03  -6.89144300e-03  -2.40506242e-16  -1.49409775e-17  -5.38987999e-17
  3.60000000e-06   1.47460641e-03   1.15714870e-03  -6.92132084e-03  -2.39823600e-16  -2.84512780e-17  -5.58517350e-17
  3.68000000e-06   1.47319831e-03   1.15395374e-03  -6.95124082e-03  -2.38324944e-16  -4.20987953e-17  -5.74976437e-17
  3.76000000e-06   1.47084189e-03   1.15091430e-03  -6.98154572e-03  -2.36082600e-16  -5.57950892e-17  -5.89347343e-17
  3.84000000e-06   1.46647244e-03   1.14630680e-03  -7.01191818e-03  -2.33046604e-16  -6.95087154e-17  -6.01026318e-17
  3.92000000e-06   1.46010841e-03   1.14014896e-03  -7.04231534e-03  -2.29211441e-16  -8.31882735e-17  -6.09913863e-17
  4.00000000e-06   1.45177528e-03   1.13246401e-03  -7.07269450e-03  -2.24574673e-16  -9.67808674e-17  -6.15936129e-17
  4.08000000e-06   1.44318897e-03   1.12403676e-03  -7.10349001e-03  -2.19164247e-16  -1.10215065e-16  -6.19668935e-17
  4.16000000e-06   1.42754719e-03   1.11065883e-03  -7.13661745e-03  -2.12963398e-16  -1.23590424e-16  -6.18335086e-17
  4.24000000e-06   1.41064947e-03   1.09653726e-03  -7.16831538e-03  -2.05942030e-16  -1.36680222e-16  -6.14352115e-17
  4.32000000e-06   1.39180253e-03   1.08092618e-03  -7.19976418e-03  -1.98132969e-16  -1.49463729e-16  -6.07410484e-17
  4.40000000e-06   1.37107415e-03   1.06388092e-03  -7.23092545e-03  -1.89550382e-16  -1.61883648e-16  -5.97589555e-17
  4.48000000e-06   1.34853959e-03   1.04546255e-03  -7.26176195e-03  -1.80212004e-16  -1.73883100e-16  -5.84997545e-17
  4.56000000e-06   1.32428145e-03   1.02573774e-03  -7.29223766e-03  -1.70139141e-16  -1.85405961e-16  -5.69770240e-17
  4.64000000e-06   1.29838940e-03   1.00477859e-03  -7.32231781e-03  -1.59356644e-16  -1.96397211e-16  -5.52069304e-17
  4.72000000e-06   1.27095995e-03   9.82662383e-04  -7.35196892e-03  -1.47892876e-16  -2.06803268e-16  -5.32080206e-17
  4.80000000e-06   1.23343034e-03   9.53098357e-04  -7.38739150e-03  -1.35795908e-16  -2.16872970e-16  -5.06533415e-17
  4.88000000e-06   1.19756125e-03   9.24360601e-04  -7.41330523e-03  -1.22951055e-16  -2.25929215e-16  -4.80327565e-17
  4.96000000e-06   1.16384871e-03   8.97694420e-04  -7.43993848e-03  -1.09596331e-16  -2.34237756e-16  -4.54072942e-17
  5.04000000e-06   1.12904458e-03   8.70223046e-04  -7.46594599e-03  -9.57155494e-17  -2.41757747e-16  -4.26537088e-17
  5.12000000e-06   1.09327795e-03   8.42047682e-04  -7.49130879e-03  -8.13546070e-17  -2.48448710e-16  -3.97993017e-17
  5.20000000e-06   1.05668239e-03   8.13272896e-04  -7.51600936e-03  -6.65621808e-17  -2.54273501e-16  -3.68718050e-17
  5.28000000e-06   1.01578144e-03   7.81663879e-04  -7.54046373e-03  -5.13669264e-17  -2.59250316e-16  -3.37942317e-17
  5.36000000e-06   9.73218633e-04   7.48602268e-04  -7.56368222e-03  -3.58299121e-17  -2.63284319e-16  -3.06683398e-17
  5.44000000e-06   9.30234500e-04   7.15249418e-04  -7.58614962e-03  -2.00225059e-17  -2.66355998e-16  -2.75682143e-17
  5.52000000e-06   8.86989263e-04   6.81729378e-04  -7.60786164e-03  -4.00297305e-18  -2.68444081e-16  -2.45215830e-17
  5.60000000e-06   8.43645098e-04   6.48167591e-04  -7.62881495e-03   1.21687256e-17  -2.69531447e-16  -2.15545225e-17
  5.68000000e-06   7.95290685e-04   6.10660159e-04  -7.65098312e-03   2.84783618e-17  -2.69722907e-16  -1.85676083e-17
  5.76000000e-06   7.49934865e-04   5.75828251e-04  -7.66734886e-03   4.47702172e-17  -2.68680356e-16  -1.57993323e-17
  5.84000000e-06   7.04981366e-04   5.41338942e-04  -7.68295837e-03   6.10081960e-17  -2.66613671e-16  -1.31874620e-17
  5.92000000e-06   6.60596828e-04   5.07319742e-04  -7.69782387e-03   7.71286220e-17  -2.63525684e-16  -1.07486038e-17
  6.00000000e-06   6.16946534e-04   4.73897007e-04  -7.71195797e-03   9.30677154e-17  -2.59423440e-16  -8.49618058e-18
  6.08000000e-06   5.74193747e-04   4.41195434e-04  -7.72537363e-03   1.08761857e-16  -2.54318146e-16  -6.44028739e-18
  6.16000000e-06   5.22037774e-04   4.02416060e-04  -7.73977496e-03   1.24240014e-16  -2.48368823e-16  -4.53367482e-18
  6.24000000e-06   4.80338306e-04   3.70234770e-04  -7.74878042e-03   1.39219796e-16  -2.41215886e-16  -2.89515327e-18
  6.32000000e-06   4.40035036e-04   3.39149219e-04  -7.75720094e-03   1.53753172e-16  -2.33129737e-16  -1.47076062e-18
  6.40000000e-06   4.01276363e-04   3.09273716e-04  -7.76506164e-03   1.67782007e-16  -2.24139385e-16  -2.56722653e-19
  6.48000000e-06   3.64205453e-04   2.80718476e-04  -7.77238753e-03   1.81249919e-16  -2.14277297e-16   7.54029922e-19
  6.56000000e-06   3.28959683e-04   2.53589180e-04  -7.77920353e-03   1.94102530e-16  -2.03579280e-16   1.57167813e-18
  6.64000000e-06   2.95670087e-04   2.27986560e-04  -7.78553451e-03   2.06287701e-16  -1.92084346e-16   2.20928354e-18
