       time             b_x              b_y              b_z              F_x              F_y              F_z
  0.00000000e+00  -7.69653126e-03  -4.25195253e-03  -4.54721129e-02   2.78267091e-14  -5.54254560e-14   4.72757249e-16
  8.00000000e-08  -5.10955974e-03  -2.82793741e-03  -3.74414327e-02   2.45664414e-14  -3.35975498e-14  -8.14924266e-16
  1.60000000e-07  -3.31663809e-03  -1.82875887e-03  -3.22030281e-02   2.01176061e-14  -1.89254543e-14  -9.97195849e-16
  2.40000000e-07  -2.43095236e-03  -1.34207319e-03  -2.84280148e-02   1.75110254e-14  -1.13293984e-14  -9.62557069e-16
  3.20000000e-07  -1.86408431e-03  -1.03191754e-03  -2.56631418e-02   1.54394923e-14  -6.39669806e-15  -8.64260914e-16
  4.00000000e-07  -1.48631358e-03  -8.23762903e-04  -2.35770336e-02   1.37609069e-14  -3.04550377e-15  -7.61090223e-16
  4.80000000e-07  -1.22738259e-03  -6.78424053e-04  -2.19565353e-02   1.23654741e-14  -6.91820100e-16  -6.69860701e-16
  5.60000000e-07  -1.00593958e-03  -5.59626752e-04  -2.07818735e-02   1.11161864e-14   1.31692862e-15  -5.73538299e-16
  6.40000000e-07  -8.30966772e-04  -4.61863094e-04  -1.97582500e-02   9.93651316e-15   2.88323879e-15  -4.85294692e-16
  7.20000000e-07  -6.83003821e-04  -3.75966638e-04  -1.90403098e-02   8.85283187e-15   4.24859534e-15  -4.01456078e-16
  8.00000000e-07  -5.38368195e-04  -2.98267723e-04  -1.84370019e-02   7.78886356e-15   5.52341104e-15  -3.16794004e-16
  8.80000000e-07  -4.07759501e-04  -2.33984164e-04  -1.79730993e-02   6.79568928e-15   6.66753526e-15  -2.40977055e-16
  9.60000000e-07  -2.80177098e-04  -1.59535289e-04  -1.77567000e-02   5.74489623e-15   7.83293417e-15  -1.61021911e-16
  1.04000000e-06  -1.39806225e-04  -8.35491570e-05  -1.75123766e-02   4.61390921e-15   8.98680414e-15  -7.97089494e-17
  1.12000000e-06   1.21215476e-05   7.25884303e-06  -1.74843217e-02   3.36346872e-15   1.02582124e-14   6.59065886e-18
  1.20000000e-06   1.82094353e-04   1.05011997e-04  -1.74895012e-02   1.98522562e-15   1.15824873e-14   9.02140366e-17
  1.28000000e-06   3.70044162e-04   2.13056234e-04  -1.76043991e-02   4.57294530e-16   1.29971338e-14   1.66909392e-16
  1.36000000e-06   6.00226192e-04   3.34194637e-04  -1.79289990e-02  -1.26162196e-15   1.47137248e-14   2.32025746e-16
  1.44000000e-06   8.93394021e-04   4.97700659e-04  -1.83037794e-02  -3.42669443e-15   1.67494970e-14   2.88183508e-16
  1.52000000e-06   1.23918342e-03   6.90935271e-04  -1.87856357e-02  -5.99752320e-15   1.90278653e-14   3.04221377e-16
  1.60000000e-06   1.67132014e-03   9.31719984e-04  -1.94785123e-02  -9.16631726e-15   2.17777538e-14   2.55200075e-16
  1.68000000e-06   2.20782457e-03   1.23467959e-03  -2.03499216e-02  -1.31304046e-14   2.50079418e-14   9.27357488e-17
  1.76000000e-06   2.91991106e-03   1.63017221e-03  -2.13544188e-02  -1.82070770e-14   2.90416480e-14  -2.72550540e-16
  1.84000000e-06   3.88274310e-03   2.16631048e-03  -2.26614739e-02  -2.49546716e-14   3.42500181e-14  -1.00154145e-15
  1.92000000e-06   5.15374769e-03   2.86349878e-03  -2.43005924e-02  -3.38066591e-14   4.06777079e-14  -2.37650271e-15
  2.00000000e-06   6.90562613e-03   3.83062501e-03  -2.63993906e-02  -4.59675783e-14   4.89310882e-14  -4.92429016e-15
  2.08000000e-06   9.40311529e-03   5.20877578e-03  -2.91041325e-02  -6.31069826e-14   5.97490136e-14  -9.69563405e-15
  2.16000000e-06   1.31163795e-02   7.24583955e-03  -3.25752296e-02  -8.79284771e-14   7.42982768e-14  -1.88778373e-14
  2.24000000e-06   1.87726581e-02   1.03468526e-02  -3.72613810e-02  -1.24910332e-13   9.32502204e-14  -3.70370779e-14
  2.32000000e-06   2.78817067e-02   1.52990060e-02  -4.37745807e-02  -1.81514824e-13   1.16920774e-13  -7.47504922e-14
  2.40000000e-06   4.45875323e-02   2.43199039e-02  -5.33469932e-02  -2.73395970e-13   1.45761438e-13  -1.62055009e-13
  2.48000000e-06   7.86602015e-02   4.26217640e-02  -7.26259433e-02  -4.28459887e-13   1.35611069e-13  -3.84473602e-13
  2.56000000e-06   1.92252066e-01   1.03404675e-01  -1.77170161e-01  -7.71641571e-13  -5.09829748e-13  -1.13488900e-12
