       time             b_x              b_y              b_z              F_x              F_y              F_z
  0.00000000e+00   1.21726207e-04   9.77281406e-05  -1.32337111e-03   2.60439979e-15   2.69925009e-15   4.38891552e-16
  8.00000000e-08   1.84184353e-04   1.49324125e-04  -1.16923794e-03   2.67113669e-15   1.93366795e-15   6.67721113e-16
  1.60000000e-07   2.52293595e-04   2.02415209e-04  -1.01161614e-03   2.74702074e-15   1.12255998e-15   9.09711609e-16
  2.40000000e-07   3.10260398e-04   2.51200237e-04  -8.58779184e-04   2.80788632e-15   3.82883640e-16   1.12643204e-15
  3.20000000e-07   3.74594020e-04   3.05294599e-04  -7.02976449e-04   2.89859597e-15  -4.05234740e-16   1.36858175e-15
  4.00000000e-07   4.34907104e-04   3.51754640e-04  -5.46148243e-04   2.94254168e-15  -1.17408217e-15   1.58701129e-15
  4.80000000e-07   4.94753194e-04   4.05106624e-04  -3.95810179e-04   3.03708922e-15  -1.92510077e-15   1.82597254e-15
  5.60000000e-07   5.56021703e-04   4.55294609e-04  -2.38291608e-04   3.09954809e-15  -2.70589757e-15   2.06232791e-15
  6.40000000e-07   6.12501856e-04   5.03495418e-04  -8.71263462e-05   3.15612310e-15  -3.44314891e-15   2.29002556e-15
