       time             b_x              b_y              b_z              F_x              F_y              F_z
  0.00000000e+00  -8.71267595e-03  -4.73170095e-03  -4.81629819e-02   1.78960444e-14  -7.21917772e-14   3.85498278e-15
  8.00000000e-08  -5.50600261e-03  -2.99340121e-03  -4.10724218e-02   1.91688947e-14  -4.85644430e-14   9.69723159e-16
  1.60000000e-07  -3.54942836e-03  -1.92773500e-03  -3.59876014e-02   1.86174031e-14  -3.33160419e-14  -5.15910692e-17
  2.40000000e-07  -2.38070983e-03  -1.29430739e-03  -3.21601830e-02   1.77732050e-14  -2.34260189e-14  -3.72895094e-16
  3.20000000e-07  -1.61044751e-03  -8.74569014e-04  -2.92345231e-02   1.67496516e-14  -1.64872334e-14  -4.29465232e-16
  4.00000000e-07  -1.17456754e-03  -6.37920670e-04  -2.69196790e-02   1.59823019e-14  -1.18958095e-14  -4.15447387e-16
  4.80000000e-07  -8.82373454e-04  -4.74440320e-04  -2.50649238e-02   1.52145860e-14  -8.48936767e-15  -3.74916299e-16
  5.60000000e-07  -6.79723285e-04  -3.68584257e-04  -2.35569544e-02   1.45290671e-14  -5.86953099e-15  -3.27390731e-16
  6.40000000e-07  -5.36191820e-04  -2.92994735e-04  -2.23285778e-02   1.38804811e-14  -3.79860054e-15  -2.83476650e-16
  7.20000000e-07  -4.35704086e-04  -2.37488737e-04  -2.13161341e-02   1.32667449e-14  -2.13330977e-15  -2.47405926e-16
  8.00000000e-07  -3.64956672e-04  -1.98156123e-04  -2.04838057e-02   1.27023929e-14  -7.62472506e-16  -2.18940488e-16
  8.80000000e-07  -3.07287706e-04  -1.67480596e-04  -1.97990860e-02   1.21635449e-14   4.31694269e-16  -1.92433540e-16
  9.60000000e-07  -2.61335189e-04  -1.42714783e-04  -1.92340223e-02   1.16415855e-14   1.47954492e-15  -1.69153847e-16
  1.04000000e-06  -2.22158838e-04  -1.22572815e-04  -1.87673044e-02   1.11329852e-14   2.42386527e-15  -1.47617952e-16
  1.12000000e-06  -1.87965492e-04  -1.03813251e-04  -1.84008300e-02   1.06293379e-14   3.28944395e-15  -1.27137558e-16
  1.20000000e-06  -1.45284000e-04  -7.97530014e-05  -1.81299055e-02   1.00998376e-14   4.16043358e-15  -9.92366940e-17
  1.28000000e-06  -1.08240891e-04  -6.07090792e-05  -1.79232296e-02   9.58143876e-15   4.96567082e-15  -7.46832353e-17
  1.36000000e-06  -6.22052628e-05  -3.60385860e-05  -1.77946085e-02   9.02469110e-15   5.79292497e-15  -4.32800816e-17
  1.44000000e-06  -1.38886416e-05  -9.28566649e-06  -1.77299459e-02   8.43799068e-15   6.60827474e-15  -1.00707845e-17
  1.52000000e-06   3.53715084e-05   2.22273067e-05  -1.77268778e-02   7.80192792e-15   7.40838200e-15   2.48568497e-17
  1.60000000e-06   1.23868224e-04   7.17644547e-05  -1.77975880e-02   7.04168040e-15   8.39894976e-15   8.28756395e-17
  1.68000000e-06   2.08090462e-04   1.20743557e-04  -1.78635335e-02   6.21635314e-15   9.31672006e-15   1.35387420e-16
  1.76000000e-06   3.20145632e-04   1.77843048e-04  -1.80592533e-02   5.32070733e-15   1.03887932e-14   1.96629163e-16
  1.84000000e-06   4.44567019e-04   2.45630446e-04  -1.83268744e-02   4.30082068e-15   1.15041088e-14   2.58514479e-16
  1.92000000e-06   5.97734667e-04   3.32960587e-04  -1.86799484e-02   3.09389690e-15   1.27447230e-14   3.26168988e-16
  2.00000000e-06   8.07210230e-04   4.48874149e-04  -1.91738459e-02   1.63428274e-15   1.42680403e-14   4.02828114e-16
  2.08000000e-06   1.05644113e-03   5.89060815e-04  -1.97175313e-02  -1.09542379e-16   1.59176254e-14   4.69669563e-16
  2.16000000e-06   1.36165447e-03   7.66595512e-04  -2.03892990e-02  -2.23491461e-15   1.77845602e-14   5.19408863e-16
  2.24000000e-06   1.74238062e-03   9.78521915e-04  -2.12086126e-02  -4.78367790e-15   1.99328866e-14   5.26662394e-16
  2.32000000e-06   2.25239656e-03   1.26078578e-03  -2.21968663e-02  -8.02495378e-15   2.25821239e-14   4.68347303e-16
  2.40000000e-06   2.87405595e-03   1.60539934e-03  -2.33921215e-02  -1.20354081e-14   2.55433230e-14   2.74314470e-16
  2.48000000e-06   3.67666447e-03   2.05655677e-03  -2.48474334e-02  -1.71892014e-14   2.90379563e-14  -1.40083716e-16
  2.56000000e-06   4.77473492e-03   2.67001479e-03  -2.66153780e-02  -2.39925812e-14   3.34225476e-14  -9.51311644e-16
  2.64000000e-06   6.20338058e-03   3.46445511e-03  -2.88038124e-02  -3.28558237e-14   3.84917628e-14  -2.44634959e-15
  2.72000000e-06   8.12712993e-03   4.53530721e-03  -3.15395573e-02  -4.47241569e-14   4.44325831e-14  -5.13525342e-15
  2.80000000e-06   1.08128349e-02   6.02690239e-03  -3.50285467e-02  -6.10083878e-14   5.14295435e-14  -9.98365108e-15
  2.88000000e-06   1.46448951e-02   8.14520542e-03  -3.95958329e-02  -8.37464041e-14   5.91939294e-14  -1.87976999e-14
  2.96000000e-06   2.03443392e-02   1.12940503e-02  -4.57359238e-02  -1.16270798e-13   6.68419193e-14  -3.52138194e-14
  3.04000000e-06   2.89115927e-02   1.59884271e-02  -5.58679040e-02  -1.64822631e-13   6.74034008e-14  -6.60058844e-14
  3.12000000e-06   4.35699678e-02   2.39748994e-02  -7.02569589e-02  -2.34579981e-13   5.18753112e-14  -1.27772921e-13
  3.20000000e-06   6.95347873e-02   3.80659023e-02  -1.04589763e-01  -3.37041284e-13  -6.20360174e-14  -2.46654645e-13
