       time             b_x              b_y              b_z              F_x              F_y              F_z
  0.00000000e+00   6.01234125e-05   5.69762514e-05  -2.35693367e-03   1.20691944e-14   1.15921025e-14   5.88101275e-16
  8.00000000e-08   1.15567611e-04   1.11698609e-04  -2.31352927e-03   1.18662352e-14   1.13619507e-14   1.14131537e-15
  1.60000000e-07   1.65879452e-04   1.60251100e-04  -2.27298847e-03   1.16692927e-14   1.11523711e-14   1.63787704e-15
  2.40000000e-07   2.10153921e-04   2.03052199e-04  -2.23533326e-03   1.14785663e-14   1.09660960e-14   2.07528591e-15
  3.20000000e-07   2.45712010e-04   2.38424857e-04  -2.20262167e-03   1.12997790e-14   1.08200370e-14   2.43176451e-15
  4.00000000e-07   2.73491235e-04   2.65872851e-04  -2.17239190e-03   1.11191248e-14   1.06999612e-14   2.70936950e-15
  4.80000000e-07   2.99397553e-04   2.91566377e-04  -2.14612848e-03   1.09564102e-14   1.06014893e-14   2.96876925e-15
  5.60000000e-07   3.21792029e-04   3.17207897e-04  -2.12434384e-03   1.08168944e-14   1.05314764e-14   3.21108935e-15
  6.40000000e-07   3.37316031e-04   3.34485072e-04  -2.10540984e-03   1.06747821e-14   1.04887792e-14   3.37659447e-15
  7.20000000e-07   3.48148313e-04   3.46492875e-04  -2.08905075e-03   1.05350157e-14   1.04674994e-14   3.49185481e-15
  8.00000000e-07   3.49059767e-04   3.49792016e-04  -2.07592078e-03   1.03932879e-14   1.04820400e-14   3.51382031e-15
  8.80000000e-07   3.51545654e-04   3.54607236e-04  -2.06606219e-03   1.02705131e-14   1.05091767e-14   3.55128919e-15
  9.60000000e-07   3.46897914e-04   3.51599364e-04  -2.05910021e-03   1.01454482e-14   1.05649559e-14   3.51321735e-15
  1.04000000e-06   3.34485565e-04   3.41064060e-04  -2.05462569e-03   1.00166865e-14   1.06483732e-14   3.39829026e-15
  1.12000000e-06   3.13224144e-04   3.21174379e-04  -2.05402614e-03   9.88663741e-15   1.07692661e-14   3.19155913e-15
  1.20000000e-06   2.87655990e-04   2.96943870e-04  -2.05419245e-03   9.75120969e-15   1.09011615e-14   2.94131496e-15
  1.28000000e-06   2.58993921e-04   2.67968875e-04  -2.05661147e-03   9.61601422e-15   1.10498718e-14   2.65072476e-15
  1.36000000e-06   2.26630655e-04   2.35828527e-04  -2.06206558e-03   9.48729874e-15   1.12213357e-14   2.32602873e-15
  1.44000000e-06   1.93411753e-04   2.03031592e-04  -2.07048880e-03   9.36912826e-15   1.14099850e-14   1.99406388e-15
  1.52000000e-06   1.55696243e-04   1.64330889e-04  -2.08156061e-03   9.24921301e-15   1.16215415e-14   1.60929542e-15
  1.60000000e-06   1.15167969e-04   1.22932655e-04  -2.09262977e-03   9.12211649e-15   1.18376964e-14   1.19744788e-15
  1.68000000e-06   6.60217833e-05   7.08860904e-05  -2.10635659e-03   8.98314395e-15   1.20852150e-14   6.88277018e-16
