       time             b_x              b_y              b_z              F_x              F_y              F_z
  0.00000000e+00   7.71286840e-05   6.99384405e-05  -2.10827692e-03   8.38384274e-15   9.54725223e-15   6.23426021e-16
  8.00000000e-08   1.46260291e-04   1.32426944e-04  -2.03211683e-03   8.28830627e-15   8.95837270e-15   1.18033568e-15
  1.60000000e-07   2.16727823e-04   1.97154225e-04  -1.96026469e-03   8.22740114e-15   8.37981031e-15   1.75242750e-15
  2.40000000e-07   2.79986809e-04   2.56363629e-04  -1.88753662e-03   8.14713886e-15   7.82425412e-15   2.27118538e-15
  3.20000000e-07   3.37882245e-04   3.13437555e-04  -1.81923925e-03   8.08083157e-15   7.30940052e-15   2.76017029e-15
  4.00000000e-07   3.93562416e-04   3.67655852e-04  -1.75229584e-03   8.01294870e-15   6.80781726e-15   3.22806753e-15
  4.80000000e-07   4.51474615e-04   4.23727413e-04  -1.68572974e-03   7.95906755e-15   6.29622375e-15   3.71423687e-15
  5.60000000e-07   4.89310270e-04   4.60602806e-04  -1.61832787e-03   7.82502461e-15   5.86304748e-15   4.03465895e-15
  6.40000000e-07   5.37231918e-04   5.08900985e-04  -1.55567456e-03   7.76013137e-15   5.40808968e-15   4.44898476e-15
  7.20000000e-07   5.78379778e-04   5.52345125e-04  -1.49180164e-03   7.67336134e-15   4.97374122e-15   4.81655104e-15
  8.00000000e-07   6.11837619e-04   5.87196229e-04  -1.43159696e-03   7.56627344e-15   4.58768731e-15   5.11540861e-15
  8.80000000e-07   6.54197977e-04   6.31243578e-04  -1.37133403e-03   7.49933222e-15   4.16255565e-15   5.49365387e-15
  9.60000000e-07   6.85793714e-04   6.66610693e-04  -1.30775123e-03   7.38618013e-15   3.76386155e-15   5.79194736e-15
  1.04000000e-06   7.04609052e-04   6.88721120e-04  -1.24645001e-03   7.22808250e-15   3.42706723e-15   5.97959475e-15
  1.12000000e-06   7.26854848e-04   7.16378800e-04  -1.18661158e-03   7.09945439e-15   3.08103164e-15   6.20882075e-15
  1.20000000e-06   7.46566124e-04   7.41430940e-04  -1.12416248e-03   6.95214398e-15   2.72982033e-15   6.41740722e-15
  1.28000000e-06   7.59754859e-04   7.59428453e-04  -1.06375742e-03   6.78451216e-15   2.41292701e-15   6.56823761e-15
  1.36000000e-06   7.70902403e-04   7.75555975e-04  -1.00378439e-03   6.61194198e-15   2.10370506e-15   6.70333494e-15
  1.44000000e-06   7.80092052e-04   7.90423522e-04  -9.42939647e-04   6.43223510e-15   1.79506247e-15   6.82609444e-15
  1.52000000e-06   7.86255895e-04   8.04031218e-04  -8.81124665e-04   6.24499530e-15   1.49054875e-15   6.93274441e-15
  1.60000000e-06   7.83501488e-04   8.06409561e-04  -8.19838063e-04   6.01617088e-15   1.22074891e-15   6.95027797e-15
  1.68000000e-06   7.73639707e-04   8.03709027e-04  -7.54917666e-04   5.75618128e-15   9.55877274e-16   6.91659214e-15
  1.76000000e-06   7.67535788e-04   8.03751719e-04  -6.91928229e-04   5.51496392e-15   6.82551331e-16   6.91044791e-15
  1.84000000e-06   7.63018768e-04   8.05424566e-04  -6.28375420e-04   5.27912097e-15   3.96562224e-16   6.91858593e-15
  1.92000000e-06   7.47731802e-04   7.94916868e-04  -5.64660009e-04   4.99695506e-15   1.47407217e-16   6.82456458e-15
  2.00000000e-06   7.26448707e-04   7.78983349e-04  -4.97964102e-04   4.68536329e-15  -9.90800534e-17   6.68018915e-15
  2.08000000e-06   7.05088058e-04   7.63052949e-04  -4.26885911e-04   4.36028820e-15  -3.73218948e-16   6.53477019e-15
  2.16000000e-06   6.76148412e-04   7.39197236e-04  -3.57838040e-04   4.01397973e-15  -6.12357660e-16   6.31959902e-15
  2.24000000e-06   6.45794898e-04   7.12148512e-04  -2.87932900e-04   3.65460888e-15  -8.55439737e-16   6.08102662e-15
  2.32000000e-06   6.14224805e-04   6.83961794e-04  -2.15758120e-04   3.28485214e-15  -1.11058745e-15   5.83078070e-15
  2.40000000e-06   5.76250067e-04   6.48129036e-04  -1.40411327e-04   2.87743456e-15  -1.36344137e-15   5.51548037e-15
  2.48000000e-06   5.36377067e-04   6.08299521e-04  -6.43722834e-05   2.45461392e-15  -1.61726141e-15   5.17022633e-15
