       time             b_x              b_y              b_z              F_x              F_y              F_z
  0.00000000e+00   3.88362438e-05   3.89467693e-05  -1.65182311e-03   6.23968189e-15   3.50539808e-15   2.29352487e-16
  8.00000000e-08   5.43829838e-05   5.37215048e-05  -1.60143989e-03   6.04236875e-15   3.42100795e-15   3.19951901e-16
  1.60000000e-07   6.67004938e-05   6.61486446e-05  -1.55322014e-03   5.85281540e-15   3.34077026e-15   3.93616518e-16
  2.40000000e-07   7.56456122e-05   7.45606272e-05  -1.50757618e-03   5.67094747e-15   3.26602198e-15   4.46079573e-16
  3.20000000e-07   9.00370280e-05   8.91595393e-05  -1.46294906e-03   5.49977068e-15   3.18585431e-15   5.32644868e-16
  4.00000000e-07   9.44849913e-05   9.29578445e-05  -1.42010317e-03   5.32717999e-15   3.11563267e-15   5.58382708e-16
  4.80000000e-07   9.89788946e-05   9.83646704e-05  -1.37871283e-03   5.16269993e-15   3.04605580e-15   5.87956091e-16
  5.60000000e-07   1.00580060e-04   1.00129400e-04  -1.33836491e-03   5.00017202e-15   2.97895078e-15   5.98639542e-16
  6.40000000e-07   9.95162902e-05   9.86387777e-05  -1.29935918e-03   4.84097189e-15   2.91491138e-15   5.92044811e-16
  7.20000000e-07   1.00316285e-04   1.00387185e-04  -1.26191589e-03   4.69145341e-15   2.85071942e-15   5.99726875e-16
  8.00000000e-07   9.39722208e-05   9.41810704e-05  -1.22663974e-03   4.54406267e-15   2.79570563e-15   5.62771763e-16
  8.80000000e-07   9.02569093e-05   8.98977594e-05  -1.19142072e-03   4.39958529e-15   2.73665198e-15   5.39785687e-16
  9.60000000e-07   8.04756871e-05   8.09076715e-05  -1.15894629e-03   4.26200551e-15   2.68748641e-15   4.83565198e-16
  1.04000000e-06   6.93515662e-05   7.05300648e-05  -1.12458359e-03   4.11737625e-15   2.63321673e-15   4.19059501e-16
  1.12000000e-06   5.68682120e-05   5.78868924e-05  -1.09317601e-03   3.98239064e-15   2.58551847e-15   3.44079143e-16
  1.20000000e-06   4.07693781e-05   4.04400052e-05  -1.06061188e-03   3.84002989e-15   2.53652356e-15   2.44323735e-16
  1.28000000e-06   2.04640288e-05   2.12628110e-05  -1.03178703e-03   3.71042588e-15   2.49868987e-15   1.25083402e-16
