       time             b_x              b_y              b_z              F_x              F_y              F_z
  0.00000000e+00  -2.03982588e-01  -7.88499120e-02  -1.29678705e-01   5.57032821e-14  -6.70413704e-13   3.20018323e-13
  8.00000000e-08  -1.02865543e-01  -3.95974915e-02  -1.16994551e-01   1.47607313e-13  -3.47528219e-13  -1.21583501e-14
  1.60000000e-07  -5.92726803e-02  -2.28570307e-02  -1.10358537e-01   1.77750787e-13  -1.16031333e-13  -7.14365565e-14
  2.40000000e-07  -4.16353885e-02  -1.61442788e-02  -8.77589808e-02   1.48744278e-13  -8.56300324e-15  -6.89933068e-14
  3.20000000e-07  -3.43516396e-02  -1.33703547e-02  -7.19380118e-02   1.15027292e-13   3.64927490e-14  -6.17100330e-14
  4.00000000e-07  -3.05915018e-02  -1.19604121e-02  -5.94237018e-02   8.43871866e-14   5.30014998e-14  -5.41105730e-14
  4.80000000e-07  -2.78012216e-02  -1.08753966e-02  -5.09289916e-02   6.04552624e-14   6.05672137e-14  -4.59349879e-14
  5.60000000e-07  -2.57716868e-02  -1.00961499e-02  -4.43626186e-02   4.20124728e-14   6.18076902e-14  -3.84727515e-14
  6.40000000e-07  -2.40488853e-02  -9.41817592e-03  -3.93413150e-02   2.78451689e-14   6.05663399e-14  -3.15207998e-14
  7.20000000e-07  -2.25061729e-02  -8.80478140e-03  -3.50901204e-02   1.69187012e-14   5.72382266e-14  -2.52135153e-14
  8.00000000e-07  -2.10689013e-02  -8.22599465e-03  -3.15090998e-02   8.54332498e-15   5.30406037e-14  -1.95597525e-14
  8.80000000e-07  -1.98162813e-02  -7.71057136e-03  -2.86862415e-02   2.13943863e-15   4.89808458e-14  -1.46434668e-14
  9.60000000e-07  -1.86254717e-02  -7.22603742e-03  -2.63662540e-02  -2.82745708e-15   4.51301522e-14  -1.03711906e-14
  1.04000000e-06  -1.75087757e-02  -6.76376376e-03  -2.44979693e-02  -6.77595007e-15   4.16943219e-14  -6.66879575e-15
  1.12000000e-06  -1.64210302e-02  -6.30812249e-03  -2.28732847e-02  -9.91738976e-15   3.83924643e-14  -3.46826491e-15
  1.20000000e-06  -1.54232589e-02  -5.88683824e-03  -2.15289904e-02  -1.24659231e-14   3.53967426e-14  -7.48281204e-16
  1.28000000e-06  -1.44807384e-02  -5.49041607e-03  -2.04131782e-02  -1.45874485e-14   3.27274371e-14   1.54555938e-15
  1.36000000e-06  -1.35601989e-02  -5.09272151e-03  -1.94072960e-02  -1.63370817e-14   3.01886233e-14   3.49311037e-15
  1.44000000e-06  -1.27318412e-02  -4.74411921e-03  -1.86199625e-02  -1.78797751e-14   2.80117466e-14   5.08869937e-15
  1.52000000e-06  -1.19588883e-02  -4.41791451e-03  -1.79495908e-02  -1.92312607e-14   2.60088480e-14   6.41126764e-15
  1.60000000e-06  -1.12033178e-02  -4.09760208e-03  -1.73911422e-02  -2.04865098e-14   2.42491709e-14   7.48389177e-15
  1.68000000e-06  -1.04985312e-02  -3.79882305e-03  -1.69056832e-02  -2.16142604e-14   2.25874534e-14   8.34703014e-15
  1.76000000e-06  -9.83012912e-03  -3.51881071e-03  -1.65124664e-02  -2.26973540e-14   2.10974735e-14   9.01621239e-15
  1.84000000e-06  -9.19664498e-03  -3.25197399e-03  -1.62182315e-02  -2.37979995e-14   1.97908636e-14   9.52646279e-15
  1.92000000e-06  -8.56943734e-03  -2.98712380e-03  -1.59559735e-02  -2.48459801e-14   1.85598581e-14   9.86937439e-15
  2.00000000e-06  -8.01027920e-03  -2.76216166e-03  -1.57348858e-02  -2.58048161e-14   1.73090987e-14   1.00981510e-14
  2.08000000e-06  -7.48837752e-03  -2.53582819e-03  -1.55576660e-02  -2.67716945e-14   1.60940025e-14   1.02627818e-14
  2.16000000e-06  -6.97571329e-03  -2.32933290e-03  -1.54834761e-02  -2.78436425e-14   1.50672898e-14   1.02775715e-14
  2.24000000e-06  -6.49653708e-03  -2.13545548e-03  -1.53970310e-02  -2.88075029e-14   1.39498613e-14   1.02201329e-14
  2.32000000e-06  -6.03296545e-03  -1.94888015e-03  -1.54045782e-02  -2.99076462e-14   1.29542983e-14   1.00739805e-14
  2.40000000e-06  -5.60651786e-03  -1.77311751e-03  -1.53847129e-02  -3.08760439e-14   1.18186336e-14   9.88976957e-15
  2.48000000e-06  -5.20616714e-03  -1.62111188e-03  -1.54167555e-02  -3.18591155e-14   1.06861871e-14   9.63499587e-15
  2.56000000e-06  -4.81816770e-03  -1.46732404e-03  -1.54875235e-02  -3.28884082e-14   9.54110040e-15   9.32763587e-15
  2.64000000e-06  -4.45636125e-03  -1.33857841e-03  -1.55607365e-02  -3.38164641e-14   8.29923125e-15   8.97060423e-15
  2.72000000e-06  -4.11303429e-03  -1.20775638e-03  -1.56546671e-02  -3.47391003e-14   6.99524137e-15   8.58750700e-15
  2.80000000e-06  -3.79318995e-03  -1.09148168e-03  -1.57705669e-02  -3.56164601e-14   5.61032350e-15   8.17830036e-15
  2.88000000e-06  -3.49263008e-03  -9.83201761e-04  -1.59202496e-02  -3.64878509e-14   4.14723902e-15   7.74868460e-15
  2.96000000e-06  -3.20591359e-03  -8.82928794e-04  -1.60555362e-02  -3.72264568e-14   2.57642843e-15   7.29156593e-15
  3.04000000e-06  -2.94918755e-03  -7.96483698e-04  -1.61850822e-02  -3.78300865e-14   8.74264882e-16   6.85023908e-15
  3.12000000e-06  -2.69662915e-03  -7.13885558e-04  -1.63726415e-02  -3.84668461e-14  -8.74239698e-16   6.37373792e-15
  3.20000000e-06  -2.46434552e-03  -6.37466274e-04  -1.65779714e-02  -3.90239731e-14  -2.74092172e-15   5.90637998e-15
  3.28000000e-06  -2.23846008e-03  -5.69651955e-04  -1.67705395e-02  -3.94099129e-14  -4.69983717e-15   5.41990840e-15
  3.36000000e-06  -2.02818276e-03  -5.09734854e-04  -1.69753556e-02  -3.96755074e-14  -6.76109449e-15   4.94337483e-15
  3.44000000e-06  -1.83281335e-03  -4.51441027e-04  -1.71724694e-02  -3.97761769e-14  -8.91936859e-15   4.47977953e-15
  3.52000000e-06  -1.64673313e-03  -4.01280437e-04  -1.73688587e-02  -3.97012808e-14  -1.11526114e-14   4.02172304e-15
  3.60000000e-06  -1.46806424e-03  -3.48882387e-04  -1.75753345e-02  -3.94916137e-14  -1.34514387e-14   3.56574700e-15
  3.68000000e-06  -1.29007788e-03  -3.04890934e-04  -1.78056741e-02  -3.91414719e-14  -1.58023452e-14   3.10651192e-15
  3.76000000e-06  -1.11774882e-03  -2.59991593e-04  -1.80045059e-02  -3.85406284e-14  -1.81693591e-14   2.65503662e-15
  3.84000000e-06  -9.46210009e-04  -2.15479827e-04  -1.82408199e-02  -3.78285199e-14  -2.05836430e-14   2.20544274e-15
  3.92000000e-06  -7.77509145e-04  -1.78341160e-04  -1.83915955e-02  -3.67223721e-14  -2.29143289e-14   1.77464474e-15
  4.00000000e-06  -6.08558360e-04  -1.33588931e-04  -1.86948609e-02  -3.57374037e-14  -2.54039830e-14   1.34486086e-15
  4.08000000e-06  -4.27740318e-04  -9.75114444e-05  -1.88703050e-02  -3.42724123e-14  -2.76721336e-14   9.19860187e-16
  4.16000000e-06  -2.49564421e-04  -5.49324729e-05  -1.90953036e-02  -3.27093609e-14  -2.99590537e-14   5.13676965e-16
  4.24000000e-06  -6.68128974e-05  -1.52389294e-05  -1.92841668e-02  -3.08712485e-14  -3.21052001e-14   1.32328582e-16
  4.32000000e-06   1.26437677e-04   2.80168214e-05  -1.95117044e-02  -2.88983915e-14  -3.41985161e-14  -2.36369879e-16
