       time             b_x              b_y              b_z              F_x              F_y              F_z
  0.00000000e+00   2.62131698e-04   9.42163818e-05  -9.19854717e-03  -3.68791873e-14   3.24520354e-14  -7.18558107e-16
  8.00000000e-08   4.61355976e-04   1.61641076e-04  -9.10758806e-03  -3.74122803e-14   3.03096620e-14  -1.35723011e-15
  1.60000000e-07   6.59526779e-04   2.28556389e-04  -9.01343039e-03  -3.78372811e-14   2.81656581e-14  -2.05440750e-15
  2.40000000e-07   8.55939056e-04   2.86991273e-04  -8.92097580e-03  -3.81980374e-14   2.60402520e-14  -2.82725429e-15
  3.20000000e-07   1.04730944e-03   3.40678667e-04  -8.82405554e-03  -3.84595519e-14   2.39244767e-14  -3.64101208e-15
  4.00000000e-07   1.23124204e-03   3.92472026e-04  -8.72343869e-03  -3.86189701e-14   2.18310177e-14  -4.46856303e-15
  4.80000000e-07   1.40946292e-03   4.36896786e-04  -8.62180663e-03  -3.87057815e-14   1.97653477e-14  -5.32590778e-15
  5.60000000e-07   1.59101984e-03   4.74448311e-04  -8.51217728e-03  -3.86881641e-14   1.76864047e-14  -6.24544695e-15
  6.40000000e-07   1.77181727e-03   5.12411938e-04  -8.40071438e-03  -3.85761300e-14   1.56251790e-14  -7.18311829e-15
  7.20000000e-07   1.94633898e-03   5.44064297e-04  -8.28737582e-03  -3.83905678e-14   1.35984574e-14  -8.12351522e-15
  8.00000000e-07   2.11089054e-03   5.70569223e-04  -8.16811879e-03  -3.81122690e-14   1.16099299e-14  -9.03837974e-15
  8.80000000e-07   2.26538440e-03   5.89781741e-04  -8.04272385e-03  -3.77498136e-14   9.66403120e-15  -9.92427084e-15
  9.60000000e-07   2.41378063e-03   6.04543700e-04  -7.90542203e-03  -3.72703384e-14   7.74287835e-15  -1.07877242e-14
  1.04000000e-06   2.56062481e-03   6.14441418e-04  -7.76873354e-03  -3.67401165e-14   5.86122607e-15  -1.16462063e-14
  1.12000000e-06   2.70451669e-03   6.20360712e-04  -7.62499890e-03  -3.61231103e-14   4.01106331e-15  -1.24861984e-14
  1.20000000e-06   2.83124031e-03   6.22038334e-04  -7.47278430e-03  -3.54174373e-14   2.23761150e-15  -1.32324702e-14
  1.28000000e-06   2.95257174e-03   6.17263047e-04  -7.31856402e-03  -3.46681041e-14   5.19133864e-16  -1.39425743e-14
  1.36000000e-06   3.07210344e-03   6.10589284e-04  -7.15483214e-03  -3.38283064e-14  -1.16307736e-15  -1.46242731e-14
  1.44000000e-06   3.18008706e-03   6.00182526e-04  -6.98198824e-03  -3.29113673e-14  -2.77277347e-15  -1.52284965e-14
  1.52000000e-06   3.27635074e-03   5.85880722e-04  -6.80360422e-03  -3.19416956e-14  -4.30053049e-15  -1.57522090e-14
  1.60000000e-06   3.35908071e-03   5.66662570e-04  -6.61677347e-03  -3.09150140e-14  -5.73849753e-15  -1.61858071e-14
  1.68000000e-06   3.44395887e-03   5.44269539e-04  -6.42630804e-03  -2.98551088e-14  -7.13223179e-15  -1.66038762e-14
  1.76000000e-06   3.51820469e-03   5.22642233e-04  -6.22503661e-03  -2.87188450e-14  -8.44161760e-15  -1.69397753e-14
  1.84000000e-06   3.57751133e-03   4.95853861e-04  -6.01630984e-03  -2.75498038e-14  -9.64446309e-15  -1.71769709e-14
  1.92000000e-06   3.62831048e-03   4.61855658e-04  -5.80202200e-03  -2.63719917e-14  -1.07592399e-14  -1.73482606e-14
  2.00000000e-06   3.67707992e-03   4.31715606e-04  -5.57892095e-03  -2.51358875e-14  -1.18084210e-14  -1.74808978e-14
  2.08000000e-06   3.71579930e-03   3.98230353e-04  -5.34883546e-03  -2.38815346e-14  -1.27607210e-14  -1.75403967e-14
  2.16000000e-06   3.74378493e-03   3.63180957e-04  -5.11368506e-03  -2.26179011e-14  -1.36112879e-14  -1.75255059e-14
  2.24000000e-06   3.75777910e-03   3.29647813e-04  -4.87113140e-03  -2.13275229e-14  -1.43459401e-14  -1.74237196e-14
  2.32000000e-06   3.76381661e-03   2.92086440e-04  -4.62528629e-03  -2.00560440e-14  -1.49865128e-14  -1.72669590e-14
  2.40000000e-06   3.77851245e-03   2.52565596e-04  -4.36686027e-03  -1.87574200e-14  -1.55990041e-14  -1.71324275e-14
  2.48000000e-06   3.77594268e-03   2.14232929e-04  -4.10744352e-03  -1.74760602e-14  -1.60827013e-14  -1.69044433e-14
  2.56000000e-06   3.76256759e-03   1.77464177e-04  -3.84119030e-03  -1.61882281e-14  -1.64619968e-14  -1.66174316e-14
  2.64000000e-06   3.75551445e-03   1.40878102e-04  -3.56799654e-03  -1.49022475e-14  -1.68086442e-14  -1.63491122e-14
  2.72000000e-06   3.73721615e-03   1.07069904e-04  -3.28978332e-03  -1.36182785e-14  -1.70525193e-14  -1.60254512e-14
  2.80000000e-06   3.70348907e-03   7.03631272e-05  -3.01036716e-03  -1.23796072e-14  -1.71778178e-14  -1.56314571e-14
  2.88000000e-06   3.67258881e-03   3.85103604e-05  -2.72115820e-03  -1.11187422e-14  -1.72610197e-14  -1.52506004e-14
  2.96000000e-06   3.64487238e-03   5.33174416e-06  -2.42733742e-03  -9.88566032e-15  -1.73101514e-14  -1.48822588e-14
  3.04000000e-06   3.60373898e-03  -2.55920417e-05  -2.13341737e-03  -8.68431925e-15  -1.72574628e-14  -1.44624144e-14
  3.12000000e-06   3.56261286e-03  -5.38346612e-05  -1.83020209e-03  -7.47644486e-15  -1.71603206e-14  -1.40486445e-14
  3.20000000e-06   3.52050932e-03  -8.18742605e-05  -1.52262343e-03  -6.29374311e-15  -1.70207588e-14  -1.36367396e-14
  3.28000000e-06   3.47263782e-03  -1.12277729e-04  -1.21638428e-03  -5.17040759e-15  -1.68240967e-14  -1.32079819e-14
  3.36000000e-06   3.42043994e-03  -1.40156983e-04  -9.00347988e-04  -4.04127205e-15  -1.65734085e-14  -1.27728940e-14
  3.44000000e-06   3.37298885e-03  -1.64683329e-04  -5.81756544e-04  -2.92978930e-15  -1.63195889e-14  -1.23669987e-14
  3.52000000e-06   3.32315578e-03  -1.85594353e-04  -2.64529385e-04  -1.84797940e-15  -1.60361350e-14  -1.19642940e-14
