       time             b_x              b_y              b_z              F_x              F_y              F_z
  0.00000000e+00  -1.27619761e-02  -6.87327599e-03  -5.67645340e-02   1.04750487e-16  -5.80048921e-16   4.66843101e-17
  8.00000000e-08  -1.32646836e-02  -7.14471438e-03  -5.55828916e-02   3.47343777e-16  -4.86557981e-16  -2.03495617e-17
  1.60000000e-07  -1.30025326e-02  -7.02469857e-03  -5.48852378e-02   5.05132579e-16  -2.90535487e-16  -8.24826276e-17
  2.40000000e-07  -1.28910755e-02  -6.96511013e-03  -5.41296949e-02   5.65051060e-16  -5.20142396e-17  -1.27874930e-16
  3.20000000e-07  -1.15211512e-02  -6.20854315e-03  -5.42459845e-02   5.05947899e-16   2.16040638e-16  -1.32183054e-16
  4.00000000e-07  -1.15379013e-02  -6.21885542e-03  -5.36136492e-02   3.66050361e-16   4.03565876e-16  -1.25586877e-16
  4.80000000e-07  -1.16309063e-02  -6.26987259e-03  -5.29643146e-02   1.69519527e-16   5.14148965e-16  -9.80908424e-17
  5.60000000e-07  -1.17630995e-02  -6.34129484e-03  -5.23165697e-02  -4.67096075e-17   5.34234396e-16  -5.42521819e-17
  6.40000000e-07  -1.18923719e-02  -6.41023748e-03  -5.16877385e-02  -2.45715333e-16   4.66340406e-16  -1.30039788e-18
  7.20000000e-07  -1.19787561e-02  -6.45512534e-03  -5.10909264e-02  -3.96661331e-16   3.26799945e-16   5.17112316e-17
  8.00000000e-07  -1.19907064e-02  -6.45907357e-03  -5.05331750e-02  -4.78966525e-16   1.41768979e-16   9.55303270e-17
  8.80000000e-07  -1.19094538e-02  -6.40702624e-03  -4.99928896e-02  -4.84124092e-16  -5.76707390e-17   1.22720481e-16
  9.60000000e-07  -1.17307107e-02  -6.30749664e-03  -4.95053984e-02  -4.16467116e-16  -2.40308046e-16   1.29303019e-16
  1.04000000e-06  -1.14662776e-02  -6.16230784e-03  -4.90417582e-02  -2.90260171e-16  -3.80055715e-16   1.15620324e-16
  1.12000000e-06  -1.08826972e-02  -5.84864541e-03  -4.89225858e-02  -1.33038901e-16  -4.55507338e-16   8.40495836e-17
  1.20000000e-06  -1.06042563e-02  -5.69804091e-03  -4.85354261e-02   4.27378523e-17  -4.69697682e-16   4.58047583e-17
  1.28000000e-06  -1.03288444e-02  -5.54974574e-03  -4.81346681e-02   2.06531153e-16  -4.16737372e-16   3.73033235e-18
  1.36000000e-06  -1.00839202e-02  -5.41845341e-03  -4.77125859e-02   3.36008613e-16  -3.07697097e-16  -3.60710201e-17
  1.44000000e-06  -9.89169375e-03  -5.31595291e-03  -4.72644855e-02   4.15158355e-16  -1.60800978e-16  -6.88002599e-17
  1.52000000e-06  -9.76637841e-03  -5.24967678e-03  -4.67892691e-02   4.36063444e-16   1.84245638e-18  -9.12267490e-17
  1.60000000e-06  -9.71275658e-03  -5.22196177e-03  -4.62894987e-02   3.99320316e-16   1.57738033e-16  -1.01582500e-16
  1.68000000e-06  -9.72612356e-03  -5.23005121e-03  -4.57709329e-02   3.13164711e-16   2.87141446e-16  -9.93565753e-17
  1.76000000e-06  -9.79347044e-03  -5.26675998e-03  -4.52416050e-02   1.91594363e-16   3.75394866e-16  -8.51757666e-17
  1.84000000e-06  -9.58432684e-03  -5.15195153e-03  -4.50155072e-02   4.69464372e-17   4.23715385e-16  -5.84889805e-17
  1.92000000e-06  -9.69388701e-03  -5.21001468e-03  -4.45847345e-02  -9.70658449e-17   4.10168605e-16  -2.68262026e-17
  2.00000000e-06  -9.79265850e-03  -5.26177386e-03  -4.41664766e-02  -2.24235834e-16   3.48358326e-16   8.21623647e-18
  2.08000000e-06  -9.86250847e-03  -5.29757686e-03  -4.37646079e-02  -3.20469608e-16   2.47892891e-16   4.22122504e-17
  2.16000000e-06  -9.88929601e-03  -5.30996195e-03  -4.33807940e-02  -3.76219254e-16   1.22216288e-16   7.08050600e-17
  2.24000000e-06  -9.86432746e-03  -5.29442195e-03  -4.30144676e-02  -3.87185025e-16  -1.31792332e-17   9.04136798e-17
  2.32000000e-06  -9.78510039e-03  -5.24978406e-03  -4.26630769e-02  -3.54372523e-16  -1.42622584e-16   9.88280449e-17
  2.40000000e-06  -9.65529844e-03  -5.17818745e-03  -4.23225262e-02  -2.83567915e-16  -2.52026625e-16   9.55277085e-17
  2.48000000e-06  -9.48408731e-03  -5.08468781e-03  -4.19877223e-02  -1.84340783e-16  -3.30361479e-16   8.16450353e-17
  2.56000000e-06  -9.28484055e-03  -4.97655973e-03  -4.16531546e-02  -6.87206832e-17  -3.70682977e-16   5.96062072e-17
  2.64000000e-06  -8.71362810e-03  -4.66788542e-03  -4.16424628e-02   4.39312803e-17  -3.64617659e-16   3.16790249e-17
  2.72000000e-06  -8.54664523e-03  -4.57810465e-03  -4.13422372e-02   1.53788240e-16  -3.29078490e-16   4.64856887e-18
  2.80000000e-06  -8.39617446e-03  -4.49755124e-03  -4.10313089e-02   2.44747273e-16  -2.60760963e-16  -2.14995581e-17
  2.88000000e-06  -8.27331801e-03  -4.43209080e-03  -4.07080415e-02   3.08397785e-16  -1.68205340e-16  -4.43640015e-17
  2.96000000e-06  -8.18606252e-03  -4.38589210e-03  -4.03720519e-02   3.39631022e-16  -6.18953106e-17  -6.21413701e-17
  3.04000000e-06  -8.13863496e-03  -4.36109441e-03  -4.00242246e-02   3.36923675e-16   4.69939734e-17  -7.36315066e-17
  3.12000000e-06  -8.13127660e-03  -4.35769953e-03  -3.96665954e-02   3.02213198e-16   1.47794211e-16  -7.81872464e-17
  3.20000000e-06  -8.16042079e-03  -4.37367956e-03  -3.93021143e-02   2.40420661e-16   2.31358749e-16  -7.56657205e-17
  3.28000000e-06  -8.21922157e-03  -4.40527063e-03  -3.89343123e-02   1.58714889e-16   2.90806742e-16  -6.64091669e-17
  3.36000000e-06  -7.92790769e-03  -4.24822172e-03  -3.88446430e-02   5.96475927e-17   3.31842136e-16  -4.84653592e-17
  3.44000000e-06  -7.94591569e-03  -4.25718605e-03  -3.85650928e-02  -4.02488580e-17   3.33166302e-16  -2.84852653e-17
  3.52000000e-06  -7.97506282e-03  -4.27263842e-03  -3.82648246e-02  -1.33671061e-16   3.04088935e-16  -6.09507468e-18
  3.60000000e-06  -7.99329144e-03  -4.28190441e-03  -3.79743210e-02  -2.12719175e-16   2.49082955e-16   1.66896192e-17
  3.68000000e-06  -7.99288256e-03  -4.28088607e-03  -3.76956865e-02  -2.71171165e-16   1.73991140e-16   3.77391464e-17
  3.76000000e-06  -7.96792795e-03  -4.26648052e-03  -3.74299122e-02  -3.04925390e-16   8.60440595e-17   5.51034751e-17
  3.84000000e-06  -7.91476650e-03  -4.23680735e-03  -3.71768574e-02  -3.12185523e-16  -6.82815672e-18   6.72408934e-17
  3.92000000e-06  -7.83220766e-03  -4.19132072e-03  -3.69353280e-02  -2.93445845e-16  -9.66884213e-17   7.31976978e-17
  4.00000000e-06  -7.72153529e-03  -4.13080331e-03  -3.67032326e-02  -2.51299101e-16  -1.76241039e-16   7.27029136e-17
  4.08000000e-06  -7.58630360e-03  -4.05724908e-03  -3.64777933e-02  -1.90096738e-16  -2.39391067e-16   6.61608210e-17
  4.16000000e-06  -7.38431730e-03  -3.94789168e-03  -3.63299237e-02  -1.16740759e-16  -2.81085497e-16   5.42733288e-17
  4.24000000e-06  -7.24670379e-03  -3.87271350e-03  -3.61324060e-02  -3.47851793e-17  -3.01027100e-16   3.92409408e-17
  4.32000000e-06  -7.10491239e-03  -3.79556857e-03  -3.59319587e-02   4.78730693e-17  -2.96823194e-16   2.18880031e-17
  4.40000000e-06  -6.96575112e-03  -3.72011852e-03  -3.57261344e-02   1.24755711e-16  -2.69681948e-16   3.75723761e-18
  4.48000000e-06  -6.83563851e-03  -3.64979362e-03  -3.55129282e-02   1.90131477e-16  -2.22569581e-16  -1.37228056e-17
  4.56000000e-06  -6.72012174e-03  -3.58753618e-03  -3.52909164e-02   2.39431567e-16  -1.59870417e-16  -2.93409318e-17
  4.64000000e-06  -6.62348841e-03  -3.53559563e-03  -3.50593510e-02   2.69546954e-16  -8.69503220e-17  -4.21548006e-17
  4.72000000e-06  -6.54849627e-03  -3.49538810e-03  -3.48182016e-02   2.78987899e-16  -9.66911608e-18  -5.15004744e-17
  4.80000000e-06  -6.44201707e-03  -3.44591039e-03  -3.46227320e-02   2.67687439e-16   6.76355838e-17  -5.65383810e-17
  4.88000000e-06  -6.42078522e-03  -3.43590265e-03  -3.43976167e-02   2.37591492e-16   1.36555934e-16  -5.79899722e-17
  4.96000000e-06  -6.41712257e-03  -3.43527364e-03  -3.41680945e-02   1.91411484e-16   1.94075995e-16  -5.54615390e-17
  5.04000000e-06  -6.42791411e-03  -3.44231537e-03  -3.39360555e-02   1.33015225e-16   2.36596459e-16  -4.91939928e-17
  5.12000000e-06  -6.44911445e-03  -3.45482742e-03  -3.37035229e-02   6.69294425e-17   2.61756460e-16  -3.96385574e-17
  5.20000000e-06  -6.47606088e-03  -3.47028683e-03  -3.34724997e-02  -2.02582986e-18   2.68510413e-16  -2.74460754e-17
  5.28000000e-06  -6.50381255e-03  -3.48603120e-03  -3.32448238e-02  -6.90909620e-17   2.57107127e-16  -1.34435604e-17
  5.36000000e-06  -6.52749164e-03  -3.49944214e-03  -3.30220444e-02  -1.29884194e-16   2.28985116e-16   1.40808429e-18
  5.44000000e-06  -6.54260377e-03  -3.50811699e-03  -3.28053275e-02  -1.80665368e-16   1.86601202e-16   1.60767508e-17
  5.52000000e-06  -6.54531855e-03  -3.51001829e-03  -3.25953957e-02  -2.18535134e-16   1.33210219e-16   2.95382750e-17
  5.60000000e-06  -6.39755577e-03  -3.42210912e-03  -3.24965276e-02  -2.44596457e-16   7.57870998e-17   4.01725307e-17
  5.68000000e-06  -6.37593937e-03  -3.40882231e-03  -3.23228053e-02  -2.52797147e-16   1.10045561e-17   4.87057572e-17
  5.76000000e-06  -6.33816115e-03  -3.38685233e-03  -3.21543873e-02  -2.44986519e-16  -5.31126498e-17   5.38852978e-17
  5.84000000e-06  -6.28452540e-03  -3.35640910e-03  -3.19904143e-02  -2.22161808e-16  -1.12585404e-16   5.54561183e-17
  5.92000000e-06  -6.21631632e-03  -3.31822522e-03  -3.18297786e-02  -1.86203689e-16  -1.63877535e-16   5.34494323e-17
  6.00000000e-06  -6.13568776e-03  -3.27349416e-03  -3.16711998e-02  -1.39718818e-16  -2.04095678e-16   4.81629070e-17
  6.08000000e-06  -6.04550301e-03  -3.22378216e-03  -3.15133044e-02  -8.58471113e-17  -2.31140109e-16   4.01143059e-17
  6.16000000e-06  -5.94913736e-03  -3.17092069e-03  -3.13547068e-02  -2.80467334e-17  -2.43798788e-16   2.99770142e-17
  6.24000000e-06  -5.85025745e-03  -3.11688713e-03  -3.11940865e-02   3.01294527e-17  -2.41780830e-16   1.85079471e-17
  6.32000000e-06  -5.64119870e-03  -3.00154145e-03  -3.11416277e-02   8.36932940e-17  -2.23537505e-16   6.38459199e-18
  6.40000000e-06  -5.55715156e-03  -2.96257204e-03  -3.10142748e-02   1.32750209e-16  -1.95352076e-16  -5.12565383e-18
  6.48000000e-06  -5.48454473e-03  -2.92379795e-03  -3.08606984e-02   1.73084733e-16  -1.56526735e-16  -1.59308906e-17
  6.56000000e-06  -5.42132481e-03  -2.89016699e-03  -3.07024654e-02   2.02739059e-16  -1.09603069e-16  -2.54814429e-17
  6.64000000e-06  -5.36928477e-03  -2.86261088e-03  -3.05395477e-02   2.20357503e-16  -5.75138368e-17  -3.33509344e-17
  6.72000000e-06  -5.32954979e-03  -2.84169940e-03  -3.03721791e-02   2.25330433e-16  -3.36048634e-18  -3.92253802e-17
  6.80000000e-06  -5.30253659e-03  -2.82762061e-03  -3.02008374e-02   2.17790984e-16   4.97771752e-17  -4.28993279e-17
  6.88000000e-06  -5.28795425e-03  -2.82018326e-03  -3.00262133e-02   1.98567042e-16   9.90165733e-17  -4.42699285e-17
  6.96000000e-06  -5.28484400e-03  -2.81884012e-03  -2.98491662e-02   1.69094992e-16   1.41823242e-16  -4.33317866e-17
  7.04000000e-06  -5.16608121e-03  -2.75654415e-03  -2.97239100e-02   1.29634525e-16   1.79119798e-16  -3.91420280e-17
  7.12000000e-06  -5.18130583e-03  -2.76505129e-03  -2.95634009e-02   8.51595084e-17   2.03108855e-16  -3.39218029e-17
  7.20000000e-06  -5.20123531e-03  -2.77596204e-03  -2.94033834e-02   3.71604535e-17   2.16038673e-16  -2.69695295e-17
  7.28000000e-06  -5.18088163e-03  -2.75991691e-03  -2.92938381e-02  -1.25727672e-17   2.18945678e-16  -1.84043436e-17
  7.36000000e-06  -5.18478139e-03  -2.76180875e-03  -2.91416257e-02  -6.05077068e-17   2.09507324e-16  -9.09008752e-18
  7.44000000e-06  -5.18637801e-03  -2.76229773e-03  -2.89925346e-02  -1.04505818e-16   1.89601554e-16   6.30187561e-19
  7.52000000e-06  -5.18352662e-03  -2.76024594e-03  -2.88472749e-02  -1.42478984e-16   1.60532241e-16   1.02413535e-17
  7.60000000e-06  -5.17434137e-03  -2.75466194e-03  -2.87063481e-02  -1.72723296e-16   1.24005077e-16   1.92339767e-17
  7.68000000e-06  -5.15728209e-03  -2.74474603e-03  -2.85700294e-02  -1.93981607e-16   8.20255649e-17   2.71360771e-17
  7.76000000e-06  -5.12635276e-03  -2.72719302e-03  -2.84187177e-02  -2.05357266e-16   3.68043334e-17   3.35117607e-17
  7.84000000e-06  -5.06556757e-03  -2.69461041e-03  -2.83335970e-02  -2.07637596e-16  -8.81375422e-18   3.79603023e-17
  7.92000000e-06  -5.02653946e-03  -2.67327166e-03  -2.82221804e-02  -1.99401478e-16  -5.40797209e-17   4.06371573e-17
  8.00000000e-06  -4.97879641e-03  -2.64733594e-03  -2.81137238e-02  -1.81892120e-16  -9.60547185e-17   4.12571793e-17
  8.08000000e-06  -4.92299816e-03  -2.61718472e-03  -2.80075695e-02  -1.56162607e-16  -1.32826772e-16   3.98613820e-17
  8.16000000e-06  -4.86017188e-03  -2.58339114e-03  -2.79029663e-02  -1.23618224e-16  -1.62787036e-16   3.66035781e-17
  8.24000000e-06  -4.79165434e-03  -2.54668811e-03  -2.77991047e-02  -8.59388843e-17  -1.84695455e-16   3.17330776e-17
  8.32000000e-06  -4.71902129e-03  -2.50792980e-03  -2.76951548e-02  -4.49918296e-17  -1.97726850e-16   2.55713487e-17
  8.40000000e-06  -4.64400764e-03  -2.46804865e-03  -2.75903022e-02  -2.73873521e-18  -2.01495708e-16   1.84854778e-17
  8.48000000e-06  -4.54176940e-03  -2.41389740e-03  -2.75001332e-02   3.85152131e-17  -1.95490112e-16   1.07987061e-17
  8.56000000e-06  -4.47738707e-03  -2.37862790e-03  -2.74011781e-02   7.76236731e-17  -1.81650457e-16   3.08481680e-18
  8.64000000e-06  -4.41564467e-03  -2.34491353e-03  -2.72996106e-02   1.12595333e-16  -1.59912208e-16  -4.47627935e-18
  8.72000000e-06  -4.35792890e-03  -2.31348131e-03  -2.71950528e-02   1.41959034e-16  -1.31441351e-16  -1.15668196e-17
  8.80000000e-06  -4.30542132e-03  -2.28494303e-03  -2.70872611e-02   1.64541488e-16  -9.76723253e-17  -1.79141305e-17
  8.88000000e-06  -4.25905123e-03  -2.25977112e-03  -2.69761352e-02   1.79510528e-16  -6.02311114e-17  -2.32959988e-17
  8.96000000e-06  -4.21946132e-03  -2.23828144e-03  -2.68617203e-02   1.86400258e-16  -2.08526059e-17  -2.75423416e-17
  9.04000000e-06  -4.18698734e-03  -2.22062380e-03  -2.67442030e-02   1.85117560e-16   1.87031403e-17  -3.05343748e-17
  9.12000000e-06  -4.16165197e-03  -2.20677995e-03  -2.66239007e-02   1.75930553e-16   5.67314495e-17  -3.22024774e-17
  9.20000000e-06  -4.11787626e-03  -2.18561382e-03  -2.65305414e-02   1.59268292e-16   9.24074003e-17  -3.23330759e-17
  9.28000000e-06  -4.10781746e-03  -2.18089011e-03  -2.64178022e-02   1.36282903e-16   1.22871155e-16  -3.13346950e-17
  9.36000000e-06  -4.10268879e-03  -2.17876631e-03  -2.63041968e-02   1.07976337e-16   1.47717448e-16  -2.90765430e-17
  9.44000000e-06  -4.10154003e-03  -2.17872564e-03  -2.61902958e-02   7.56524511e-17   1.66062944e-16  -2.56620680e-17
  9.52000000e-06  -4.10327146e-03  -2.18017340e-03  -2.60766735e-02   4.07356311e-17   1.77322435e-16  -2.12351859e-17
  9.60000000e-06  -4.10668233e-03  -2.18246306e-03  -2.59638832e-02   4.70625240e-18   1.81218843e-16  -1.59772138e-17
  9.68000000e-06  -4.11052168e-03  -2.18492361e-03  -2.58524349e-02  -3.09622084e-17   1.77780085e-16  -1.01021462e-17
  9.76000000e-06  -4.11353955e-03  -2.18688695e-03  -2.57427751e-02  -6.48618942e-17   1.67324077e-16  -3.84989082e-18
  9.84000000e-06  -4.11453649e-03  -2.18771431e-03  -2.56352704e-02  -9.57031034e-17   1.50433441e-16   2.52263852e-18
  9.92000000e-06  -4.11240952e-03  -2.18682063e-03  -2.55301954e-02  -1.22359119e-16   1.27921692e-16   8.75234236e-18
  1.00000000e-05  -4.05332669e-03  -2.15356302e-03  -2.54708272e-02  -1.45124714e-16   1.02029925e-16   1.44679245e-17
  1.00800000e-05  -4.04484299e-03  -2.14859663e-03  -2.53808433e-02  -1.61161800e-16   7.11299866e-17   1.96622516e-17
  1.01600000e-05  -4.03134751e-03  -2.14090556e-03  -2.52932718e-02  -1.70847281e-16   3.79168596e-17   2.40209472e-17
  1.02400000e-05  -4.01248376e-03  -2.13031694e-03  -2.52079914e-02  -1.73948134e-16   3.70052365e-18   2.73754765e-17
  1.03200000e-05  -3.98810330e-03  -2.11676994e-03  -2.51247972e-02  -1.70484948e-16  -3.02054781e-17   2.96061944e-17
  1.04000000e-05  -3.95826722e-03  -2.10031583e-03  -2.50434100e-02  -1.60722831e-16  -6.25329391e-17   3.06476967e-17
  1.04800000e-05  -3.92323955e-03  -2.08111378e-03  -2.49634889e-02  -1.45153931e-16  -9.21047293e-17   3.04906925e-17
  1.05600000e-05  -3.88347328e-03  -2.05942272e-03  -2.48846448e-02  -1.24472426e-16  -1.17875868e-16   2.91803072e-17
  1.06400000e-05  -3.83958951e-03  -2.03558958e-03  -2.48064556e-02  -9.95430805e-17  -1.38968582e-16   2.68110679e-17
  1.07200000e-05  -3.74079592e-03  -1.98332306e-03  -2.47889103e-02  -7.24285877e-17  -1.53833149e-16   2.32378669e-17
  1.08000000e-05  -3.69716404e-03  -1.95943139e-03  -2.47163898e-02  -4.21078603e-17  -1.64110148e-16   1.93087359e-17
  1.08800000e-05  -3.65209889e-03  -1.93483678e-03  -2.46431468e-02  -1.06807048e-17  -1.68305941e-16   1.47972788e-17
  1.09600000e-05  -3.60650305e-03  -1.91002408e-03  -2.45688376e-02   2.06925631e-17  -1.66383611e-16   9.89745290e-18
  1.10400000e-05  -3.56128471e-03  -1.88547875e-03  -2.44931593e-02   5.08815025e-17  -1.58531304e-16   4.80558210e-18
  1.11200000e-05  -3.51732476e-03  -1.86166926e-03  -2.44158599e-02   7.88263666e-17  -1.45148665e-16  -2.88301253e-19
  1.12000000e-05  -3.47544560e-03  -1.83903062e-03  -2.43367460e-02   1.03575058e-16  -1.26825601e-16  -5.20748812e-18
  1.12800000e-05  -3.43638311e-03  -1.81794957e-03  -2.42556891e-02   1.24314861e-16  -1.04314453e-16  -9.79378795e-18
  1.13600000e-05  -3.35051438e-03  -1.77620772e-03  -2.41889306e-02   1.39893026e-16  -7.73484957e-17  -1.36974472e-17
  1.14400000e-05  -3.32133422e-03  -1.76132971e-03  -2.41131261e-02   1.50762644e-16  -4.93427463e-17  -1.71617850e-17
  1.15200000e-05  -3.29604842e-03  -1.74857385e-03  -2.40355015e-02   1.56263888e-16  -2.00171512e-17  -1.99726173e-17
  1.16000000e-05  -3.27483028e-03  -1.73802309e-03  -2.39561878e-02   1.56311334e-16   9.58994470e-18  -2.20636371e-17
  1.16800000e-05  -3.25771082e-03  -1.72968338e-03  -2.38753724e-02   1.51011386e-16   3.84588456e-17  -2.33911767e-17
  1.17600000e-05  -3.24458062e-03  -1.72348507e-03  -2.37932918e-02   1.40651919e-16   6.56237707e-17  -2.39335559e-17
  1.18400000e-05  -3.23519645e-03  -1.71928681e-03  -2.37102230e-02   1.25685731e-16   9.02045162e-17  -2.36904337e-17
  1.19200000e-05  -3.22919223e-03  -1.71688183e-03  -2.36264735e-02   1.06708815e-16   1.11433517e-16  -2.26822448e-17
  1.20000000e-05  -3.22609379e-03  -1.71600615e-03  -2.35423697e-02   8.44345734e-17   1.28677585e-16  -2.09496914e-17
  1.20800000e-05  -3.17557033e-03  -1.68488816e-03  -2.35132150e-02   5.89312617e-17   1.42988287e-16  -1.82050663e-17
  1.21600000e-05  -3.16939547e-03  -1.68161380e-03  -2.34333164e-02   3.20984597e-17   1.51000929e-16  -1.51774488e-17
  1.22400000e-05  -3.16636374e-03  -1.67932253e-03  -2.33518223e-02   4.53376578e-18   1.53911361e-16  -1.16831297e-17
  1.23200000e-05  -3.16361611e-03  -1.67712123e-03  -2.32712455e-02  -2.28623432e-17   1.51797893e-16  -7.83180216e-18
  1.24000000e-05  -3.16051478e-03  -1.67467519e-03  -2.31918991e-02  -4.92169884e-17   1.44829283e-16  -3.75092131e-18
  1.24800000e-05  -3.15644020e-03  -1.67166120e-03  -2.31140524e-02  -7.37151015e-17   1.33323277e-16   4.24242378e-19
  1.25600000e-05  -3.15081037e-03  -1.66777756e-03  -2.30379239e-02  -9.56227159e-17   1.17731239e-16   4.55507741e-18
  1.26400000e-05  -3.14309851e-03  -1.66275315e-03  -2.29636748e-02  -1.14306607e-16   9.86195470e-17   8.50460419e-18
  1.27200000e-05  -3.13284844e-03  -1.65635540e-03  -2.28914059e-02  -1.29249978e-16   7.66484473e-17   1.21427021e-17
  1.28000000e-05  -3.09450941e-03  -1.63649466e-03  -2.28743707e-02  -1.40743339e-16   5.33672656e-17   1.52221167e-17
  1.28800000e-05  -3.07820688e-03  -1.62744634e-03  -2.28235592e-02  -1.47454015e-16   2.77934247e-17   1.79052554e-17
  1.29600000e-05  -3.05881262e-03  -1.61676030e-03  -2.27743360e-02  -1.49623874e-16   1.57699523e-18   1.99839755e-17
  1.30400000e-05  -3.03626378e-03  -1.60441225e-03  -2.27265284e-02  -1.47249891e-16  -2.44710622e-17   2.14001529e-17
  1.31200000e-05  -3.01059385e-03  -1.59042860e-03  -2.26799228e-02  -1.40466375e-16  -4.95584989e-17   2.21211713e-17
  1.32000000e-05  -2.98193034e-03  -1.57488495e-03  -2.26342723e-02  -1.29538322e-16  -7.29351424e-17   2.21407036e-17
  1.32800000e-05  -2.95048956e-03  -1.55790309e-03  -2.25893037e-02  -1.14851132e-16  -9.39146618e-17   2.14781746e-17
  1.33600000e-05  -2.91656879e-03  -1.53964665e-03  -2.25447269e-02  -9.68969972e-17  -1.11894129e-16   2.01769656e-17
  1.34400000e-05  -2.88053613e-03  -1.52031557e-03  -2.25002429e-02  -7.62583753e-17  -1.26370819e-16   1.83015148e-17
  1.35200000e-05  -2.84107449e-03  -1.49749003e-03  -2.24039591e-02  -5.34519776e-17  -1.36748624e-16   1.59186486e-17
  1.36000000e-05  -2.80751214e-03  -1.47931497e-03  -2.23521305e-02  -2.94632019e-17  -1.43238129e-16   1.31805156e-17
  1.36800000e-05  -2.77323929e-03  -1.46081665e-03  -2.22997870e-02  -4.88486227e-18  -1.45446817e-16   1.01354342e-17
  1.37600000e-05  -2.73873839e-03  -1.44224538e-03  -2.22466665e-02   1.95486540e-17  -1.43373035e-16   6.88824320e-18
  1.38400000e-05  -2.70449244e-03  -1.42385042e-03  -2.21925314e-02   4.31207503e-17  -1.37142741e-16   3.54403040e-18
  1.39200000e-05  -2.67097070e-03  -1.40587260e-03  -2.21371755e-02   6.51537851e-17  -1.27002982e-16   2.04459749e-19
  1.40000000e-05  -2.63861514e-03  -1.38853743e-03  -2.20804290e-02   8.50286290e-17  -1.13311735e-16  -3.03527810e-18
  1.40800000e-05  -2.60782795e-03  -1.37204872e-03  -2.20221634e-02   1.02201998e-16  -9.65245040e-17  -6.08881621e-18
  1.41600000e-05  -2.57896062e-03  -1.35658306e-03  -2.19622943e-02   1.16221026e-16  -7.71781874e-17  -8.88025747e-18
  1.42400000e-05  -2.52915549e-03  -1.33264780e-03  -2.19756016e-02   1.26789692e-16  -5.53207679e-17  -1.12373600e-17
  1.43200000e-05  -2.50581463e-03  -1.32074974e-03  -2.19273297e-02   1.33581492e-16  -3.26211071e-17  -1.33005770e-17
  1.44000000e-05  -2.48483998e-03  -1.31006705e-03  -2.18777690e-02   1.36472890e-16  -9.23135511e-18  -1.49475753e-17
  1.44800000e-05  -2.46629022e-03  -1.30062477e-03  -2.18270651e-02   1.35436300e-16   1.41734917e-17  -1.61478245e-17
  1.45600000e-05  -2.45015414e-03  -1.29241226e-03  -2.17753945e-02   1.30557106e-16   3.69315937e-17  -1.68821685e-17
  1.46400000e-05  -2.43635201e-03  -1.28538403e-03  -2.17229595e-02   1.22028193e-16   5.84131076e-17  -1.71425494e-17
  1.47200000e-05  -2.42473887e-03  -1.27946152e-03  -2.16699822e-02   1.10141431e-16   7.80373658e-17  -1.69317175e-17
  1.48000000e-05  -2.41510959e-03  -1.27453584e-03  -2.16166981e-02   9.52765673e-17   9.52879391e-17  -1.62629484e-17
  1.48800000e-05  -2.40720539e-03  -1.27047120e-03  -2.15633491e-02   7.78879782e-17   1.09725238e-16  -1.51597562e-17
  1.49600000e-05  -2.39475877e-03  -1.26539465e-03  -2.14586815e-02   5.84092807e-17   1.20697425e-16  -1.36357871e-17
  1.50400000e-05  -2.39100198e-03  -1.26310346e-03  -2.13984068e-02   3.76773016e-17   1.28419675e-16  -1.17903094e-17
  1.51200000e-05  -2.38795353e-03  -1.26115115e-03  -2.13385089e-02   1.61146174e-17   1.32581841e-16  -9.63922542e-18
  1.52000000e-05  -2.38526543e-03  -1.25935406e-03  -2.12791997e-02  -5.68738139e-18   1.33130813e-16  -7.24148082e-18
  1.52800000e-05  -2.38258306e-03  -1.25752601e-03  -2.12206732e-02  -2.71446523e-17   1.30110777e-16  -4.66258989e-18
  1.53600000e-05  -2.37955470e-03  -1.25548320e-03  -2.11631006e-02  -4.76956687e-17   1.23659022e-16  -1.97312161e-18
  1.54400000e-05  -2.37584080e-03  -1.25304912e-03  -2.11066262e-02  -6.68153508e-17   1.13999559e-16   7.53108993e-19
  1.55200000e-05  -2.37112269e-03  -1.25005902e-03  -2.10513640e-02  -8.40274872e-17   1.01434809e-16   3.44110638e-18
  1.56000000e-05  -2.36511057e-03  -1.24636406e-03  -2.09973951e-02  -9.89154360e-17   8.63356855e-17   6.01694862e-18
  1.56800000e-05  -2.32496524e-03  -1.22207614e-03  -2.10554048e-02  -1.12421800e-16   7.03697485e-17   8.32943313e-18
  1.57600000e-05  -2.31574661e-03  -1.21665160e-03  -2.10223736e-02  -1.22053775e-16   5.12862484e-17   1.04768436e-17
  1.58400000e-05  -2.30474149e-03  -1.21028280e-03  -2.09905218e-02  -1.28491672e-16   3.09774986e-17   1.23221593e-17
  1.59200000e-05  -2.29184376e-03  -1.20292089e-03  -2.09597456e-02  -1.31600937e-16   9.97974012e-18   1.38171500e-17
  1.60000000e-05  -2.27699652e-03  -1.19454284e-03  -2.09299147e-02  -1.31333560e-16  -1.11594409e-17   1.49248812e-17
  1.60800000e-05  -2.26019317e-03  -1.18515177e-03  -2.09008753e-02  -1.27728146e-16  -3.18950138e-17   1.56209112e-17
  1.61600000e-05  -2.24267883e-03  -1.17767705e-03  -2.07916816e-02  -1.20270784e-16  -5.16376712e-17   1.58977637e-17
  1.62400000e-05  -2.22233538e-03  -1.16663730e-03  -2.07568188e-02  -1.10448990e-16  -6.98342713e-17   1.57502923e-17
  1.63200000e-05  -2.20032201e-03  -1.15474430e-03  -2.07224584e-02  -9.79426671e-17  -8.61441639e-17   1.51999286e-17
  1.64000000e-05  -2.15178923e-03  -1.12724031e-03  -2.06790629e-02  -8.34472237e-17  -9.96093796e-17   1.41130450e-17
  1.64800000e-05  -2.12931109e-03  -1.11481440e-03  -2.06478209e-02  -6.67418833e-17  -1.11144484e-16   1.28836696e-17
  1.65600000e-05  -2.10586053e-03  -1.10193220e-03  -2.06166802e-02  -4.85120134e-17  -1.19828869e-16   1.13598708e-17
  1.66400000e-05  -2.08168090e-03  -1.08872419e-03  -2.05854457e-02  -2.92287171e-17  -1.25472581e-16   9.59172317e-18
  1.67200000e-05  -2.05703148e-03  -1.07532780e-03  -2.05539260e-02  -9.38401361e-18  -1.27964257e-16   7.63390578e-18
  1.68000000e-05  -2.03218079e-03  -1.06188384e-03  -2.05219378e-02   1.05217608e-17  -1.27272995e-16   5.54367812e-18
  1.68800000e-05  -2.00739981e-03  -1.04853298e-03  -2.04893104e-02   2.99926642e-17  -1.23448149e-16   3.37894178e-18
  1.69600000e-05  -1.98295511e-03  -1.03541219e-03  -2.04558901e-02   4.85496383e-17  -1.16617044e-16   1.19647471e-18
  1.70400000e-05  -1.95910234e-03  -1.02265140e-03  -2.04215434e-02   6.57424418e-17  -1.06980688e-16  -9.49596258e-19
  1.71200000e-05  -1.91082491e-03  -9.99713056e-04  -2.04287997e-02   8.09591631e-17  -9.43530718e-17  -2.95527827e-18
  1.72000000e-05  -1.89006232e-03  -9.88935880e-04  -2.03946742e-02   9.42336068e-17  -8.00090380e-17  -4.85340339e-18
  1.72800000e-05  -1.87042250e-03  -9.78774026e-04  -2.03593966e-02   1.05072406e-16  -6.38263715e-17  -6.58458592e-18
  1.73600000e-05  -1.85204298e-03  -9.69294645e-04  -2.03229808e-02   1.13235128e-16  -4.62229157e-17  -8.11459212e-18
  1.74400000e-05  -1.83502901e-03  -9.60547462e-04  -2.02854679e-02   1.18551252e-16  -2.76455910e-17  -9.41511850e-18
  1.75200000e-05  -1.81945133e-03  -9.52563775e-04  -2.02469258e-02   1.20923183e-16  -8.55849025e-18  -1.04638769e-17
  1.76000000e-05  -1.80534492e-03  -9.45355915e-04  -2.02074466e-02   1.20327270e-16   1.05691830e-17  -1.12445610e-17
  1.76800000e-05  -1.79270854e-03  -9.38917185e-04  -2.01671442e-02   1.16812846e-16   2.92749861e-17  -1.17467387e-17
  1.77600000e-05  -1.76529166e-03  -9.27666739e-04  -2.01140731e-02   1.10303156e-16   4.74210097e-17  -1.18677174e-17
  1.78400000e-05  -1.75892423e-03  -9.20395736e-04  -2.00827399e-02   1.01329221e-16   6.39053149e-17  -1.18035986e-17
  1.79200000e-05  -1.75171760e-03  -9.16753343e-04  -2.00385410e-02   9.00139685e-17   7.87163568e-17  -1.14700235e-17
  1.80000000e-05  -1.74556875e-03  -9.13633350e-04  -1.99941081e-02   7.66416377e-17   9.15342180e-17  -1.08738014e-17
  1.80800000e-05  -1.74033084e-03  -9.10954732e-04  -1.99496058e-02   6.15534178e-17   1.02083592e-16  -1.00311176e-17
  1.81600000e-05  -1.73583659e-03  -9.08626632e-04  -1.99051988e-02   4.51244339e-17   1.10147600e-16  -8.96306980e-18
  1.82400000e-05  -1.73190242e-03  -9.06550605e-04  -1.98610485e-02   2.77540352e-17   1.15571348e-16  -7.69539210e-18
  1.83200000e-05  -1.70509384e-03  -8.97061030e-04  -1.98492843e-02   9.66995520e-18   1.19033679e-16  -6.21023178e-18
  1.84000000e-05  -1.69825348e-03  -8.93637942e-04  -1.98130408e-02  -8.53426111e-18   1.19055443e-16  -4.63831489e-18
  1.84800000e-05  -1.69080472e-03  -8.84799377e-04  -1.98057973e-02  -2.66561955e-17   1.16539729e-16  -2.93064992e-18
  1.85600000e-05  -1.68387939e-03  -8.80930420e-04  -1.97755478e-02  -4.39685761e-17   1.11122573e-16  -1.20621063e-18
  1.86400000e-05  -1.67655893e-03  -8.76814357e-04  -1.97461151e-02  -6.02114211e-17   1.03170520e-16   5.31071668e-19
  1.87200000e-05  -1.66867874e-03  -8.72366888e-04  -1.97175366e-02  -7.50252636e-17   9.28874241e-17   2.23968896e-18
  1.88000000e-05  -1.65815972e-03  -8.68963668e-04  -1.96665293e-02  -8.79191448e-17   8.04460258e-17   3.85829701e-18
  1.88800000e-05  -1.64818598e-03  -8.63917371e-04  -1.96350966e-02  -9.88924722e-17   6.63403354e-17   5.38223059e-18
  1.89600000e-05  -1.63723952e-03  -8.58332827e-04  -1.96046488e-02  -1.07608897e-16   5.08067603e-17   6.76229554e-18
  1.90400000e-05  -1.62522845e-03  -8.52165312e-04  -1.95751675e-02  -1.13894934e-16   3.42065840e-17   7.96701346e-18
  1.91200000e-05  -1.61208504e-03  -8.45383311e-04  -1.95466129e-02  -1.17632915e-16   1.69202801e-17   8.96984771e-18
  1.92000000e-05  -1.59286646e-03  -8.32605753e-04  -1.95442653e-02  -1.19071569e-16  -5.22912564e-19   9.72666340e-18
  1.92800000e-05  -1.57907467e-03  -8.24694328e-04  -1.95271349e-02  -1.17668035e-16  -1.81103999e-17   1.02801644e-17
  1.93600000e-05  -1.56419026e-03  -8.16230452e-04  -1.95104666e-02  -1.13680967e-16  -3.52411944e-17   1.05883474e-17
  1.94400000e-05  -1.54824379e-03  -8.07236759e-04  -1.94941446e-02  -1.07213998e-16  -5.15359204e-17   1.06491000e-17
  1.95200000e-05  -1.53128908e-03  -7.97747463e-04  -1.94780460e-02  -9.84250642e-17  -6.66362151e-17   1.04669687e-17
  1.96000000e-05  -1.51340187e-03  -7.87807521e-04  -1.94620434e-02  -8.75226204e-17  -8.02125344e-17   1.00528465e-17
  1.96800000e-05  -1.49467797e-03  -7.77471557e-04  -1.94460081e-02  -7.47607517e-17  -9.19713140e-17   9.42344199e-18
  1.97600000e-05  -1.47523100e-03  -7.66802577e-04  -1.94298127e-02  -6.04332872e-17  -1.01661321e-16   8.60055750e-18
  1.98400000e-05  -1.45518972e-03  -7.55870501e-04  -1.94133337e-02  -4.48670332e-17  -1.09079042e-16   7.61021667e-18
  1.99200000e-05  -1.43063512e-03  -7.46339154e-04  -1.93721893e-02  -2.83390166e-17  -1.13870571e-16   6.47984883e-18
  2.00000000e-05  -1.41111154e-03  -7.36339363e-04  -1.93505350e-02  -1.13863457e-17  -1.16341614e-16   5.25744190e-18
  2.00800000e-05  -1.39144992e-03  -7.26288657e-04  -1.93284145e-02   5.69631519e-18  -1.16260291e-16   3.95854473e-18
  2.01600000e-05  -1.37179457e-03  -7.16262644e-04  -1.93057230e-02   2.25319810e-17  -1.13646782e-16   2.61537448e-18
  2.02400000e-05  -1.35228847e-03  -7.06335766e-04  -1.92823683e-02   3.87524081e-17  -1.08577254e-16   1.25957366e-18
  2.03200000e-05  -1.33307011e-03  -6.96579671e-04  -1.92582736e-02   5.40062972e-17  -1.01181619e-16  -7.85699674e-20
  2.04000000e-05  -1.31427052e-03  -6.87061658e-04  -1.92333780e-02   6.79670402e-17  -9.16400452e-17  -1.37077926e-18
  2.04800000e-05  -1.29601040e-03  -6.77843242e-04  -1.92076384e-02   8.03398191e-17  -8.01783371e-17  -2.59130748e-18
  2.05600000e-05  -1.27839764e-03  -6.68978857e-04  -1.91810301e-02   9.08678852e-17  -6.70622933e-17  -3.71732034e-18
  2.06400000e-05  -1.25807160e-03  -6.59430394e-04  -1.91801755e-02   9.94206757e-17  -5.25349333e-17  -4.71503488e-18
  2.07200000e-05  -1.24304367e-03  -6.51784514e-04  -1.91599451e-02   1.05714624e-16  -3.70253385e-17  -5.59893842e-18
  2.08000000e-05  -1.22881683e-03  -6.44559542e-04  -1.91390545e-02   1.09666702e-16  -2.08073242e-17  -6.34037225e-18
  2.08800000e-05  -1.21542190e-03  -6.37770117e-04  -1.91175806e-02   1.11207751e-16  -4.23593226e-18  -6.92884666e-18
  2.09600000e-05  -1.20287136e-03  -6.31421285e-04  -1.90956125e-02   1.10321630e-16   1.23297376e-17  -7.35708202e-18
  2.10400000e-05  -1.19115925e-03  -6.25508468e-04  -1.90732495e-02   1.07044812e-16   2.85344746e-17  -7.62093389e-18
  2.11200000e-05  -1.18026140e-03  -6.20017640e-04  -1.90505989e-02   1.01464808e-16   4.40346466e-17  -7.71929818e-18
  2.12000000e-05  -1.17013613e-03  -6.14925700e-04  -1.90277736e-02   9.37174768e-17   5.85054592e-17  -7.65400717e-18
  2.12800000e-05  -1.15876292e-03  -6.08782474e-04  -1.89910205e-02   8.39008771e-17   7.16171955e-17  -7.41511068e-18
  2.13600000e-05  -1.15042537e-03  -6.04252300e-04  -1.89629695e-02   7.23985407e-17   8.31021394e-17  -7.04023579e-18
  2.14400000e-05  -1.14260364e-03  -5.99979459e-04  -1.89348869e-02   5.94016838e-17   9.27560132e-17  -6.52363456e-18
  2.15200000e-05  -1.13521071e-03  -5.95918103e-04  -1.89068905e-02   4.51962261e-17   1.00392302e-16  -5.87790097e-18
  2.16000000e-05  -1.12815080e-03  -5.92018096e-04  -1.88790955e-02   3.00896899e-17   1.05869121e-16  -5.11794344e-18
  2.16800000e-05  -1.12132151e-03  -5.88226101e-04  -1.88516127e-02   1.44043915e-17   1.09091340e-16  -4.26076691e-18
  2.17600000e-05  -1.11461596e-03  -5.84486716e-04  -1.88245459e-02  -1.52948533e-18   1.10011685e-16  -3.32521060e-18
  2.18400000e-05  -1.10792512e-03  -5.80743645e-04  -1.87979898e-02  -1.73807885e-17   1.08630834e-16  -2.33163518e-18
  2.19200000e-05  -1.10113998e-03  -5.76940866e-04  -1.87720283e-02  -3.28241329e-17   1.04996559e-16  -1.30155572e-18
  2.20000000e-05  -1.08708090e-03  -5.68760006e-04  -1.87800673e-02  -4.77715701e-17   9.95684975e-17  -2.50213058e-19
  2.20800000e-05  -1.08004386e-03  -5.64620179e-04  -1.87662018e-02  -6.15991903e-17   9.17550514e-17   7.84552652e-19
  2.21600000e-05  -1.07263577e-03  -5.60274415e-04  -1.87531150e-02  -7.41500051e-17   8.20591318e-17   1.78958622e-18
  2.22400000e-05  -1.06477682e-03  -5.55683503e-04  -1.87407987e-02  -8.51734124e-17   7.06874841e-17   2.74325589e-18
  2.23200000e-05  -1.05639651e-03  -5.50813314e-04  -1.87292295e-02  -9.44510748e-17   5.78795180e-17   3.62518793e-18
  2.24000000e-05  -1.04743511e-03  -5.45635473e-04  -1.87183685e-02  -1.01801016e-16   4.39023828e-17   4.41679848e-18
  2.24800000e-05  -1.03784482e-03  -5.40127924e-04  -1.87081626e-02  -1.07081013e-16   2.90455473e-17   5.10179245e-18
  2.25600000e-05  -1.02759068e-03  -5.34275346e-04  -1.86985455e-02  -1.10191216e-16   1.36149777e-17   5.66660755e-18
  2.26400000e-05  -1.01665126e-03  -5.28069446e-04  -1.86894391e-02  -1.11075973e-16  -2.07298735e-18   6.10078282e-18
  2.27200000e-05  -9.91971312e-04  -5.16844757e-04  -1.86383393e-02  -1.09576430e-16  -1.74016699e-17   6.31443797e-18
  2.28000000e-05  -9.79872762e-04  -5.10339312e-04  -1.86241687e-02  -1.06033169e-16  -3.25902878e-17   6.47175834e-18
  2.28800000e-05  -9.67192645e-04  -5.03530668e-04  -1.86104180e-02  -1.00384918e-16  -4.70856152e-17   6.49102055e-18
  2.29600000e-05  -9.53960370e-04  -4.96436968e-04  -1.85969922e-02  -9.27552955e-17  -6.05978092e-17   6.37564760e-18
  2.30400000e-05  -9.40216273e-04  -4.89081988e-04  -1.85837901e-02  -8.33071126e-17  -7.28582528e-17   6.13224544e-18
  2.31200000e-05  -9.26010736e-04  -4.81494620e-04  -1.85707064e-02  -7.22389753e-17  -8.36248352e-17   5.77032304e-18
  2.32000000e-05  -9.11403110e-04  -4.73708261e-04  -1.85576338e-02  -5.97811782e-17  -9.26867100e-17   5.30192658e-18
  2.32800000e-05  -8.96460465e-04  -4.65760110e-04  -1.85444653e-02  -4.61909628e-17  -9.98684319e-17   4.74120459e-18
  2.33600000e-05  -8.81256185e-04  -4.57690393e-04  -1.85310960e-02  -3.17472273e-17  -1.05033381e-16   4.10392402e-18
  2.34400000e-05  -8.60456156e-04  -4.45071498e-04  -1.85721680e-02  -1.69148418e-17  -1.08243410e-16   3.37766364e-18
  2.35200000e-05  -8.45921706e-04  -4.37483138e-04  -1.85657097e-02  -1.57568368e-18  -1.09213519e-16   2.64530572e-18
  2.36000000e-05  -8.31358314e-04  -4.29904206e-04  -1.85586318e-02   1.37319197e-17  -1.07990639e-16   1.88642594e-18
  2.36800000e-05  -8.16840701e-04  -4.22373164e-04  -1.85508877e-02   2.86972680e-17  -1.04605629e-16   1.11808740e-18
  2.37600000e-05  -8.02442245e-04  -4.14927293e-04  -1.85424443e-02   4.30176725e-17  -9.91335838e-17   3.56696870e-19
  2.38400000e-05  -7.88233495e-04  -4.07601943e-04  -1.85332830e-02   5.64047595e-17  -9.16921097e-17  -3.82352045e-19
  2.39200000e-05  -7.74280752e-04  -4.00429819e-04  -1.85233991e-02   6.85904423e-17  -8.24386695e-17  -1.08497137e-18
  2.40000000e-05  -7.60644738e-04  -3.93440331e-04  -1.85128028e-02   7.93324230e-17  -7.15670812e-17  -1.73860297e-18
  2.40800000e-05  -7.43485190e-04  -3.84181455e-04  -1.84602715e-02   8.81813399e-17  -5.91237360e-17  -2.32105348e-18
  2.41600000e-05  -7.31273953e-04  -3.78092334e-04  -1.84439378e-02   9.53891484e-17  -4.57948684e-17  -2.84326001e-18
  2.42400000e-05  -7.19463793e-04  -3.72215679e-04  -1.84269159e-02   1.00638505e-16  -3.16145981e-17  -3.29074662e-18
  2.43200000e-05  -7.08080466e-04  -3.66561400e-04  -1.84092356e-02   1.03834938e-16  -1.68714714e-17  -3.65789556e-18
  2.44000000e-05  -6.97140956e-04  -3.61134857e-04  -1.83909399e-02   1.04926158e-16  -1.86313306e-18  -3.94082524e-18
  2.44800000e-05  -6.86653201e-04  -3.55936785e-04  -1.83720837e-02   1.03902674e-16   1.31098910e-17  -4.13733125e-18
  2.45600000e-05  -6.76615999e-04  -3.50963313e-04  -1.83527331e-02   1.00797491e-16   2.77503765e-17  -4.24680938e-18
  2.46400000e-05  -6.67019093e-04  -3.46206069e-04  -1.83329636e-02   9.56849172e-17   4.17704100e-17  -4.27016808e-18
  2.47200000e-05  -6.57843440e-04  -3.41652382e-04  -1.83128591e-02   8.86785230e-17   5.48970924e-17  -4.20973626e-18
  2.48000000e-05  -6.43289843e-04  -3.34263905e-04  -1.83321938e-02   7.99982576e-17   6.71915247e-17  -4.03234708e-18
  2.48800000e-05  -6.34898607e-04  -3.29750980e-04  -1.83204791e-02   6.96389798e-17   7.78714293e-17  -3.81495872e-18
  2.49600000e-05  -6.26783397e-04  -3.25362268e-04  -1.83089760e-02   5.79067635e-17   8.69787085e-17  -3.52802842e-18
  2.50400000e-05  -6.18901377e-04  -3.21075374e-04  -1.82977728e-02   4.50365700e-17   9.43415460e-17  -3.17874437e-18
  2.51200000e-05  -6.11205149e-04  -3.16865916e-04  -1.82869513e-02   3.12840190e-17   9.98230887e-17  -2.77528425e-18
  2.52000000e-05  -6.03643700e-04  -3.12708015e-04  -1.82765859e-02   1.69202889e-17   1.03323733e-16  -2.32669195e-18
  2.52800000e-05  -5.96163411e-04  -3.08574804e-04  -1.82667420e-02   2.22680605e-18   1.04782681e-16  -1.84273888e-18
  2.53600000e-05  -5.88709114e-04  -3.04438955e-04  -1.82574744e-02  -1.25101765e-17   1.04178758e-16  -1.33376703e-18
  2.54400000e-05  -5.81225172e-04  -3.00273217e-04  -1.82488269e-02  -2.70050155e-17   1.01530497e-16  -8.10512048e-19
  2.55200000e-05  -5.62434563e-04  -2.93265185e-04  -1.82022409e-02  -4.09428633e-17   9.69194738e-17  -2.96415482e-19
  2.56000000e-05  -5.54479981e-04  -2.89266683e-04  -1.81889690e-02  -5.40738900e-17   9.03876490e-17   2.10938517e-19
  2.56800000e-05  -5.46371933e-04  -2.85181082e-04  -1.81763567e-02  -6.61563957e-17   8.21116472e-17   7.00322380e-19
  2.57600000e-05  -5.38071585e-04  -2.80988572e-04  -1.81644242e-02  -7.69628919e-17   7.22574330e-17   1.16205348e-18
  2.58400000e-05  -5.29543861e-04  -2.76671427e-04  -1.81531786e-02  -8.62913325e-17   6.10199540e-17   1.58719133e-18
  2.59200000e-05  -5.20758104e-04  -2.72214340e-04  -1.81426139e-02  -9.39686691e-17   4.86193331e-17   1.96774657e-18
  2.60000000e-05  -5.11688641e-04  -2.67604708e-04  -1.81327112e-02  -9.98538670e-17   3.52966492e-17   2.29687329e-18
  2.60800000e-05  -5.02315261e-04  -2.62832859e-04  -1.81234390e-02  -1.03840340e-16   2.13093772e-17   2.56903686e-18
  2.61600000e-05  -4.92623577e-04  -2.57892230e-04  -1.81147538e-02  -1.05857765e-16   6.92656105e-18   2.78014955e-18
  2.62400000e-05  -4.72695988e-04  -2.44813792e-04  -1.81680195e-02  -1.06459359e-16  -7.40050556e-18   2.86958397e-18
  2.63200000e-05  -4.62680970e-04  -2.39289997e-04  -1.81686811e-02  -1.04541691e-16  -2.18943325e-17   2.95060194e-18
  2.64000000e-05  -4.52385367e-04  -2.33630354e-04  -1.81695284e-02  -1.00635631e-16  -3.59767402e-17   2.96823033e-18
  2.64800000e-05  -4.41819096e-04  -2.27841161e-04  -1.81704721e-02  -9.48165968e-17  -4.93758458e-17   2.92461489e-18
  2.65600000e-05  -4.30997232e-04  -2.21931189e-04  -1.81714210e-02  -8.71970001e-17  -6.18326593e-17   2.82334889e-18
  2.66400000e-05  -4.19939713e-04  -2.15911504e-04  -1.81722841e-02  -7.79242092e-17  -7.31061352e-17   2.66933565e-18
  2.67200000e-05  -4.08670941e-04  -2.09795251e-04  -1.81729717e-02  -6.71778197e-17  -8.29779235e-17   2.46861096e-18
  2.68000000e-05  -3.97219300e-04  -2.03597393e-04  -1.81733979e-02  -5.51662634e-17  -9.12567156e-17   2.22813225e-18
  2.68800000e-05  -3.73947518e-04  -1.95607847e-04  -1.81273906e-02  -4.20480096e-17  -9.72879355e-17   1.91721098e-18
  2.69600000e-05  -3.62611252e-04  -1.89978099e-04  -1.81236735e-02  -2.83106302e-17  -1.01907591e-16   1.63465555e-18
  2.70400000e-05  -3.51210980e-04  -1.84313853e-04  -1.81196094e-02  -1.40731816e-17  -1.04575473e-16   1.33652794e-18
  2.71200000e-05  -3.39775295e-04  -1.78630705e-04  -1.81151223e-02   3.88780911e-19  -1.05242639e-16   1.03049090e-18
  2.72000000e-05  -3.28333325e-04  -1.72944536e-04  -1.81101446e-02   1.47956172e-17  -1.03899112e-16   7.23952782e-19
  2.72800000e-05  -3.16914157e-04  -1.67271200e-04  -1.81046180e-02   2.88691283e-17  -1.00574083e-16   4.23875945e-19
  2.73600000e-05  -3.05546280e-04  -1.61626222e-04  -1.80984950e-02   4.23380705e-17  -9.53353133e-17   1.36610613e-19
  2.74400000e-05  -2.94257027e-04  -1.56024491e-04  -1.80917396e-02   5.49435372e-17  -8.82877479e-17  -1.32241068e-19
  2.75200000e-05  -2.83072052e-04  -1.50479980e-04  -1.80843280e-02   6.64440876e-17  -7.95713542e-17  -3.77927697e-19
  2.76000000e-05  -2.65093165e-04  -1.37755081e-04  -1.81215837e-02   7.66372396e-17  -6.93568417e-17  -5.93863713e-19
  2.76800000e-05  -2.55158901e-04  -1.32360506e-04  -1.81195001e-02   8.53497888e-17  -5.78551626e-17  -7.79272032e-19
  2.77600000e-05  -2.45336107e-04  -1.27039178e-04  -1.81168373e-02   9.23837258e-17  -4.52623099e-17  -9.33660588e-19
  2.78400000e-05  -2.35635665e-04  -1.21794648e-04  -1.81136485e-02   9.76048231e-17  -3.18230870e-17  -1.05573958e-18
  2.79200000e-05  -2.26066007e-04  -1.16628943e-04  -1.81099968e-02   1.00914483e-16  -1.77982633e-17  -1.14508809e-18
  2.80000000e-05  -2.16632965e-04  -1.11542531e-04  -1.81059541e-02   1.02251531e-16  -3.45934650e-18  -1.20210113e-18
  2.80800000e-05  -2.07339667e-04  -1.06534320e-04  -1.81016000e-02   1.01593233e-16   1.09168159e-17  -1.22792033e-18
  2.81600000e-05  -1.98186486e-04  -1.01601679e-04  -1.80970198e-02   9.89555321e-17   2.50534883e-17  -1.22435218e-18
  2.82400000e-05  -1.89171048e-04  -9.67405031e-05  -1.80923032e-02   9.43925041e-17   3.86794360e-17  -1.19377819e-18
  2.83200000e-05  -1.76024128e-04  -9.07319719e-05  -1.80446130e-02   8.77663083e-17   5.14797061e-17  -1.11500552e-18
  2.84000000e-05  -1.66839777e-04  -8.62545406e-05  -1.80340510e-02   7.96723328e-17   6.32476272e-17  -1.03958391e-18
  2.84800000e-05  -1.57743816e-04  -8.18175770e-05  -1.80233970e-02   7.00463811e-17   7.37736052e-17  -9.47954547e-19
  2.85600000e-05  -1.48728398e-04  -7.74161482e-05  -1.80127420e-02   5.90767801e-17   8.28615042e-17  -8.43914456e-19
  2.86400000e-05  -1.39784146e-04  -7.30446488e-05  -1.80021773e-02   4.69763299e-17   9.03436094e-17  -7.31337278e-19
  2.87200000e-05  -1.30900341e-04  -6.86969123e-05  -1.79917923e-02   3.39780460e-17   9.60835341e-17  -6.14078894e-19
  2.88000000e-05  -1.22065138e-04  -6.43663328e-05  -1.79816728e-02   2.03305913e-17   9.99784920e-17  -4.95888531e-19
  2.88800000e-05  -1.13265795e-04  -6.00459934e-05  -1.79718997e-02   6.29349102e-18   1.01960909e-16  -3.80326034e-19
  2.89600000e-05  -1.04488922e-04  -5.57288001e-05  -1.79625471e-02  -7.86777601e-18   1.01999367e-16  -2.70685826e-19
  2.90400000e-05  -8.37572996e-05  -4.43523682e-05  -1.80172840e-02  -2.22030178e-17   1.00704867e-16  -1.44685211e-19
  2.91200000e-05  -7.43000398e-05  -3.91574404e-05  -1.80195887e-02  -3.59907606e-17   9.69108270e-17  -6.21914848e-20
  2.92000000e-05  -6.48393728e-05  -3.39470449e-05  -1.80225824e-02  -4.91308427e-17   9.12569748e-17   4.86658391e-21
  2.92800000e-05  -5.53699940e-05  -2.87191489e-05  -1.80262633e-02  -6.13744609e-17   8.38486557e-17   5.49332650e-20
  2.93600000e-05  -4.58868042e-05  -2.34720773e-05  -1.80306169e-02  -7.24892062e-17   7.48241262e-17   8.70752423e-20
  2.94400000e-05  -3.63850065e-05  -1.82045442e-05  -1.80356157e-02  -8.22633445e-17   6.43521143e-17   1.01003007e-19
  2.95200000e-05  -2.68601967e-05  -1.29156777e-05  -1.80412199e-02  -9.05097597e-17   5.26288392e-17   9.70761862e-20
  2.96000000e-05  -1.73084442e-05  -7.60503554e-06  -1.80473780e-02  -9.70694938e-17   3.98745286e-17   7.62922295e-20
  2.96800000e-05   1.41217983e-06   7.70600027e-07  -1.79915097e-02  -1.01534082e-16   2.64524624e-17  -6.83656437e-21
  2.97600000e-05   1.11447529e-05   6.08148247e-06  -1.79916057e-02  -1.04343291e-16   1.24610508e-17  -6.04225407e-20
  2.98400000e-05   2.08771266e-05   1.13922561e-05  -1.79922201e-02  -1.05205962e-16  -1.78414315e-18  -1.23204562e-19
  2.99200000e-05   3.06090973e-05   1.67028099e-05  -1.79932897e-02  -1.04105087e-16  -1.60143658e-17  -1.91963099e-19
  3.00000000e-05   4.03404419e-05   2.20130220e-05  -1.79947426e-02  -1.01060436e-16  -2.99607852e-17  -2.63207436e-19
  3.00800000e-05   5.00709294e-05   2.73227664e-05  -1.79964997e-02  -9.61283232e-17  -4.33594652e-17  -3.33283422e-19
  3.01600000e-05   5.98003325e-05   3.26319190e-05  -1.79984764e-02  -8.94007204e-17  -5.59562979e-17  -3.98486739e-19
  3.02400000e-05   6.95284396e-05   3.79403645e-05  -1.80005837e-02  -8.10036970e-17  -6.75118048e-17  -4.55178746e-19
  3.03200000e-05   7.92550671e-05   4.32480026e-05  -1.80027303e-02  -7.10952152e-17  -7.78057178e-17  -4.99901837e-19
  3.04000000e-05   9.77732036e-05   5.03695890e-05  -1.80743778e-02  -6.01234998e-17  -8.67975647e-17  -5.67124632e-19
  3.04800000e-05   1.07066867e-04   5.48968206e-05  -1.80842866e-02  -4.77036886e-17  -9.41176726e-17  -5.68131089e-19
  3.05600000e-05   1.16333505e-04   5.94229838e-05  -1.80937346e-02  -3.43762333e-17  -9.96562069e-17  -5.48310067e-19
  3.06400000e-05   1.25577305e-04   6.39510879e-05  -1.81026540e-02  -2.03961048e-17  -1.03300997e-16  -5.06417403e-19
  3.07200000e-05   1.34802927e-04   6.84841233e-05  -1.81109868e-02  -6.03217440e-18  -1.04976366e-16  -4.41851637e-19
  3.08000000e-05   1.44015413e-04   7.30250059e-05  -1.81186866e-02   8.43805926e-18  -1.04644893e-16  -3.54688146e-19
  3.08800000e-05   1.53220103e-04   7.75765221e-05  -1.81257189e-02   2.27339772e-17  -1.02308391e-16  -2.45696563e-19
  3.09600000e-05   1.62422525e-04   8.21412758e-05  -1.81320621e-02   3.65774597e-17  -9.80080770e-17  -1.16341160e-19
  3.10400000e-05   1.71628297e-04   8.67216383e-05  -1.81377079e-02   4.96984931e-17  -9.18239169e-17   3.12358767e-20
  3.11200000e-05   1.90187632e-04   9.75114448e-05  -1.80758796e-02   6.14173892e-17  -8.33691039e-17   1.96470995e-19
  3.12000000e-05   1.98811795e-04   1.02355499e-04  -1.80764918e-02   7.22188779e-17  -7.39037585e-17   3.75820084e-19
  3.12800000e-05   2.07494578e-04   1.07236108e-04  -1.80764404e-02   8.16062152e-17  -6.30330130e-17   5.62800641e-19
  3.13600000e-05   2.16247101e-04   1.12158151e-04  -1.80757294e-02   8.93978071e-17  -5.09665634e-17   7.53258736e-19
  3.14400000e-05   2.25079156e-04   1.17125722e-04  -1.80743756e-02   9.54432307e-17  -3.79374364e-17   9.42706548e-19
  3.15200000e-05   2.33999022e-04   1.22142050e-04  -1.80724080e-02   9.96262093e-17  -2.41973258e-17   1.12640909e-18
  3.16000000e-05   2.43013298e-04   1.27209433e-04  -1.80698676e-02   1.01866870e-16  -1.00115538e-17   1.29948047e-18
  3.16800000e-05   2.52126773e-04   1.32329195e-04  -1.80668064e-02   1.02123244e-16   4.34622732e-18   1.45698893e-18
  3.17600000e-05   2.61342333e-04   1.37501656e-04  -1.80632865e-02   1.00391975e-16   1.85994744e-17   1.59406936e-18
  3.18400000e-05   2.74938140e-04   1.43562681e-04  -1.81055670e-02   9.69263821e-17   3.26654584e-17   1.73086543e-18
  3.19200000e-05   2.85242443e-04   1.48769373e-04  -1.81087971e-02   9.13563132e-17   4.59956024e-17   1.81687578e-18
  3.20000000e-05   2.95678353e-04   1.54039603e-04  -1.81120389e-02   8.39914601e-17   5.84348507e-17   1.86813523e-18
  3.20800000e-05   3.06237237e-04   1.59366119e-04  -1.81153857e-02   7.49720204e-17   6.97430000e-17   1.88093680e-18
  3.21600000e-05   3.16908033e-04   1.64740551e-04  -1.81189288e-02   6.44699996e-17   7.97014956e-17   1.85226894e-18
  3.22400000e-05   3.27677458e-04   1.70153571e-04  -1.81227561e-02   5.26858735e-17   8.81175536e-17   1.77994392e-18
  3.23200000e-05   3.38530243e-04   1.75595066e-04  -1.81269497e-02   3.98447420e-17   9.48277726e-17   1.66271434e-18
  3.24000000e-05   3.49449425e-04   1.81054328e-04  -1.81315849e-02   2.61920520e-17   9.97011794e-17   1.50037229e-18
  3.24800000e-05   3.69556812e-04   1.93187321e-04  -1.80992201e-02   1.18014390e-17   1.02652953e-16   1.33666263e-18
  3.25600000e-05   3.80926010e-04   1.99373869e-04  -1.80996956e-02  -2.66610707e-18   1.03555874e-16   1.08458982e-18
  3.26400000e-05   3.92297148e-04   2.05561248e-04  -1.81006630e-02  -1.71205036e-17   1.02451815e-16   7.92446012e-19
  3.27200000e-05   4.03641104e-04   2.11733530e-04  -1.81021821e-02  -3.12850826e-17   9.93608255e-17   4.64588907e-19
  3.28000000e-05   4.14929132e-04   2.17874995e-04  -1.81043025e-02  -4.48886157e-17   9.43405917e-17   1.06541615e-19
  3.28800000e-05   4.26133413e-04   2.23970437e-04  -1.81070620e-02  -5.76703398e-17   8.74853386e-17  -2.75093176e-19
  3.29600000e-05   4.37227586e-04   2.30005449e-04  -1.81104863e-02  -6.93847823e-17   7.89240889e-17  -6.72757765e-19
  3.30400000e-05   4.48187251e-04   2.35966704e-04  -1.81145885e-02  -7.98063116e-17   6.88183107e-17  -1.07810020e-18
  3.31200000e-05   4.58990448e-04   2.41842209e-04  -1.81193684e-02  -8.87333405e-17   5.73589938e-17  -1.48216700e-18
  3.32000000e-05   4.82737866e-04   2.50403123e-04  -1.81709036e-02  -9.63102788e-17   4.51324120e-17  -1.93668528e-18
  3.32800000e-05   4.93684835e-04   2.55858426e-04  -1.81854706e-02  -1.01858435e-16   3.15737250e-17  -2.32094961e-18
  3.33600000e-05   5.04360453e-04   2.61177340e-04  -1.82005052e-02  -1.05472844e-16   1.73449061e-17  -2.67389472e-18
  3.34400000e-05   5.14754010e-04   2.66356053e-04  -1.82159383e-02  -1.07073895e-16   2.71903415e-18  -2.98598320e-18
  3.35200000e-05   5.24860144e-04   2.71393417e-04  -1.82316928e-02  -1.06620366e-16  -1.20210692e-17  -3.24836647e-18
  3.36000000e-05   5.34678983e-04   2.76290988e-04  -1.82476849e-02  -1.04110659e-16  -2.65881703e-17  -3.45314232e-18
  3.36800000e-05   5.44216177e-04   2.81053016e-04  -1.82638262e-02  -9.95833132e-17  -4.06961403e-17  -3.59358560e-18
  3.37600000e-05   5.53482822e-04   2.85686379e-04  -1.82800249e-02  -9.31167414e-17  -5.40655594e-17  -3.66434460e-18
  3.38400000e-05   5.62495283e-04   2.90200463e-04  -1.82961878e-02  -8.48281797e-17  -6.64293009e-17  -3.66159692e-18
  3.39200000e-05   5.80847630e-04   3.02160712e-04  -1.82545881e-02  -7.48791649e-17  -7.70322098e-17  -3.65768279e-18
  3.40000000e-05   5.89429943e-04   3.06734150e-04  -1.82668644e-02  -6.35486180e-17  -8.66180017e-17  -3.50504367e-18
  3.40800000e-05   5.97799952e-04   3.11201894e-04  -1.82790582e-02  -5.09716863e-17  -9.45436853e-17  -3.27659362e-18
  3.41600000e-05   6.05995376e-04   3.15584355e-04  -1.82910743e-02  -3.73911216e-17  -1.00645973e-16  -2.97528404e-18
  3.42400000e-05   6.14057399e-04   3.19903639e-04  -1.83028206e-02  -2.30711711e-17  -1.04796680e-16  -2.60571110e-18
  3.43200000e-05   6.22029870e-04   3.24183119e-04  -1.83142104e-02  -8.29248791e-18  -1.06905658e-16  -2.17400499e-18
  3.44000000e-05   6.29958452e-04   3.28446980e-04  -1.83251638e-02   6.65338169e-18  -1.06922993e-16  -1.68768915e-18
  3.44800000e-05   6.37889722e-04   3.32719744e-04  -1.83356096e-02   2.14698233e-17  -1.04840398e-16  -1.15551604e-18
  3.45600000e-05   6.45870255e-04   3.37025782e-04  -1.83454864e-02   3.58611698e-17  -1.00691745e-16  -5.87286208e-19
  3.46400000e-05   6.61622856e-04   3.42182918e-04  -1.84003113e-02   4.96730937e-17  -9.46369263e-17   2.61796946e-20
  3.47200000e-05   6.69680796e-04   3.46412298e-04  -1.84153225e-02   6.24340327e-17  -8.66189839e-17   6.41041802e-19
  3.48000000e-05   6.77959502e-04   3.50762848e-04  -1.84296538e-02   7.39510036e-17  -7.68590945e-17   1.25756409e-18
  3.48800000e-05   6.86504302e-04   3.55255364e-04  -1.84433246e-02   8.39861149e-17  -6.55462117e-17   1.86361118e-18
  3.49600000e-05   6.95355246e-04   3.59907821e-04  -1.84563678e-02   9.23303868e-17  -5.29020437e-17   2.44699065e-18
  3.50400000e-05   7.04546276e-04   3.64735004e-04  -1.84688290e-02   9.88082753e-17  -3.91766277e-17   2.99563741e-18
  3.51200000e-05   7.14104514e-04   3.69748189e-04  -1.84807655e-02   1.03281495e-16  -2.46432751e-17   3.49779750e-18
  3.52000000e-05   7.24049686e-04   3.74954905e-04  -1.84922458e-02   1.05652054e-16  -9.59300285e-18   3.94221416e-18
  3.52800000e-05   7.39023073e-04   3.82254212e-04  -1.84662836e-02   1.05590229e-16   5.79571111e-18   4.34570660e-18
  3.53600000e-05   7.50250116e-04   3.88275897e-04  -1.84726313e-02   1.03586162e-16   2.09042456e-17   4.64644929e-18
  3.54400000e-05   7.61930294e-04   3.94521987e-04  -1.84785109e-02   9.94578914e-17   3.56003084e-17   4.86105646e-18
  3.55200000e-05   7.74049507e-04   4.00982172e-04  -1.84840039e-02   9.32842549e-17   4.95859922e-17   4.98213108e-18
  3.56000000e-05   7.86584656e-04   4.07641746e-04  -1.84892000e-02   8.51858330e-17   6.25772545e-17   5.00373031e-18
  3.56800000e-05   7.99504075e-04   4.14481895e-04  -1.84941950e-02   7.53224830e-17   7.43097351e-17   4.92158065e-18
  3.57600000e-05   8.12768143e-04   4.21480057e-04  -1.84990890e-02   6.38900699e-17   8.45441380e-17   4.73328614e-18
  3.58400000e-05   8.26330053e-04   4.28610364e-04  -1.85039846e-02   5.11164740e-17   9.30710695e-17   4.43851990e-18
  3.59200000e-05   8.40136729e-04   4.35844149e-04  -1.85089843e-02   3.72569709e-17   9.97152437e-17   4.03918734e-18
  3.60000000e-05   8.59333183e-04   4.46443340e-04  -1.85488661e-02   2.25608317e-17   1.04616854e-16   3.56317032e-18
  3.60800000e-05   8.74365540e-04   4.54364028e-04  -1.85638768e-02   7.30238113e-18   1.07183615e-16   2.96733975e-18
  3.61600000e-05   8.89455187e-04   4.62290503e-04  -1.85794844e-02  -8.18879001e-18   1.07561713e-16   2.28430432e-18
  3.62400000e-05   9.04526868e-04   4.70183654e-04  -1.85957435e-02  -2.35996667e-17   1.05732430e-16   1.52546348e-18
  3.63200000e-05   9.19505166e-04   4.78004777e-04  -1.86126951e-02  -3.86168091e-17   1.01721269e-16   7.04621070e-19
  3.64000000e-05   9.34316032e-04   4.85716366e-04  -1.86303666e-02  -5.29325262e-17   9.55978023e-17  -1.62223901e-19
  3.64800000e-05   9.48888298e-04   4.93282875e-04  -1.86487701e-02  -6.62509948e-17   8.74746869e-17  -1.05717581e-18
  3.65600000e-05   9.63155143e-04   5.00671465e-04  -1.86679029e-02  -7.82942214e-17   7.75058661e-17  -1.96082584e-18
  3.66400000e-05   9.77055493e-04   5.07852682e-04  -1.86877472e-02  -8.88077420e-17   6.58839632e-17  -2.85271115e-18
  3.67200000e-05   9.98060562e-04   5.20403477e-04  -1.86623516e-02  -9.74946813e-17   5.29437990e-17  -3.73765648e-18
  3.68000000e-05   1.01132657e-03   5.27563810e-04  -1.86776191e-02  -1.04289592e-16   3.87782387e-17  -4.55158872e-18
  3.68800000e-05   1.02402797e-03   5.34417083e-04  -1.86936254e-02  -1.08993470e-16   2.37439302e-17  -5.29181459e-18
  3.69600000e-05   1.03613700e-03   5.40951104e-04  -1.87103285e-02  -1.11498250e-16   8.14490368e-18  -5.93904418e-18
  3.70400000e-05   1.04763780e-03   5.47160108e-04  -1.87276718e-02  -1.11739871e-16  -7.70083220e-18  -6.47579167e-18
  3.71200000e-05   1.05852682e-03   5.53044917e-04  -1.87455857e-02  -1.09700079e-16  -2.34675187e-17  -6.88690501e-18
  3.72000000e-05   1.06881296e-03   5.58612970e-04  -1.87639881e-02  -1.05407363e-16  -3.88281440e-17  -7.16002700e-18
  3.72800000e-05   1.07851750e-03   5.63878217e-04  -1.87827868e-02  -9.89369917e-17  -5.34610968e-17  -7.28597018e-18
  3.73600000e-05   1.08767371e-03   5.68860875e-04  -1.88018812e-02  -9.04101011e-17  -6.70568517e-17  -7.25899225e-18
  3.74400000e-05   1.10711659e-03   5.77554442e-04  -1.88695096e-02  -8.02524424e-17  -7.93851885e-17  -7.13839848e-18
  3.75200000e-05   1.11551615e-03   5.82104192e-04  -1.88967885e-02  -6.81247141e-17  -9.01678613e-17  -6.79910817e-18
  3.76000000e-05   1.12347415e-03   5.86443663e-04  -1.89237837e-02  -5.45239344e-17  -9.91183628e-17  -6.30865204e-18
  3.76800000e-05   1.13107425e-03   5.90617229e-04  -1.89503910e-02  -3.97277159e-17  -1.06030121e-16  -5.67577801e-18
  3.77600000e-05   1.13840796e-03   5.94672934e-04  -1.89765139e-02  -2.40428439e-17  -1.10738069e-16  -4.91257234e-18
  3.78400000e-05   1.14557279e-03   5.98661493e-04  -1.90020659e-02  -7.79900506e-18  -1.13122994e-16  -4.03412495e-18
  3.79200000e-05   1.15267013e-03   6.02635224e-04  -1.90269723e-02   8.65815616e-18  -1.13114920e-16  -3.05813434e-18
  3.80000000e-05   1.15980316e-03   6.06646938e-04  -1.90511718e-02   2.49745018e-17  -1.10695435e-16  -2.00447201e-18
  3.80800000e-05   1.17133634e-03   6.14162603e-04  -1.90417383e-02   4.06198653e-17  -1.05578400e-16  -9.06575882e-19
  3.81600000e-05   1.17930698e-03   6.18270185e-04  -1.90621123e-02   5.55206364e-17  -9.85098821e-17   2.39750502e-19
  3.82400000e-05   1.18763566e-03   6.22572328e-04  -1.90817204e-02   6.92484337e-17  -8.93061191e-17   1.39622581e-18
  3.83200000e-05   1.19641918e-03   6.27117856e-04  -1.91005253e-02   8.14970783e-17  -7.81535741e-17   2.53883937e-18
  3.84000000e-05   1.20574471e-03   6.31950427e-04  -1.91185068e-02   9.19904113e-17  -6.52832888e-17   3.64365011e-18
  3.84800000e-05   1.21568782e-03   6.37107557e-04  -1.91356628e-02   1.00488856e-16  -5.09661159e-17   4.68717403e-18
  3.85600000e-05   1.22631079e-03   6.42619762e-04  -1.91520093e-02   1.06795195e-16  -3.55069571e-17   5.64675103e-18
  3.86400000e-05   1.23766114e-03   6.48509857e-04  -1.91675803e-02   1.10759399e-16  -1.92381431e-17   6.50089775e-18
  3.87200000e-05   1.24977054e-03   6.54792410e-04  -1.91824268e-02   1.12282390e-16  -2.51211616e-18   7.22965394e-18
  3.88000000e-05   1.26133331e-03   6.60955502e-04  -1.92106189e-02   1.11423725e-16   1.42689199e-17   7.80680613e-18
  3.88800000e-05   1.27588850e-03   6.68382604e-04  -1.92320594e-02   1.08024313e-16   3.08626468e-17   8.23910911e-18
  3.89600000e-05   1.29126988e-03   6.76237403e-04  -1.92532492e-02   1.02196623e-16   4.68346161e-17   8.49907143e-18
  3.90400000e-05   1.30743473e-03   6.84496199e-04  -1.92743070e-02   9.40532520e-17   6.18286888e-17   8.57566449e-18
  3.91200000e-05   1.32432260e-03   6.93126151e-04  -1.92953547e-02   8.37589307e-17   7.55075460e-17   8.46110902e-18
  3.92000000e-05   1.34185654e-03   7.02085928e-04  -1.93165150e-02   7.15272657e-17   8.75602732e-17   8.15127186e-18
  3.92800000e-05   1.35994464e-03   7.11326554e-04  -1.93379088e-02   5.76163956e-17   9.77093935e-17   7.64603847e-18
  3.93600000e-05   1.37848196e-03   7.20792430e-04  -1.93596525e-02   4.23236600e-17   1.05717206e-16   6.94963734e-18
  3.94400000e-05   1.39735269e-03   7.30422507e-04  -1.93818547e-02   2.59794012e-17   1.11391301e-16   6.07088955e-18
  3.95200000e-05   1.42026531e-03   7.42135793e-04  -1.93903029e-02   8.87288623e-18   1.14613694e-16   5.03657820e-18
  3.96000000e-05   1.44068905e-03   7.53155115e-04  -1.94078207e-02  -8.50933601e-18   1.15239212e-16   3.84039487e-18
  3.96800000e-05   1.46108396e-03   7.64138826e-04  -1.94259173e-02  -2.58150470e-17   1.13267123e-16   2.51385067e-18
  3.97600000e-05   1.48130309e-03   7.75010028e-04  -1.94446929e-02  -4.26571136e-17   1.08725283e-16   1.08384690e-18
  3.98400000e-05   1.50120225e-03   7.85693728e-04  -1.94642327e-02  -5.86557534e-17   1.01698660e-16  -4.18724418e-19
  3.99200000e-05   1.52064323e-03   7.96118524e-04  -1.94846049e-02  -7.34468630e-17   9.23279919e-17  -1.95962150e-18
  4.00000000e-05   1.53949701e-03   8.06218234e-04  -1.95058593e-02  -8.66900871e-17   8.08072697e-17  -3.50206747e-18
  4.00800000e-05   1.55764663e-03   8.15933423e-04  -1.95280259e-02  -9.80764742e-17   6.73800967e-17  -5.00771645e-18
  4.01600000e-05   1.57499002e-03   8.25212801e-04  -1.95511141e-02  -1.07335574e-16   5.23349697e-17  -6.43773906e-18
  4.02400000e-05   1.59763606e-03   8.34433984e-04  -1.95990390e-02  -1.14383480e-16   3.61274698e-17  -7.78595236e-18
  4.03200000e-05   1.61485929e-03   8.42880402e-04  -1.96333400e-02  -1.18836103e-16   1.88437187e-17  -8.96539169e-18
  4.04000000e-05   1.63098752e-03   8.50759857e-04  -1.96682914e-02  -1.20632042e-16   9.84173530e-19  -9.96080726e-18
  4.04800000e-05   1.64599613e-03   8.58067172e-04  -1.97037968e-02  -1.19701371e-16  -1.70462411e-17  -1.07418289e-17
  4.05600000e-05   1.65988573e-03   8.64810116e-04  -1.97397462e-02  -1.16035930e-16  -3.48322862e-17  -1.12833111e-17
  4.06400000e-05   1.67268241e-03   8.71009384e-04  -1.97760188e-02  -1.09690865e-16  -5.19577827e-17  -1.15662156e-17
  4.07200000e-05   1.68443750e-03   8.76698263e-04  -1.98124853e-02  -1.00784746e-16  -6.80153148e-17  -1.15782806e-17
  4.08000000e-05   1.69522658e-03   8.81922010e-04  -1.98490113e-02  -8.94981938e-17  -8.26160423e-17  -1.13144489e-17
  4.08800000e-05   1.70572807e-03   8.89309115e-04  -1.98695703e-02  -7.60854759e-17  -9.52796993e-17  -1.07961186e-17
  4.09600000e-05   1.71464373e-03   8.94406019e-04  -1.99039844e-02  -6.08534123e-17  -1.05912500e-16  -1.00015502e-17
  4.10400000e-05   1.72291434e-03   8.99185097e-04  -1.99382893e-02  -4.41226210e-17  -1.14137920e-16  -8.96017756e-18
  4.11200000e-05   1.72425506e-03   8.96984430e-04  -1.99940838e-02  -2.61216034e-17  -1.20044942e-16  -7.63819700e-18
  4.12000000e-05   1.72879508e-03   8.99496263e-04  -2.00320234e-02  -7.45642970e-18  -1.22919970e-16  -6.16296665e-18
  4.12800000e-05   1.73320981e-03   9.01995418e-04  -2.00693159e-02   1.14875211e-17  -1.22884291e-16  -4.53083618e-18
  4.13600000e-05   1.73769683e-03   9.04585427e-04  -2.01058363e-02   3.02541892e-17  -1.19906481e-16  -2.77994141e-18
  4.14400000e-05   1.74245302e-03   9.07368183e-04  -2.01414777e-02   4.83848509e-17  -1.14027201e-16  -9.51088328e-19
  4.15200000e-05   1.74766975e-03   9.10441448e-04  -2.01761535e-02   6.54296875e-17  -1.05359595e-16   9.13243609e-19
  4.16000000e-05   1.77155864e-03   9.27741098e-04  -2.01616500e-02   8.04036859e-17  -9.33785023e-17   2.76806562e-18
  4.16800000e-05   1.77916866e-03   9.31844567e-04  -2.01992129e-02   9.39129231e-17  -7.98892976e-17   4.58644217e-18
  4.17600000e-05   1.78780387e-03   9.36526789e-04  -2.02357189e-02   1.05186247e-16  -6.43709962e-17   6.31394505e-18
  4.18400000e-05   1.79760011e-03   9.41855763e-04  -2.02711377e-02   1.13920738e-16  -4.71850643e-17   7.90988685e-18
  4.19200000e-05   1.80866536e-03   9.47883919e-04  -2.03054656e-02   1.19872988e-16  -2.87399925e-17   9.33580881e-18
  4.20000000e-05   1.82107677e-03   9.54646658e-04  -2.03387264e-02   1.22866430e-16  -9.48152531e-18   1.05561033e-17
  4.20800000e-05   1.83487842e-03   9.62161304e-04  -2.03709708e-02   1.22796981e-16   1.01182856e-17   1.15386231e-17
  4.21600000e-05   1.85007990e-03   9.70426491e-04  -2.04022753e-02   1.19636824e-16   2.95729043e-17   1.22553005e-17
  4.22400000e-05   1.86665574e-03   9.79422016e-04  -2.04327409e-02   1.13436192e-16   4.83936796e-17   1.26827897e-17
  4.23200000e-05   1.89805543e-03   9.93811092e-04  -2.04777253e-02   1.04303948e-16   6.64271384e-17   1.28916029e-17
  4.24000000e-05   1.91823021e-03   1.00500840e-03  -2.05089424e-02   9.24096319e-17   8.26022656e-17   1.26909966e-17
  4.24800000e-05   1.93956501e-03   1.01679062e-03  -2.05399785e-02   7.80717726e-17   9.67807791e-17   1.21631611e-17
  4.25600000e-05   1.96189018e-03   1.02906406e-03  -2.05710211e-02   6.16304602e-17   1.08585655e-16   1.13097833e-17
  4.26400000e-05   1.98817596e-03   1.04420331e-03  -2.06552007e-02   4.35727307e-17   1.17965353e-16   1.01577356e-17
  4.27200000e-05   2.01207118e-03   1.05713634e-03  -2.06927504e-02   2.40816718e-17   1.24172634e-16   8.68523704e-18
  4.28000000e-05   2.03633886e-03   1.07022878e-03  -2.07310679e-02   3.79209224e-18   1.27223026e-16   6.94029510e-18
  4.28800000e-05   2.06072978e-03   1.08334702e-03  -2.07702826e-02  -1.67839770e-17   1.27002407e-16   4.95902920e-18
  4.29600000e-05   2.08498893e-03   1.09635544e-03  -2.08105017e-02  -3.71196526e-17   1.23478363e-16   2.78619476e-18
  4.30400000e-05   2.12971789e-03   1.12129537e-03  -2.07470373e-02  -5.68253298e-17   1.16839559e-16   4.81501756e-19
  4.31200000e-05   2.15519256e-03   1.13488973e-03  -2.07800626e-02  -7.50478225e-17   1.07009465e-16  -1.93928992e-18
  4.32000000e-05   2.17971031e-03   1.14794615e-03  -2.08142618e-02  -9.14968463e-17   9.43139403e-17  -4.38013586e-18
  4.32800000e-05   2.20417133e-03   1.15690123e-03  -2.08558266e-02  -1.05672930e-16   7.90876967e-17  -6.78105895e-18
  4.33600000e-05   2.22592037e-03   1.16817293e-03  -2.08977826e-02  -1.17316544e-16   6.16227419e-17  -9.05126007e-18
  4.34400000e-05   2.24610385e-03   1.17860338e-03  -2.09410138e-02  -1.26019163e-16   4.23724360e-17  -1.11318312e-17
  4.35200000e-05   2.26459017e-03   1.18813287e-03  -2.09855086e-02  -1.31515277e-16   2.18185796e-17  -1.29567903e-17
  4.36000000e-05   2.28129068e-03   1.19672455e-03  -2.10312219e-02  -1.33618483e-16   4.85765136e-19  -1.44661719e-17
  4.36800000e-05   2.29616260e-03   1.20436582e-03  -2.10780764e-02  -1.32228154e-16  -2.10711478e-17  -1.56083841e-17
  4.37600000e-05   2.33313376e-03   1.22547298e-03  -2.11401062e-02  -1.27787329e-16  -4.18579134e-17  -1.65297502e-17
  4.38400000e-05   2.34557581e-03   1.23235827e-03  -2.11927891e-02  -1.19565930e-16  -6.22434698e-17  -1.68527703e-17
  4.39200000e-05   2.35620168e-03   1.23830930e-03  -2.12460678e-02  -1.08073317e-16  -8.11708439e-17  -1.67163706e-17
  4.40000000e-05   2.36517280e-03   1.24341596e-03  -2.12997362e-02  -9.35729164e-17  -9.81017061e-17  -1.61174458e-17
  4.40800000e-05   2.37269660e-03   1.24779170e-03  -2.13535764e-02  -7.64164068e-17  -1.12541000e-16  -1.50672969e-17
  4.41600000e-05   2.37902151e-03   1.25157076e-03  -2.14073636e-02  -5.70365718e-17  -1.24052125e-16  -1.35911759e-17
  4.42400000e-05   2.38443072e-03   1.25490474e-03  -2.14608728e-02  -3.59375208e-17  -1.32271072e-16  -1.17273014e-17
  4.43200000e-05   2.38923480e-03   1.25795872e-03  -2.15138850e-02  -1.36824224e-17  -1.36918982e-16  -9.52542727e-18
  4.44000000e-05   2.39376343e-03   1.26090674e-03  -2.15661928e-02   9.12101233e-18  -1.37812675e-16  -7.04507222e-18
  4.44800000e-05   2.41415585e-03   1.26830887e-03  -2.15990950e-02   3.16189155e-17  -1.34393344e-16  -4.35755666e-18
  4.45600000e-05   2.41897051e-03   1.27123337e-03  -2.16561741e-02   5.35446549e-17  -1.27756750e-16  -1.51853709e-18
  4.46400000e-05   2.42459683e-03   1.27462383e-03  -2.17121375e-02   7.41304946e-17  -1.17457721e-16   1.38273591e-18
  4.47200000e-05   2.43137586e-03   1.27864922e-03  -2.17668442e-02   9.27650572e-17  -1.03736192e-16   4.26816674e-18
  4.48000000e-05   2.43961850e-03   1.28346174e-03  -2.18201881e-02   1.08881395e-16  -8.69372952e-17   7.05990128e-18
  4.48800000e-05   2.44959604e-03   1.28919221e-03  -2.18721013e-02   1.21975313e-16  -6.75035785e-17   9.68197581e-18
  4.49600000e-05   2.46153186e-03   1.29594598e-03  -2.19225568e-02   1.31622260e-16  -4.59638987e-17   1.20618073e-17
  4.50400000e-05   2.47559423e-03   1.30379953e-03  -2.19715703e-02   1.37492167e-16  -2.29192611e-17   1.41315659e-17
  4.51200000e-05   2.50387112e-03   1.31888852e-03  -2.19739597e-02   1.38849743e-16   1.31213437e-18   1.59002940e-17
  4.52000000e-05   2.51846987e-03   1.32734330e-03  -2.20756020e-02   1.37043791e-16   2.51116091e-17   1.71443743e-17
  4.52800000e-05   2.54140551e-03   1.34008588e-03  -2.21280005e-02   1.30707897e-16   4.86512486e-17   1.79581802e-17
  4.53600000e-05   2.56668849e-03   1.35402154e-03  -2.21798175e-02   1.20396542e-16   7.09512183e-17   1.82638968e-17
  4.54400000e-05   2.59414397e-03   1.36905639e-03  -2.22312994e-02   1.06361376e-16   9.13296883e-17   1.80354827e-17
  4.55200000e-05   2.62353013e-03   1.38506258e-03  -2.22827055e-02   8.89705194e-17   1.09150396e-16   1.72598865e-17
  4.56000000e-05   2.65454439e-03   1.40188166e-03  -2.23342998e-02   6.86996903e-17   1.23842572e-16   1.59386688e-17
  4.56800000e-05   2.68683150e-03   1.41932877e-03  -2.23863433e-02   4.61199633e-17   1.34919261e-16   1.40894542e-17
  4.57600000e-05   2.71999343e-03   1.43719785e-03  -2.24390853e-02   2.18824867e-17   1.41993514e-16   1.17470472e-17
  4.58400000e-05   2.75360067e-03   1.45526748e-03  -2.24927557e-02  -3.29943381e-18   1.44791993e-16   8.96403082e-18
  4.59200000e-05   2.81340594e-03   1.48501840e-03  -2.24817767e-02  -2.90101794e-17   1.43501271e-16   5.84849762e-18
  4.60000000e-05   2.85207727e-03   1.50540375e-03  -2.25300896e-02  -5.38424070e-17   1.37496284e-16   2.37126072e-18
  4.60800000e-05   2.88981775e-03   1.52526476e-03  -2.25797333e-02  -7.73134972e-17   1.27175621e-16  -1.30406431e-18
  4.61600000e-05   2.92615015e-03   1.54435805e-03  -2.26308956e-02  -9.86813917e-17   1.12793506e-16  -5.06223934e-18
  4.62400000e-05   2.96063420e-03   1.56246062e-03  -2.26837188e-02  -1.17254720e-16   9.47333898e-17  -8.77859333e-18
  4.63200000e-05   2.99288078e-03   1.57937703e-03  -2.27382938e-02  -1.32414821e-16   7.34995946e-17  -1.23236248e-17
  4.64000000e-05   3.02256492e-03   1.59494602e-03  -2.27946573e-02  -1.43636277e-16   4.97052130e-17  -1.55682463e-17
  4.64800000e-05   3.04943711e-03   1.60904611e-03  -2.28527903e-02  -1.50505361e-16   2.40564057e-17  -1.83893853e-17
  4.65600000e-05   3.07394577e-03   1.62334220e-03  -2.29646114e-02  -1.53030034e-16  -2.83370421e-18  -2.06842646e-17
  4.66400000e-05   3.09579997e-03   1.63526484e-03  -2.30412785e-02  -1.50522343e-16  -2.99601874e-17  -2.23503182e-17
  4.67200000e-05   3.11444600e-03   1.64550399e-03  -2.31190256e-02  -1.43174472e-16  -5.65084998e-17  -2.33095517e-17
  4.68000000e-05   3.13001985e-03   1.65414004e-03  -2.31975808e-02  -1.31128823e-16  -8.15998109e-17  -2.35116471e-17
  4.68800000e-05   3.14275823e-03   1.66130605e-03  -2.32766435e-02  -1.14686632e-16  -1.04378191e-16  -2.29344268e-17
  4.69600000e-05   3.15299284e-03   1.66718447e-03  -2.33558930e-02  -9.43040046e-17  -1.24040474e-16  -2.15850537e-17
  4.70400000e-05   3.16114121e-03   1.67200206e-03  -2.34349989e-02  -7.05823953e-17  -1.39865866e-16  -1.94997634e-17
  4.71200000e-05   3.16769443e-03   1.67602314e-03  -2.35136321e-02  -4.42534529e-17  -1.51244151e-16  -1.67422078e-17
  4.72000000e-05   3.17320204e-03   1.67954145e-03  -2.35914751e-02  -1.61584095e-17  -1.57701291e-16  -1.34005929e-17
  4.72800000e-05   3.18762027e-03   1.68463091e-03  -2.36298480e-02   1.26843413e-17  -1.58324555e-16  -9.57626031e-18
  4.73600000e-05   3.18774941e-03   1.68433550e-03  -2.37088084e-02   4.14349693e-17  -1.54338122e-16  -5.39347555e-18
  4.74400000e-05   3.18869359e-03   1.68454769e-03  -2.37864608e-02   6.90894929e-17  -1.45028690e-16  -1.00908336e-18
  4.75200000e-05   3.19112944e-03   1.68562535e-03  -2.38626441e-02   9.46654197e-17  -1.30619110e-16   3.43275977e-18
  4.76000000e-05   3.19568929e-03   1.68790031e-03  -2.39372452e-02   1.17228708e-16  -1.11519023e-16   7.78675792e-18
  4.76800000e-05   3.20293832e-03   1.69166627e-03  -2.40102048e-02   1.35929440e-16  -8.83155400e-17   1.19104853e-17
  4.77600000e-05   3.21335355e-03   1.69716785e-03  -2.40815201e-02   1.50035598e-16  -6.17568195e-17   1.56678537e-17
  4.78400000e-05   3.22730551e-03   1.70459113e-03  -2.41512464e-02   1.58963514e-16  -3.27289961e-17   1.89321188e-17
  4.79200000e-05   3.24504328e-03   1.71405602e-03  -2.42194967e-02   1.62303601e-16  -2.22717904e-18   2.15885865e-17
  4.80000000e-05   3.26668360e-03   1.72561091e-03  -2.42864385e-02   1.59840208e-16   2.86784600e-17   2.35372201e-17
  4.80800000e-05   3.32734097e-03   1.76288012e-03  -2.43252948e-02   1.50689904e-16   5.95320096e-17   2.49265010e-17
  4.81600000e-05   3.35923363e-03   1.78060855e-03  -2.43990644e-02   1.36718209e-16   8.77992610e-17   2.52306610e-17
  4.82400000e-05   3.39481439e-03   1.80030459e-03  -2.44721085e-02   1.17559751e-16   1.13206154e-16   2.46361728e-17
  4.83200000e-05   3.43360918e-03   1.82170261e-03  -2.45447836e-02   9.38226848e-17   1.34769333e-16   2.31275242e-17
  4.84000000e-05   3.47501939e-03   1.84447085e-03  -2.46174646e-02   6.62992149e-17   1.51624158e-16   2.07193309e-17
  4.84800000e-05   3.51834147e-03   1.86822232e-03  -2.46905303e-02   3.59409630e-17   1.63059738e-16   1.74595044e-17
  4.85600000e-05   3.56279082e-03   1.89252801e-03  -2.47643489e-02   3.82779726e-18   1.68549332e-16   1.34314847e-17
  4.86400000e-05   3.60752929e-03   1.91693193e-03  -2.48392636e-02  -2.88689054e-17   1.67774976e-16   8.75500139e-18
  4.87200000e-05   3.70316890e-03   1.96438274e-03  -2.49024227e-02  -6.15193106e-17   1.61786238e-16   3.61385308e-18
  4.88000000e-05   3.75198491e-03   1.99032306e-03  -2.49866415e-02  -9.19932453e-17   1.48471751e-16  -1.98708254e-18
  4.88800000e-05   3.79833958e-03   2.01488781e-03  -2.50728268e-02  -1.19421677e-16   1.29257890e-16  -7.70411482e-18
  4.89600000e-05   3.84140583e-03   2.03764261e-03  -2.51611072e-02  -1.42683512e-16   1.04754334e-16  -1.33004234e-17
  4.90400000e-05   3.88046911e-03   2.05821535e-03  -2.52515299e-02  -1.60786338e-16   7.57936373e-17  -1.85306313e-17
  4.91200000e-05   3.91495791e-03   2.07631216e-03  -2.53440582e-02  -1.72909518e-16   4.34080136e-17  -2.31535492e-17
  4.92000000e-05   3.94446954e-03   2.09173083e-03  -2.54385718e-02  -1.78442813e-16   8.79718346e-18  -2.69457304e-17
  4.92800000e-05   3.96879010e-03   2.10437096e-03  -2.55348704e-02  -1.77018829e-16  -2.67121822e-17  -2.97147746e-17
  4.93600000e-05   3.98790751e-03   2.11424037e-03  -2.56326805e-02  -1.68537593e-16  -6.17144853e-17  -3.13112625e-17
  4.94400000e-05   4.04931045e-03   2.14481571e-03  -2.56911870e-02  -1.53670614e-16  -9.34928728e-17  -3.20259631e-17
  4.95200000e-05   4.06149925e-03   2.15057142e-03  -2.58020586e-02  -1.32231567e-16  -1.23364977e-16  -3.10968833e-17
  4.96000000e-05   4.06925957e-03   2.15402539e-03  -2.59135346e-02  -1.05080468e-16  -1.48700309e-16  -2.88615179e-17
  4.96800000e-05   4.07342122e-03   2.15563586e-03  -2.60251222e-02  -7.32009729e-17  -1.68327112e-16  -2.53997023e-17
  4.97600000e-05   4.07497446e-03   2.15594380e-03  -2.61363169e-02  -3.78111542e-17  -1.81275926e-16  -2.08483926e-17
  4.98400000e-05   4.07503215e-03   2.15555205e-03  -2.62466222e-02  -3.21359629e-19  -1.86831505e-16  -1.53937745e-17
  4.99200000e-05   4.07478543e-03   2.15510127e-03  -2.63555706e-02   3.77192097e-17  -1.84575934e-16  -9.26112159e-18
  5.00000000e-05   4.07545456e-03   2.15524337e-03  -2.64627437e-02   7.46854522e-17  -1.74420163e-16  -2.70345107e-18
  5.00800000e-05   4.07823699e-03   2.15661365e-03  -2.65677910e-02   1.08946404e-16  -1.56621585e-16   4.01000612e-18
  5.01600000e-05   4.10262889e-03   2.17364695e-03  -2.66660899e-02   1.38600823e-16  -1.31376501e-16   1.06150400e-17
  5.02400000e-05   4.11507301e-03   2.18131354e-03  -2.67761777e-02   1.62859392e-16  -1.00543832e-16   1.68381264e-17
  5.03200000e-05   4.13308175e-03   2.19199907e-03  -2.68833723e-02   1.80244985e-16  -6.48219293e-17   2.24256705e-17
  5.04000000e-05   4.15732094e-03   2.20605093e-03  -2.69877332e-02   1.89811657e-16  -2.57002163e-17   2.71386998e-17
  5.04800000e-05   4.18818785e-03   2.22367122e-03  -2.70894493e-02   1.90943528e-16   1.51315350e-17   3.07630810e-17
  5.05600000e-05   4.22578723e-03   2.24490441e-03  -2.71888340e-02   1.83395931e-16   5.58556973e-17   3.31159065e-17
  5.06400000e-05   4.26992002e-03   2.26963177e-03  -2.72863138e-02   1.67319915e-16   9.46078760e-17   3.40525181e-17
  5.07200000e-05   4.32008546e-03   2.29757307e-03  -2.73824116e-02   1.43268342e-16   1.29562776e-16   3.34744594e-17
  5.08000000e-05   4.37549719e-03   2.32829575e-03  -2.74777232e-02   1.12182758e-16   1.59020797e-16   3.13382146e-17
  5.08800000e-05   4.45072178e-03   2.36606405e-03  -2.75579948e-02   7.51772818e-17   1.81805315e-16   2.77507922e-17
  5.09600000e-05   4.52277107e-03   2.40454148e-03  -2.76634834e-02   3.40944095e-17   1.96283483e-16   2.26353629e-17
  5.10400000e-05   4.59656464e-03   2.44379401e-03  -2.77700410e-02  -9.34623495e-18   2.01691178e-16   1.62020330e-17
  5.11200000e-05   4.67042671e-03   2.48292163e-03  -2.78783691e-02  -5.31281960e-17   1.97545054e-16   8.69339021e-18
  5.12000000e-05   4.74264437e-03   2.52101217e-03  -2.79890901e-02  -9.51547398e-17   1.83801960e-16   4.31664205e-19
  5.12800000e-05   4.81154888e-03   2.55718479e-03  -2.81027149e-02  -1.33346119e-16   1.60879030e-16  -8.19152024e-18
  5.13600000e-05   4.87559775e-03   2.59063348e-03  -2.82196159e-02  -1.65740304e-16   1.29653630e-16  -1.67329711e-17
  5.14400000e-05   4.93345387e-03   2.62066867e-03  -2.83400063e-02  -1.90593005e-16   9.14418607e-17  -2.47227531e-17
  5.15200000e-05   4.98405748e-03   2.64675465e-03  -2.84639273e-02  -2.06472533e-16   4.79549004e-17  -3.16943657e-17
  5.16000000e-05   5.05305543e-03   2.68276382e-03  -2.85840504e-02  -2.12682942e-16   1.83076145e-18  -3.74260183e-17
  5.16800000e-05   5.09411408e-03   2.70412930e-03  -2.87291880e-02  -2.08269255e-16  -4.58864936e-17  -4.12483066e-17
  5.17600000e-05   5.12597427e-03   2.72063012e-03  -2.88773362e-02  -1.93185299e-16  -9.22729234e-17  -4.29853833e-17
  5.18400000e-05   5.14917237e-03   2.73258511e-03  -2.90278226e-02  -1.67889369e-16  -1.34866120e-16  -4.24773318e-17
  5.19200000e-05   5.16470138e-03   2.74055353e-03  -2.91798447e-02  -1.33398507e-16  -1.71298621e-16  -3.96992001e-17
  5.20000000e-05   5.17397230e-03   2.74531276e-03  -2.93325073e-02  -9.12653531e-17  -1.99433625e-16  -3.47638909e-17
  5.20800000e-05   5.08271202e-03   2.69524459e-03  -2.95202541e-02  -4.21586110e-17  -2.19747276e-16  -2.73220120e-17
  5.21600000e-05   5.06703868e-03   2.68702713e-03  -2.96722319e-02   9.51384355e-18  -2.26400799e-16  -1.88775174e-17
  5.22400000e-05   5.05136957e-03   2.67898713e-03  -2.98221024e-02   6.16362651e-17  -2.20800482e-16  -9.39484719e-18
  5.23200000e-05   5.14705721e-03   2.73260919e-03  -2.99354360e-02   1.09842291e-16  -2.00358373e-16   5.96731659e-19
  5.24000000e-05   5.14054041e-03   2.72975319e-03  -3.01006880e-02   1.53790037e-16  -1.71429595e-16   1.07174764e-17
  5.24800000e-05   5.14148577e-03   2.73097701e-03  -3.02619928e-02   1.89957825e-16  -1.32250821e-16   2.03387631e-17
  5.25600000e-05   5.15183528e-03   2.73728772e-03  -3.04192713e-02   2.16022647e-16  -8.47666554e-17   2.89580365e-17
  5.26400000e-05   5.17303294e-03   2.74942219e-03  -3.05726707e-02   2.30162832e-16  -3.14859292e-17   3.61130308e-17
  5.27200000e-05   5.20592716e-03   2.76779679e-03  -3.07225659e-02   2.31193220e-16   2.46446369e-17   4.13958395e-17
  5.28000000e-05   5.25070441e-03   2.79247406e-03  -3.08695472e-02   2.18667252e-16   8.03996779e-17   4.44668368e-17
  5.28800000e-05   5.30685931e-03   2.82314889e-03  -3.10143933e-02   1.92937647e-16   1.32458451e-16   4.50707794e-17
  5.29600000e-05   5.37320457e-03   2.85915600e-03  -3.11580300e-02   1.55169930e-16   1.77601589e-16   4.30563302e-17
  5.30400000e-05   5.44792183e-03   2.89949904e-03  -3.13014765e-02   1.07306082e-16   2.12909971e-16   3.83984253e-17
  5.31200000e-05   5.62730180e-03   3.00090312e-03  -3.13926603e-02   5.00908880e-17   2.37749538e-16   3.17061334e-17
  5.32000000e-05   5.72393667e-03   3.05377504e-03  -3.15539310e-02  -1.00065851e-17   2.46618157e-16   2.20523811e-17
  5.32800000e-05   5.82070940e-03   3.10656364e-03  -3.17181512e-02  -7.08004599e-17   2.40349616e-16   1.05476663e-17
  5.33600000e-05   5.91412469e-03   3.15739372e-03  -3.18862256e-02  -1.28488235e-16   2.18831229e-16  -2.16266091e-18
  5.34400000e-05   6.00081458e-03   3.20446823e-03  -3.20588204e-02  -1.79300202e-16   1.82911331e-16  -1.52785945e-17
  5.35200000e-05   6.08095441e-03   3.24007480e-03  -3.22006066e-02  -2.19448525e-16   1.34511866e-16  -2.79071751e-17
  5.36000000e-05   6.14525416e-03   3.27463493e-03  -3.23800661e-02  -2.46531566e-16   7.62694690e-17  -3.90747955e-17
  5.36800000e-05   6.19554626e-03   3.30169446e-03  -3.25644497e-02  -2.58087734e-16   1.16765934e-17  -4.79185726e-17
  5.37600000e-05   6.35008923e-03   3.37975523e-03  -3.26844701e-02  -2.53830793e-16  -5.21577251e-17  -5.47088119e-17
  5.38400000e-05   6.37977449e-03   3.39524907e-03  -3.29061404e-02  -2.32483841e-16  -1.17229836e-16  -5.71692378e-17
  5.39200000e-05   6.39383929e-03   3.40261655e-03  -3.31307255e-02  -1.94840641e-16  -1.76027106e-16  -5.56804132e-17
  5.40000000e-05   6.39453078e-03   3.40310540e-03  -3.33567816e-02  -1.42874675e-16  -2.24195526e-16  -5.02619687e-17
  5.40800000e-05   6.38507216e-03   3.39846769e-03  -3.35827323e-02  -7.96845069e-17  -2.57910335e-16  -4.12501060e-17
  5.41600000e-05   6.36947074e-03   3.39085452e-03  -3.38069675e-02  -9.34470086e-18  -2.74200561e-16  -2.92630508e-17
  5.42400000e-05   6.35225906e-03   3.38267614e-03  -3.40279499e-02   6.33322733e-17  -2.71232842e-16  -1.51401968e-17
  5.43200000e-05   6.33818478e-03   3.37643636e-03  -3.42443233e-02   1.33113207e-16  -2.48525705e-16   1.33303112e-19
  5.44000000e-05   6.33187029e-03   3.37455227e-03  -3.44550161e-02   1.94721627e-16  -2.07069203e-16   1.55038742e-17
  5.44800000e-05   6.33746674e-03   3.37917262e-03  -3.46593335e-02   2.43248589e-16  -1.49331671e-16   2.99187042e-17
  5.45600000e-05   6.39868943e-03   3.41735582e-03  -3.48377990e-02   2.73740278e-16  -7.82830689e-17   4.25990724e-17
  5.46400000e-05   6.44878438e-03   3.44545962e-03  -3.50556285e-02   2.84774041e-16  -7.13005561e-19   5.23165560e-17
  5.47200000e-05   6.51964729e-03   3.48476715e-03  -3.52666179e-02   2.74042325e-16   7.87448649e-17   5.84424293e-17
  5.48000000e-05   6.61081217e-03   3.53498712e-03  -3.54720652e-02   2.41590391e-16   1.53929605e-16   6.03643419e-17
  5.48800000e-05   6.72021967e-03   3.59497086e-03  -3.56737496e-02   1.89215571e-16   2.18740291e-16   5.76876611e-17
  5.49600000e-05   6.84432049e-03   3.66277119e-03  -3.58738007e-02   1.20414307e-16   2.67631565e-16   5.02993064e-17
  5.50400000e-05   6.97830191e-03   3.73576732e-03  -3.60745285e-02   4.01846148e-17   2.96090183e-16   3.84355516e-17
  5.51200000e-05   7.11642684e-03   3.81085009e-03  -3.62782280e-02  -4.53061207e-17   3.01055804e-16   2.27370764e-17
  5.52000000e-05   7.25246535e-03   3.88465616e-03  -3.64869782e-02  -1.29167935e-16   2.81252766e-16   4.26958678e-18
  5.52800000e-05   7.44380101e-03   3.97856485e-03  -3.66645847e-02  -2.04924444e-16   2.38765719e-16  -1.56955790e-17
  5.53600000e-05   7.58349192e-03   4.05287323e-03  -3.69166752e-02  -2.65484080e-16   1.74014775e-16  -3.54321333e-17
  5.54400000e-05   7.70184756e-03   4.11554235e-03  -3.71787739e-02  -3.05023019e-16   9.22927198e-17  -5.29712520e-17
  5.55200000e-05   7.79510690e-03   4.16462927e-03  -3.74507695e-02  -3.19179742e-16   5.51397891e-21  -6.64343425e-17
  5.56000000e-05   7.86158197e-03   4.19931581e-03  -3.77316837e-02  -3.05593025e-16  -9.50879480e-17  -7.42545432e-17
  5.56800000e-05   7.90190552e-03   4.22003420e-03  -3.80197365e-02  -2.64272408e-16  -1.84478797e-16  -7.54019543e-17
  5.57600000e-05   7.91907834e-03   4.22848427e-03  -3.83124781e-02  -1.97786767e-16  -2.59653534e-16  -6.95394795e-17
  5.58400000e-05   7.91829516e-03   4.22753159e-03  -3.86069802e-02  -1.11227093e-16  -3.12923120e-16  -5.70783136e-17
  5.59200000e-05   7.59627745e-03   4.05722252e-03  -3.91136758e-02  -6.98974330e-18  -3.46429337e-16  -3.72922489e-17
  5.60000000e-05   7.83784376e-03   4.18611544e-03  -3.92022629e-02   9.48898584e-17  -3.30657222e-16  -1.63367462e-17
  5.60800000e-05   7.78447898e-03   4.15872680e-03  -3.95382259e-02   1.92282029e-16  -2.92356363e-16   7.10667128e-18
  5.61600000e-05   7.74961154e-03   4.14148467e-03  -3.98649497e-02   2.73854359e-16  -2.23883504e-16   2.99775820e-17
  5.62400000e-05   7.74193753e-03   4.13897478e-03  -4.01817519e-02   3.30595726e-16  -1.30835295e-16   5.02199973e-17
  5.63200000e-05   7.76769162e-03   4.15444550e-03  -4.04888848e-02   3.55533428e-16  -2.16882926e-17   6.59828298e-17
  5.64000000e-05   7.82990680e-03   4.18941985e-03  -4.07875880e-02   3.44637530e-16   9.29160230e-17   7.57030293e-17
  5.64800000e-05   7.92796532e-03   4.24346513e-03  -4.10800324e-02   2.97469347e-16   2.01170948e-16   7.81885597e-17
  5.65600000e-05   8.05750652e-03   4.31415428e-03  -4.13691432e-02   2.17478093e-16   2.91296573e-16   7.27360850e-17
  5.66400000e-05   8.21072506e-03   4.39723570e-03  -4.16583078e-02   1.11886259e-16   3.52808978e-16   5.92931320e-17
  5.67200000e-05   8.37705501e-03   4.48700820e-03  -4.19509999e-02  -8.85233165e-18   3.77742042e-16   3.86349592e-17
  5.68000000e-05   8.87084058e-03   4.75051984e-03  -4.20858135e-02  -1.37200106e-16   3.67774734e-16   1.25942891e-17
  5.68800000e-05   9.06365598e-03   4.85388527e-03  -4.24460710e-02  -2.51039799e-16   3.09827439e-16  -1.81753342e-17
  5.69600000e-05   9.22810001e-03   4.94169515e-03  -4.28193143e-02  -3.39950826e-16   2.14338453e-16  -4.85272815e-17
  5.70400000e-05   9.35283820e-03   5.00799044e-03  -4.32059025e-02  -3.92214718e-16   9.04322984e-17  -7.44212370e-17
  5.71200000e-05   9.43077931e-03   5.04911765e-03  -4.36046272e-02  -3.99662656e-16  -4.86196614e-17  -9.20685936e-17
  5.72000000e-05   9.46016493e-03   5.06429695e-03  -4.40128301e-02  -3.59019537e-16  -1.86640750e-16  -9.86436955e-17
  5.72800000e-05   9.44507419e-03   5.05587373e-03  -4.44266800e-02  -2.72782039e-16  -3.06355848e-16  -9.28573344e-17
  5.73600000e-05   9.39521915e-03   5.02918880e-03  -4.48415727e-02  -1.49438126e-16  -3.91588288e-16  -7.52287478e-17
  5.74400000e-05   9.32499269e-03   4.99204968e-03  -4.52526198e-02  -2.89816667e-18  -4.29564045e-16  -4.79846349e-17
  5.75200000e-05   9.50364522e-03   5.08906831e-03  -4.54932014e-02   1.44585710e-16  -4.06595351e-16  -1.52792111e-17
  5.76000000e-05   9.45206291e-03   5.06288071e-03  -4.59649449e-02   2.80169023e-16  -3.38004466e-16   2.03829015e-17
  5.76800000e-05   9.43755677e-03   5.05701141e-03  -4.64185381e-02   3.83310835e-16  -2.21461885e-16   5.38057118e-17
  5.77600000e-05   9.47556805e-03   5.07960051e-03  -4.68526898e-02   4.37907804e-16  -7.04981885e-17   8.09200618e-17
  5.78400000e-05   9.57491902e-03   5.13519330e-03  -4.72686861e-02   4.33617899e-16   9.55262521e-17   9.82130544e-17
  5.79200000e-05   9.73625117e-03   5.22392645e-03  -4.76704415e-02   3.67906931e-16   2.53797105e-16   1.02953771e-16
  5.80000000e-05   9.95151518e-03   5.34128290e-03  -4.80641171e-02   2.47080218e-16   3.81123499e-16   9.35107360e-17
  5.80800000e-05   1.02046676e-02   5.47849465e-03  -4.84573048e-02   8.60478145e-17   4.57307417e-16   6.98232309e-17
  5.81600000e-05   1.04735751e-02   5.62358968e-03  -4.88578843e-02  -9.32382925e-17   4.68353374e-16   3.39206040e-17
  5.82400000e-05   1.07329585e-02   5.76298917e-03  -4.92727537e-02  -2.64548304e-16   4.09079707e-16  -9.77952332e-18
  5.83200000e-05   1.12532186e-02   6.04278565e-03  -4.95750936e-02  -4.05660538e-16   2.90254852e-16  -5.67026434e-17
  5.84000000e-05   1.14822361e-02   6.16533752e-03  -5.01184077e-02  -4.86925990e-16   1.15433296e-16  -9.73557261e-17
  5.84800000e-05   1.16297150e-02   6.24385061e-03  -5.06877532e-02  -4.93409337e-16  -8.58428655e-17  -1.23781380e-16
  5.85600000e-05   1.16923498e-02   6.27683422e-03  -5.12777017e-02  -4.19137136e-16  -2.81845567e-16  -1.30072053e-16
  5.86400000e-05   1.16806977e-02   6.27024918e-03  -5.18793646e-02  -2.71384798e-16  -4.38736752e-16  -1.14129242e-16
  5.87200000e-05   1.16182684e-02   6.23696971e-03  -5.24816269e-02  -7.09586259e-17  -5.26537347e-16  -7.82828980e-17
  5.88000000e-05   1.15382074e-02   6.19495589e-03  -5.30727588e-02   1.50025969e-16  -5.25237222e-16  -2.86925102e-17
  5.88800000e-05   1.14779549e-02   6.16435087e-03  -5.36422726e-02   3.52894712e-16  -4.29719406e-16   2.61280576e-17
  5.89600000e-05   1.14727134e-02   6.16395909e-03  -5.41828259e-02   4.99148768e-16  -2.52236362e-16   7.69951745e-17
  5.90400000e-05   1.05297838e-02   5.66157193e-03  -5.52070603e-02   5.80051143e-16  -3.98034641e-17   1.06552729e-16
  5.91200000e-05   1.16250500e-02   6.25440202e-03  -5.53448500e-02   5.20114163e-16   2.26315967e-16   1.34824183e-16
  5.92000000e-05   1.18431898e-02   6.37336766e-03  -5.59912660e-02   3.74180637e-16   4.38073469e-16   1.29011114e-16
  5.92800000e-05   1.25682681e-02   6.76142437e-03  -5.63863525e-02   1.41110400e-16   5.80881978e-16   1.01107851e-16
  5.93600000e-05   1.30407730e-02   7.01671043e-03  -5.69385196e-02  -1.28934139e-16   6.05023324e-16   4.50287897e-17
  5.94400000e-05   1.34959540e-02   7.26158021e-03  -5.75193984e-02  -3.83947257e-16   5.05032322e-16  -2.63285401e-17
  5.95200000e-05   1.38801652e-02   7.46736161e-03  -5.81425016e-02  -5.68937767e-16   2.93491202e-16  -9.81269318e-17
  5.96000000e-05   1.41521395e-02   7.61224222e-03  -5.88123998e-02  -6.39195135e-16   8.40095236e-18  -1.52723383e-16
  5.96800000e-05   1.42929645e-02   7.68656658e-03  -5.95235698e-02  -5.71366558e-16  -2.91888880e-16  -1.74891145e-16
  5.97600000e-05   1.29556993e-02   6.97124146e-03  -6.10004148e-02  -3.49613992e-16  -5.68488125e-16  -1.39221377e-16
  5.98400000e-05   1.39531280e-02   7.50832334e-03  -6.11441109e-02  -6.21490898e-17  -6.63166796e-16  -9.56174660e-17
  5.99200000e-05   1.36571616e-02   7.34985441e-03  -6.20829332e-02   2.61891419e-16  -6.40981166e-16  -1.82727324e-17
  6.00000000e-05   1.34274477e-02   7.22775196e-03  -6.29824403e-02   5.39898778e-16  -4.58608887e-16   6.24737835e-17
  6.00800000e-05   1.33435260e-02   7.18466038e-03  -6.38393088e-02   6.97387362e-16  -1.50830473e-16   1.28791192e-16
  6.01600000e-05   1.34523016e-02   7.24551370e-03  -6.46598035e-02   6.84029128e-16   2.11401615e-16   1.65999258e-16
  6.02400000e-05   1.37536680e-02   7.40986839e-03  -6.54599440e-02   4.90404988e-16   5.36107952e-16   1.63723891e-16
  6.03200000e-05   1.41971621e-02   7.65020025e-03  -6.62624803e-02   1.55581347e-16   7.32731028e-16   1.17930278e-16
  6.04000000e-05   1.46725568e-02   7.93453467e-03  -6.70774337e-02  -2.38166674e-16   7.36382864e-16   3.50094091e-17
  6.04800000e-05   1.51280732e-02   8.15217774e-03  -6.79613232e-02  -5.82007336e-16   5.32280701e-16  -6.57050585e-17
  6.05600000e-05   1.54078925e-02   8.30222742e-03  -6.88783931e-02  -7.72355173e-16   1.61834091e-16  -1.53266962e-16
  6.06400000e-05   1.69711450e-02   9.14182868e-03  -6.90824531e-02  -7.62120109e-16  -2.46822040e-16  -2.19888771e-16
  6.07200000e-05   1.68461145e-02   9.07365684e-03  -7.03691964e-02  -5.11291529e-16  -6.41975099e-16  -2.05179796e-16
  6.08000000e-05   1.65243311e-02   8.90050911e-03  -7.16462115e-02  -8.07673888e-17  -8.55205985e-16  -1.24869069e-16
  6.08800000e-05   1.61581202e-02   8.70475537e-03  -7.28767993e-02   4.03574529e-16  -7.98252268e-16  -5.86723025e-18
  6.09600000e-05   1.59227757e-02   8.58071688e-03  -7.40344164e-02   7.81377544e-16  -4.67548513e-16   1.13863232e-16
  6.10400000e-05   1.59359608e-02   8.61547525e-03  -7.50996952e-02   9.10728275e-16   4.29565585e-17   1.98182179e-16
  6.11200000e-05   1.62966891e-02   8.81413415e-03  -7.61139938e-02   7.25368344e-16   5.65637586e-16   2.20809698e-16
  6.12000000e-05   1.69243791e-02   9.15694535e-03  -7.71105606e-02   2.66924258e-16   9.11191724e-16   1.66789867e-16
  6.12800000e-05   1.76622529e-02   9.55824926e-03  -7.81412168e-02  -3.14816885e-16   9.36124398e-16   4.33488885e-17
  6.13600000e-05   1.83040543e-02   9.90598960e-03  -7.92460030e-02  -8.05759130e-16   6.03038722e-16  -1.10730677e-16
  6.14400000e-05   2.01775165e-02   1.09108737e-02  -7.95814739e-02  -1.02170792e-15   4.21479094e-17  -2.53270729e-16
  6.15200000e-05   2.03145247e-02   1.09834146e-02  -8.12970971e-02  -8.36642469e-16  -6.07784180e-16  -2.91173247e-16
  6.16000000e-05   2.00532057e-02   1.08133118e-02  -8.30423694e-02  -2.81597934e-16  -1.04488534e-15  -2.04059836e-16
  6.16800000e-05   1.95874372e-02   1.05889463e-02  -8.47345731e-02   4.36736371e-16  -1.04950403e-15  -3.01954153e-17
  6.17600000e-05   1.93168100e-02   1.04451752e-02  -8.62955927e-02   1.00575510e-15  -5.75057096e-16   1.55528314e-16
  6.18400000e-05   1.95019584e-02   1.05500926e-02  -8.77007769e-02   1.13989882e-15   1.97823159e-16   2.77275902e-16
  6.19200000e-05   2.02265516e-02   1.09476845e-02  -8.89935245e-02   7.32517884e-16   9.21247603e-16   2.79816302e-16
  6.20000000e-05   2.13207147e-02   1.15442986e-02  -9.02768948e-02  -6.24463655e-17   1.23220453e-15   1.42822103e-16
  6.20800000e-05   2.24214891e-02   1.21421749e-02  -9.16636660e-02  -8.72319177e-16   9.32857153e-16  -8.98041783e-17
  6.21600000e-05   2.31391523e-02   1.25301665e-02  -9.32130077e-02  -1.26928977e-15   1.20058524e-16  -2.98949005e-16
  6.22400000e-05   2.42799735e-02   1.31214542e-02  -9.39545322e-02  -1.00005591e-15  -7.80736243e-16  -3.67472703e-16
  6.23200000e-05   2.40598720e-02   1.30005097e-02  -9.64772451e-02  -1.68347801e-16  -1.33374973e-15  -2.21708785e-16
  6.24000000e-05   2.36564303e-02   1.27839377e-02  -9.88779460e-02   8.33628057e-16  -1.13866878e-15   5.22259360e-17
  6.24800000e-05   2.37264500e-02   1.28280050e-02  -1.00993897e-01   1.39938675e-15  -2.25567553e-16   3.00106233e-16
  6.25600000e-05   2.46778482e-02   1.33516188e-02  -1.02815550e-01   1.10911371e-15   8.95492210e-16   3.82498664e-16
  6.26400000e-05   2.63856633e-02   1.42835527e-02  -1.04525669e-01   6.18697814e-17   1.50390865e-15   2.21128780e-16
  6.27200000e-05   2.82162207e-02   1.52777183e-02  -1.06394465e-01  -1.10264490e-15   1.12651793e-15  -1.30663267e-16
  6.28000000e-05   2.93990730e-02   1.59166390e-02  -1.08582995e-01  -1.56519434e-15  -8.67227934e-17  -4.36491901e-16
  6.28800000e-05   2.95646808e-02   1.60031182e-02  -1.11020518e-01  -8.99887519e-16  -1.33038469e-15  -4.31408460e-16
