       time             b_x              b_y              b_z              F_x              F_y              F_z
  0.00000000e+00   1.52646055e-04   1.07947873e-04  -8.11197221e-03   1.71621811e-17   2.54303107e-16   3.70701698e-18
  8.00000000e-08   1.64511330e-04   1.16475763e-04  -8.11491170e-03   1.32299605e-18   2.54978184e-16   3.68659912e-18
  1.60000000e-07   1.76387273e-04   1.24999680e-04  -8.11865152e-03  -1.45416756e-17   2.54692991e-16   3.60547263e-18
  2.40000000e-07   1.88227915e-04   1.33486625e-04  -8.12317782e-03  -3.03765550e-17   2.53445625e-16   3.46094670e-18
  3.20000000e-07   1.99987351e-04   1.41903689e-04  -8.12847358e-03  -4.61260327e-17   2.51236941e-16   3.25114245e-18
  4.00000000e-07   2.11619901e-04   1.50218166e-04  -8.13451870e-03  -6.17342577e-17   2.48070608e-16   2.97503949e-18
  4.80000000e-07   2.23080273e-04   1.58397674e-04  -8.14129004e-03  -7.71452355e-17   2.43953177e-16   2.63251102e-18
  5.60000000e-07   2.35046421e-04   1.65352115e-04  -8.14922700e-03  -9.23081627e-17   2.38907913e-16   2.18514290e-18
  6.40000000e-07   2.46164208e-04   1.73086650e-04  -8.15739152e-03  -1.07158523e-16   2.32919667e-16   1.70847408e-18
  7.20000000e-07   2.56983883e-04   1.80587088e-04  -8.16619756e-03  -1.21644007e-16   2.26017766e-16   1.17010898e-18
  8.00000000e-07   2.67462767e-04   1.87823823e-04  -8.17561049e-03  -1.35709253e-16   2.18220945e-16   5.73647677e-19
  8.80000000e-07   2.77559356e-04   1.94768170e-04  -8.18559306e-03  -1.49299430e-16   2.09551165e-16  -7.64216542e-20
  9.60000000e-07   2.87233477e-04   2.01392475e-04  -8.19610551e-03  -1.62360417e-16   2.00033680e-16  -7.74766657e-19
  1.04000000e-06   2.96446453e-04   2.07670229e-04  -8.20710578e-03  -1.74839000e-16   1.89697090e-16  -1.51526783e-18
  1.12000000e-06   3.05178293e-04   2.16071288e-04  -8.21684338e-03  -1.86645046e-16   1.78536824e-16  -2.23727461e-18
  1.20000000e-06   3.13146735e-04   2.20191170e-04  -8.22865108e-03  -1.97798077e-16   1.66665832e-16  -3.06751097e-18
  1.28000000e-06   3.20751836e-04   2.25101863e-04  -8.24075084e-03  -2.08216092e-16   1.54081693e-16  -3.89547243e-18
  1.36000000e-06   3.27762848e-04   2.29579264e-04  -8.25316359e-03  -2.17852979e-16   1.40828104e-16  -4.73429369e-18
  1.44000000e-06   3.34150886e-04   2.33604855e-04  -8.26583835e-03  -2.26663676e-16   1.26950703e-16  -5.57518374e-18
  1.52000000e-06   3.39889421e-04   2.37161838e-04  -8.27872278e-03  -2.34605490e-16   1.12498481e-16  -6.40915018e-18
  1.60000000e-06   3.44954410e-04   2.40235219e-04  -8.29176345e-03  -2.41638377e-16   9.75237173e-17  -7.22712273e-18
  1.68000000e-06   3.49324411e-04   2.42811885e-04  -8.30490600e-03  -2.47725228e-16   8.20818756e-17  -8.02008044e-18
  1.76000000e-06   3.54655759e-04   2.49050525e-04  -8.31719741e-03  -2.52805025e-16   6.62255157e-17  -8.79686450e-18
  1.84000000e-06   3.57405347e-04   2.51103630e-04  -8.33005287e-03  -2.56890566e-16   5.00297117e-17  -9.51391556e-18
  1.92000000e-06   3.59403168e-04   2.52615153e-04  -8.34285854e-03  -2.59939639e-16   3.35530078e-17  -1.01820175e-17
  2.00000000e-06   3.60639957e-04   2.53578084e-04  -8.35556009e-03  -2.61930017e-16   1.68619231e-17  -1.07936051e-17
  2.08000000e-06   3.61109544e-04   2.53987650e-04  -8.36810344e-03  -2.62843774e-16   2.51662426e-20  -1.13417579e-17
  2.16000000e-06   3.60808912e-04   2.53841349e-04  -8.38043497e-03  -2.62667532e-16  -1.68866506e-17  -1.18203073e-17
  2.24000000e-06   3.60148798e-04   2.49755227e-04  -8.39541501e-03  -2.61484555e-16  -3.38146094e-17  -1.22231865e-17
  2.32000000e-06   3.58514095e-04   2.48162282e-04  -8.40759883e-03  -2.59119020e-16  -5.06735605e-17  -1.25449714e-17
  2.40000000e-06   3.56110524e-04   2.46053454e-04  -8.41939107e-03  -2.55650206e-16  -6.73897880e-17  -1.27825419e-17
  2.48000000e-06   3.52947096e-04   2.43436859e-04  -8.43074059e-03  -2.51084534e-16  -8.38881117e-17  -1.29337411e-17
  2.56000000e-06   3.49036077e-04   2.40322794e-04  -8.44159802e-03  -2.45433848e-16  -1.00093257e-16  -1.29975342e-17
  2.64000000e-06   3.44392957e-04   2.36723713e-04  -8.45191598e-03  -2.38715488e-16  -1.15930298e-16  -1.29740267e-17
  2.72000000e-06   3.39036410e-04   2.32654183e-04  -8.46164934e-03  -2.30952323e-16  -1.31325118e-16  -1.28644641e-17
  2.80000000e-06   3.34872888e-04   2.32554861e-04  -8.46904826e-03  -2.22123874e-16  -1.46176215e-16  -1.27968632e-17
  2.88000000e-06   3.28014186e-04   2.27616259e-04  -8.47740536e-03  -2.12363115e-16  -1.60462631e-16  -1.25252968e-17
  2.96000000e-06   3.20521903e-04   2.22222948e-04  -8.48508787e-03  -2.01660627e-16  -1.74094625e-16  -1.21771831e-17
  3.04000000e-06   3.11054337e-04   2.12882226e-04  -8.49627469e-03  -1.90158745e-16  -1.87098253e-16  -1.16497640e-17
  3.12000000e-06   3.02340743e-04   2.06773090e-04  -8.50252098e-03  -1.77698598e-16  -1.99238615e-16  -1.11640666e-17
  3.20000000e-06   2.93080062e-04   2.00315426e-04  -8.50795118e-03  -1.64442174e-16  -2.10534216e-16  -1.06215905e-17
  3.28000000e-06   2.83311383e-04   1.93536504e-04  -8.51254092e-03  -1.50448409e-16  -2.20929484e-16  -1.00301036e-17
  3.36000000e-06   2.73076069e-04   1.86465036e-04  -8.51626947e-03  -1.35780452e-16  -2.30373281e-16  -9.39788889e-18
  3.44000000e-06   2.62417572e-04   1.79131049e-04  -8.51911982e-03  -1.20505296e-16  -2.38819262e-16  -8.73360789e-18
  3.52000000e-06   2.51381234e-04   1.71565743e-04  -8.52107875e-03  -1.04693385e-16  -2.46226209e-16  -8.04615669e-18
  3.60000000e-06   2.41188013e-04   1.66258894e-04  -8.51979591e-03  -8.83899736e-17  -2.52490954e-16  -7.42945835e-18
  3.68000000e-06   2.27591688e-04   1.55745677e-04  -8.52249193e-03  -7.17600572e-17  -2.57789309e-16  -6.62735306e-18
  3.76000000e-06   2.15627941e-04   1.47705879e-04  -8.52186653e-03  -5.47884355e-17  -2.61891352e-16  -5.92555746e-18
  3.84000000e-06   2.03492638e-04   1.39562010e-04  -8.52033072e-03  -3.75865099e-17  -2.64845766e-16  -5.23582794e-18
  3.92000000e-06   1.91237583e-04   1.31348819e-04  -8.51789003e-03  -2.02350718e-17  -2.66640263e-16  -4.56598874e-18
  4.00000000e-06   1.78915061e-04   1.23101327e-04  -8.51455383e-03  -2.81548722e-18  -2.67268721e-16  -3.92326690e-18
  4.08000000e-06   1.66577587e-04   1.14854660e-04  -8.51033524e-03   1.45908222e-17  -2.66731188e-16  -3.31418390e-18
  4.16000000e-06   1.54977160e-04   1.07323670e-04  -8.50278552e-03   3.18945704e-17  -2.64958660e-16  -2.76302463e-18
  4.24000000e-06   1.42759884e-04   9.89820798e-05  -8.49735089e-03   4.90254991e-17  -2.62130491e-16  -2.22979455e-18
  4.32000000e-06   1.30680960e-04   9.07375861e-05  -8.49111829e-03   6.59069627e-17  -2.58173698e-16  -1.74456090e-18
  4.40000000e-06   1.18791418e-04   8.26249892e-05  -8.48411271e-03   8.24624733e-17  -2.53111538e-16  -1.31039088e-18
  4.48000000e-06   1.05364633e-04   7.34513947e-05  -8.47822155e-03   9.86383811e-17  -2.47022327e-16  -9.14240987e-19
  4.56000000e-06   9.43196216e-05   6.58664647e-05  -8.46915801e-03   1.14320452e-16  -2.39821665e-16  -5.91976610e-19
  4.64000000e-06   8.36179810e-05   5.85174873e-05  -8.45940382e-03   1.29458882e-16  -2.31617932e-16  -3.22553349e-19
