       time             b_x              b_y              b_z              F_x              F_y              F_z
  0.00000000e+00   1.33995541e-04   1.01998620e-04  -2.89514214e-03   1.08390675e-17   4.65429138e-17   2.14141463e-18
  8.00000000e-08   1.39538272e-04   1.06303247e-04  -2.89042545e-03   9.86074947e-18   4.66049207e-17   2.19006040e-18
  1.60000000e-07   1.45172877e-04   1.10684709e-04  -2.88458478e-03   8.88318153e-18   4.66242096e-17   2.23608755e-18
  2.40000000e-07   1.50822635e-04   1.15088215e-04  -2.88006777e-03   7.91232897e-18   4.66437287e-17   2.27824562e-18
  3.20000000e-07   1.56495505e-04   1.19507659e-04  -2.87562003e-03   6.94469501e-18   4.66423618e-17   2.31634671e-18
  4.00000000e-07   1.62189028e-04   1.23941135e-04  -2.87124114e-03   5.98063104e-18   4.66203283e-17   2.35026207e-18
  4.80000000e-07   1.67900753e-04   1.28386746e-04  -2.86693064e-03   5.02048228e-18   4.65778504e-17   2.37986971e-18
  5.60000000e-07   1.73628235e-04   1.32842602e-04  -2.86268806e-03   4.06458800e-18   4.65151519e-17   2.40505459e-18
  6.40000000e-07   1.79369042e-04   1.37306822e-04  -2.85851286e-03   3.11328169e-18   4.64324588e-17   2.42570876e-18
  7.20000000e-07   1.85120749e-04   1.41777532e-04  -2.85440450e-03   2.16689123e-18   4.63299990e-17   2.44173153e-18
  8.00000000e-07   1.90880945e-04   1.46252870e-04  -2.85036238e-03   1.22573914e-18   4.62080018e-17   2.45302954e-18
  8.80000000e-07   1.96647230e-04   1.50730983e-04  -2.84638589e-03   2.90142659e-19   4.60666981e-17   2.45951698e-18
  9.60000000e-07   2.03154872e-04   1.55720637e-04  -2.84225844e-03  -6.31052196e-19   4.58908076e-17   2.46914367e-18
  1.04000000e-06   2.09033922e-04   1.60216680e-04  -2.83822140e-03  -1.55359755e-18   4.57068061e-17   2.46571255e-18
  1.12000000e-06   2.14313768e-04   1.64634326e-04  -2.83469871e-03  -2.47146995e-18   4.55215977e-17   2.45696219e-18
  1.20000000e-06   2.20322922e-04   1.69167016e-04  -2.83066069e-03  -3.37980474e-18   4.52962933e-17   2.44394899e-18
  1.28000000e-06   2.26326862e-04   1.73694847e-04  -2.82668473e-03  -4.28063488e-18   4.50529260e-17   2.42568206e-18
  1.36000000e-06   2.32323263e-04   1.78216036e-04  -2.82276999e-03  -5.17367528e-18   4.47917495e-17   2.40212378e-18
  1.44000000e-06   2.38309814e-04   1.82728815e-04  -2.81891563e-03  -6.05864542e-18   4.45130184e-17   2.37324464e-18
  1.52000000e-06   2.44284227e-04   1.87231428e-04  -2.81512075e-03  -6.93526919e-18   4.42169877e-17   2.33902326e-18
  1.60000000e-06   2.50244235e-04   1.91722141e-04  -2.81138442e-03  -7.80327479e-18   4.39039133e-17   2.29944638e-18
  1.68000000e-06   2.56187590e-04   1.96199230e-04  -2.80770570e-03  -8.66239458e-18   4.35740518e-17   2.25450887e-18
  1.76000000e-06   2.62112067e-04   2.00660992e-04  -2.80408360e-03  -9.51236501e-18   4.32276602e-17   2.20421372e-18
  1.84000000e-06   2.68015466e-04   2.05105742e-04  -2.80051710e-03  -1.03529265e-17   4.28649964e-17   2.14857194e-18
  1.92000000e-06   2.74703730e-04   2.09902154e-04  -2.79672186e-03  -1.11762504e-17   4.24688797e-17   2.08964350e-18
  2.00000000e-06   2.80513119e-04   2.14325051e-04  -2.79332727e-03  -1.19968768e-17   4.20764374e-17   2.02366307e-18
  2.08000000e-06   2.86296741e-04   2.18726827e-04  -2.78998445e-03  -1.28074072e-17   4.16684579e-17   1.95244480e-18
  2.16000000e-06   2.93177884e-04   2.23907436e-04  -2.78508851e-03  -1.35846635e-17   4.12012580e-17   1.88236213e-18
  2.24000000e-06   2.98811716e-04   2.28254884e-04  -2.78177080e-03  -1.43724874e-17   4.07639166e-17   1.80097348e-18
  2.32000000e-06   3.04414887e-04   2.32576838e-04  -2.77849899e-03  -1.51494440e-17   4.03118191e-17   1.71455132e-18
  2.40000000e-06   3.09985304e-04   2.36871689e-04  -2.77527193e-03  -1.59152973e-17   3.98452329e-17   1.62315601e-18
  2.48000000e-06   3.15520899e-04   2.41137849e-04  -2.77208843e-03  -1.66698151e-17   3.93644267e-17   1.52685538e-18
  2.56000000e-06   3.21019632e-04   2.45373753e-04  -2.76894729e-03  -1.74127688e-17   3.88696706e-17   1.42572461e-18
  2.64000000e-06   3.24938189e-04   2.48135673e-04  -2.76695099e-03  -1.81754435e-17   3.84027864e-17   1.30945780e-18
  2.72000000e-06   3.30253540e-04   2.52175242e-04  -2.76380725e-03  -1.88971292e-17   3.78803789e-17   1.19822028e-18
  2.80000000e-06   3.35523537e-04   2.56178599e-04  -2.76070312e-03  -1.96065487e-17   3.73448603e-17   1.08251242e-18
  2.88000000e-06   3.41611199e-04   2.60292147e-04  -2.75726334e-03  -2.02977801e-17   3.67772433e-17   9.57064421e-19
  2.96000000e-06   3.46948817e-04   2.64325313e-04  -2.75419223e-03  -2.09794281e-17   3.62133266e-17   8.32661977e-19
  3.04000000e-06   3.52238271e-04   2.68318909e-04  -2.75115544e-03  -2.16480780e-17   3.56371476e-17   7.04009293e-19
  3.12000000e-06   3.57477687e-04   2.72271566e-04  -2.74815161e-03  -2.23035302e-17   3.50489943e-17   5.71231278e-19
  3.20000000e-06   3.62027760e-04   2.75615711e-04  -2.74451478e-03  -2.29478595e-17   3.44494001e-17   4.32511325e-19
  3.28000000e-06   3.67073692e-04   2.79320949e-04  -2.74148144e-03  -2.35777588e-17   3.38382749e-17   2.90705620e-19
  3.36000000e-06   3.72063705e-04   2.82981914e-04  -2.73847632e-03  -2.41938269e-17   3.32160543e-17   1.45298952e-19
  3.44000000e-06   3.76996105e-04   2.86597376e-04  -2.73549804e-03  -2.47958833e-17   3.25830381e-17  -3.55994209e-21
  3.52000000e-06   3.81869232e-04   2.90166130e-04  -2.73254523e-03  -2.53837524e-17   3.19395282e-17  -1.55717351e-19
  3.60000000e-06   3.86681464e-04   2.93687001e-04  -2.72961651e-03  -2.59572634e-17   3.12858293e-17  -3.11014835e-19
  3.68000000e-06   3.91431211e-04   2.97158839e-04  -2.72671047e-03  -2.65162508e-17   3.06222479e-17  -4.69289471e-19
  3.76000000e-06   3.96116921e-04   3.00580521e-04  -2.72382569e-03  -2.70605538e-17   2.99490933e-17  -6.30374107e-19
  3.84000000e-06   4.00737079e-04   3.03950953e-04  -2.72096076e-03  -2.75900173e-17   2.92666773e-17  -7.94097623e-19
  3.92000000e-06   4.05290204e-04   3.07269071e-04  -2.71811424e-03  -2.81044912e-17   2.85753139e-17  -9.60285190e-19
  4.00000000e-06   4.09774857e-04   3.10533837e-04  -2.71528467e-03  -2.86038312e-17   2.78753199e-17  -1.12875855e-18
  4.08000000e-06   4.15304579e-04   3.15082880e-04  -2.71479423e-03  -2.90962253e-17   2.71782158e-17  -1.29674842e-18
  4.16000000e-06   4.19621319e-04   3.18263642e-04  -2.71215607e-03  -2.95672659e-17   2.64635923e-17  -1.46918383e-18
  4.24000000e-06   4.24542807e-04   3.21760178e-04  -2.70902647e-03  -3.00102345e-17   2.57246543e-17  -1.64762503e-18
  4.32000000e-06   4.29068005e-04   3.25041369e-04  -2.70605452e-03  -3.04416275e-17   2.49854234e-17  -1.82562181e-18
  4.40000000e-06   4.33517243e-04   3.28263993e-04  -2.70309204e-03  -3.08569939e-17   2.42393902e-17  -2.00515551e-18
  4.48000000e-06   4.37889232e-04   3.31427109e-04  -2.70013749e-03  -3.12562321e-17   2.34868929e-17  -2.18602737e-18
  4.56000000e-06   4.42182722e-04   3.34529807e-04  -2.69718933e-03  -3.16392472e-17   2.27282719e-17  -2.36803697e-18
  4.64000000e-06   4.46396508e-04   3.37571209e-04  -2.69424602e-03  -3.20059510e-17   2.19638703e-17  -2.55098253e-18
  4.72000000e-06   4.50529425e-04   3.40550469e-04  -2.69130601e-03  -3.23562621e-17   2.11940332e-17  -2.73466124e-18
  4.80000000e-06   4.54580352e-04   3.43466774e-04  -2.68836777e-03  -3.26901062e-17   2.04191080e-17  -2.91886954e-18
  4.88000000e-06   4.58548211e-04   3.46319344e-04  -2.68542976e-03  -3.30074160e-17   1.96394446e-17  -3.10340346e-18
  4.96000000e-06   4.62431967e-04   3.49107431e-04  -2.68249042e-03  -3.33081316e-17   1.88553946e-17  -3.28805888e-18
  5.04000000e-06   4.66230629e-04   3.51830321e-04  -2.67954823e-03  -3.35922007e-17   1.80673122e-17  -3.47263188e-18
  5.12000000e-06   4.69943249e-04   3.54487333e-04  -2.67660164e-03  -3.38595782e-17   1.72755532e-17  -3.65691901e-18
  5.20000000e-06   4.70189281e-04   3.54390209e-04  -2.67305688e-03  -3.41446409e-17   1.65289820e-17  -3.81463442e-18
  5.28000000e-06   4.73475375e-04   3.56683274e-04  -2.67007582e-03  -3.43830118e-17   1.57343984e-17  -3.99513473e-18
  5.36000000e-06   4.81145669e-04   3.61458869e-04  -2.66710351e-03  -3.45630099e-17   1.48660264e-17  -4.22045315e-18
  5.44000000e-06   4.84422338e-04   3.63651757e-04  -2.66399199e-03  -3.47640307e-17   1.40634596e-17  -4.40176670e-18
  5.52000000e-06   4.87607420e-04   3.65775668e-04  -2.66086849e-03  -3.49482539e-17   1.32591067e-17  -4.58165044e-18
  5.60000000e-06   4.88988662e-04   3.66656623e-04  -2.65807974e-03  -3.51403242e-17   1.24834256e-17  -4.74255505e-18
  5.68000000e-06   4.91895941e-04   3.68652771e-04  -2.65496670e-03  -3.52921563e-17   1.16779149e-17  -4.91718887e-18
  5.76000000e-06   4.94713193e-04   3.70580367e-04  -2.65183691e-03  -3.54272434e-17   1.08716362e-17  -5.08987173e-18
  5.84000000e-06   4.97439916e-04   3.72439072e-04  -2.64868894e-03  -3.55456164e-17   1.00649582e-17  -5.26042319e-18
  5.92000000e-06   5.00075651e-04   3.74228580e-04  -2.64552136e-03  -3.56473147e-17   9.25825000e-18  -5.42866618e-18
  6.00000000e-06   5.02619983e-04   3.75948618e-04  -2.64233278e-03  -3.57323866e-17   8.45188088e-18  -5.59442729e-18
  6.08000000e-06   5.05072540e-04   3.77598944e-04  -2.63912179e-03  -3.58008888e-17   7.64622006e-18  -5.75753695e-18
  6.16000000e-06   5.07432993e-04   3.79179350e-04  -2.63588703e-03  -3.58528871e-17   6.84163651e-18  -5.91782968e-18
  6.24000000e-06   5.12556628e-04   3.82805760e-04  -2.63181990e-03  -3.58396686e-17   5.98775249e-18  -6.10897179e-18
  6.32000000e-06   5.14832070e-04   3.84350310e-04  -2.62837629e-03  -3.58533671e-17   5.18494447e-18  -6.26456275e-18
  6.40000000e-06   5.14636050e-04   3.83795416e-04  -2.62518720e-03  -3.58897264e-17   4.42471767e-18  -6.38886273e-18
  6.48000000e-06   5.16796690e-04   3.85156435e-04  -2.62159516e-03  -3.58711352e-17   3.62474598e-18  -6.53876311e-18
  6.56000000e-06   5.18862520e-04   3.86446590e-04  -2.61797329e-03  -3.58364307e-17   2.82793118e-18  -6.68507064e-18
  6.64000000e-06   5.20833447e-04   3.87665882e-04  -2.61432033e-03  -3.57857409e-17   2.03463555e-18  -6.82764532e-18
  6.72000000e-06   5.22709422e-04   3.88814345e-04  -2.61063505e-03  -3.57192024e-17   1.24521901e-18  -6.96635275e-18
  6.80000000e-06   5.24490439e-04   3.89892041e-04  -2.60691621e-03  -3.56369605e-17   4.60038906e-19  -7.10106428e-18
  6.88000000e-06   5.26176534e-04   3.90899068e-04  -2.60316262e-03  -3.55391692e-17  -3.20550318e-19  -7.23165719e-18
  6.96000000e-06   5.27767786e-04   3.91835553e-04  -2.59937311e-03  -3.54259908e-17  -1.09619736e-18  -7.35801481e-18
  7.04000000e-06   5.29264317e-04   3.92701654e-04  -2.59554653e-03  -3.52975963e-17  -1.86655436e-18  -7.48002663e-18
  7.12000000e-06   5.30666289e-04   3.93497560e-04  -2.59168174e-03  -3.51541646e-17  -2.63127717e-18  -7.59758842e-18
  7.20000000e-06   5.32873300e-04   3.95720809e-04  -2.58653088e-03  -3.49497836e-17  -3.40736034e-18  -7.72160506e-18
  7.28000000e-06   5.34080608e-04   3.96396366e-04  -2.58262835e-03  -3.47767747e-17  -4.15846395e-18  -7.83000812e-18
  7.36000000e-06   5.34283280e-04   3.95570453e-04  -2.57968966e-03  -3.46303497e-17  -4.88593033e-18  -7.92155226e-18
  7.44000000e-06   5.35265663e-04   3.96071911e-04  -2.57563599e-03  -3.44286563e-17  -5.62388856e-18  -8.01974423e-18
  7.52000000e-06   5.36154949e-04   3.96504471e-04  -2.57153988e-03  -3.42129841e-17  -6.35453518e-18  -8.11306195e-18
  7.60000000e-06   5.36951555e-04   3.96868508e-04  -2.56740039e-03  -3.39835600e-17  -7.07755616e-18  -8.20144168e-18
  7.68000000e-06   5.37655937e-04   3.97164429e-04  -2.56321661e-03  -3.37406185e-17  -7.79264321e-18  -8.28482637e-18
  7.76000000e-06   5.38268588e-04   3.97392664e-04  -2.55898765e-03  -3.34844008e-17  -8.49949404e-18  -8.36316569e-18
  7.84000000e-06   5.38790040e-04   3.97553674e-04  -2.55471266e-03  -3.32151550e-17  -9.19781263e-18  -8.43641607e-18
  7.92000000e-06   5.39220859e-04   3.97647945e-04  -2.55039079e-03  -3.29331357e-17  -9.88730944e-18  -8.50454060e-18
  8.00000000e-06   5.39561649e-04   3.97675988e-04  -2.54602125e-03  -3.26386040e-17  -1.05677018e-17  -8.56750911e-18
  8.08000000e-06   5.40351635e-04   3.97219266e-04  -2.54003451e-03  -3.23148738e-17  -1.12471720e-17  -8.63334265e-18
  8.16000000e-06   5.40344825e-04   3.97053425e-04  -2.53554689e-03  -3.19969549e-17  -1.19048429e-17  -8.68303709e-18
  8.24000000e-06   5.40248260e-04   3.96823207e-04  -2.53101160e-03  -3.16674758e-17  -1.25525532e-17  -8.72751557e-18
  8.32000000e-06   5.40062680e-04   3.96529236e-04  -2.52642800e-03  -3.13267210e-17  -1.31900537e-17  -8.76677855e-18
  8.40000000e-06   5.40563560e-04   3.97213642e-04  -2.52310183e-03  -3.09756631e-17  -1.38332639e-17  -8.81418084e-18
  8.48000000e-06   5.40257543e-04   3.96790231e-04  -2.51836459e-03  -3.06118942e-17  -1.44509467e-17  -8.84395425e-18
  8.56000000e-06   5.39862715e-04   3.96303026e-04  -2.51357521e-03  -3.02377194e-17  -1.50576314e-17  -8.86848425e-18
  8.64000000e-06   5.39379957e-04   3.95752741e-04  -2.50873313e-03  -2.98534452e-17  -1.56530998e-17  -8.88779553e-18
  8.72000000e-06   5.38810179e-04   3.95140112e-04  -2.50383785e-03  -2.94593822e-17  -1.62371427e-17  -8.90191888e-18
  8.80000000e-06   5.38154323e-04   3.94465895e-04  -2.49888886e-03  -2.90558446e-17  -1.68095598e-17  -8.91089110e-18
  8.88000000e-06   5.37413361e-04   3.93730868e-04  -2.49388570e-03  -2.86431499e-17  -1.73701600e-17  -8.91475483e-18
  8.96000000e-06   5.34906362e-04   3.91177919e-04  -2.48688605e-03  -2.82268490e-17  -1.78813420e-17  -8.88400466e-18
  9.04000000e-06   5.34330482e-04   3.90602698e-04  -2.48175062e-03  -2.77924179e-17  -1.84232981e-17  -8.88345743e-18
  9.12000000e-06   5.33677322e-04   3.89973810e-04  -2.47656356e-03  -2.73496141e-17  -1.89530028e-17  -8.87804532e-18
  9.20000000e-06   5.32947989e-04   3.89292127e-04  -2.47132455e-03  -2.68987616e-17  -1.94703044e-17  -8.86782642e-18
  9.28000000e-06   5.32143615e-04   3.88558533e-04  -2.46603327e-03  -2.64401863e-17  -1.99750603e-17  -8.85286370e-18
  9.36000000e-06   5.31265356e-04   3.87773930e-04  -2.46068946e-03  -2.59742152e-17  -2.04671378e-17  -8.83322480e-18
  9.44000000e-06   5.30314385e-04   3.86939232e-04  -2.45529286e-03  -2.55011771e-17  -2.09464135e-17  -8.80898185e-18
  9.52000000e-06   5.30978917e-04   3.87803388e-04  -2.45067980e-03  -2.49986103e-17  -2.14485270e-17  -8.81043150e-18
  9.60000000e-06   5.29814408e-04   3.86811357e-04  -2.44500136e-03  -2.45102891e-17  -2.18995973e-17  -8.77583039e-18
  9.68000000e-06   5.28574975e-04   3.85765845e-04  -2.43926773e-03  -2.40161038e-17  -2.23373118e-17  -8.73675454e-18
  9.76000000e-06   5.27261882e-04   3.84667830e-04  -2.43347875e-03  -2.35163932e-17  -2.27615899e-17  -8.69329518e-18
  9.84000000e-06   5.25095433e-04   3.82283885e-04  -2.42713900e-03  -2.30294342e-17  -2.31548487e-17  -8.62924466e-18
  9.92000000e-06   5.23851934e-04   3.81265376e-04  -2.42138629e-03  -2.25184815e-17  -2.35571181e-17  -8.58097844e-18
  1.00000000e-05   5.22543127e-04   3.80203336e-04  -2.41558098e-03  -2.20027525e-17  -2.39459421e-17  -8.52867873e-18
  1.00800000e-05   5.21170352e-04   3.79098786e-04  -2.40972304e-03  -2.14825759e-17  -2.43212757e-17  -8.47244578e-18
  1.01600000e-05   5.19734961e-04   3.77952753e-04  -2.40381243e-03  -2.09582793e-17  -2.46830837e-17  -8.41238261e-18
  1.02400000e-05   5.18238323e-04   3.76766273e-04  -2.39784918e-03  -2.04301881e-17  -2.50313402e-17  -8.34859481e-18
  1.03200000e-05   5.16681817e-04   3.75540388e-04  -2.39183330e-03  -1.98986263e-17  -2.53660289e-17  -8.28119031e-18
  1.04000000e-05   5.15066834e-04   3.74276148e-04  -2.38576484e-03  -1.93639153e-17  -2.56871427e-17  -8.21027917e-18
  1.04800000e-05   5.13088855e-04   3.75214465e-04  -2.38094716e-03  -1.87962282e-17  -2.59967734e-17  -8.14738812e-18
  1.05600000e-05   5.11059248e-04   3.73548871e-04  -2.37466067e-03  -1.82610653e-17  -2.62836842e-17  -8.06461621e-18
  1.06400000e-05   5.09399202e-04   3.69129434e-04  -2.36509864e-03  -1.77440558e-17  -2.65433421e-17  -7.96446136e-18
  1.07200000e-05   5.07036018e-04   3.67454076e-04  -2.35862353e-03  -1.72043543e-17  -2.67979729e-17  -7.87334285e-18
  1.08000000e-05   5.04619440e-04   3.65743193e-04  -2.35209664e-03  -1.66634792e-17  -2.70390429e-17  -7.77946835e-18
  1.08800000e-05   5.02891446e-04   3.66282549e-04  -2.34796083e-03  -1.60996734e-17  -2.72991370e-17  -7.70693671e-18
  1.09600000e-05   5.00420232e-04   3.64339331e-04  -2.34117133e-03  -1.55578194e-17  -2.75130840e-17  -7.60710930e-18
  1.10400000e-05   4.97898623e-04   3.62361368e-04  -2.33432727e-03  -1.50157998e-17  -2.77135816e-17  -7.50480774e-18
  1.11200000e-05   4.95328125e-04   3.60349790e-04  -2.32742897e-03  -1.44739091e-17  -2.79007163e-17  -7.40016205e-18
  1.12000000e-05   4.92710243e-04   3.58305726e-04  -2.32047674e-03  -1.39324367e-17  -2.80745830e-17  -7.29330221e-18
  1.12800000e-05   4.90046486e-04   3.56230306e-04  -2.31347092e-03  -1.33916668e-17  -2.82352843e-17  -7.18435795e-18
  1.13600000e-05   4.87338363e-04   3.54124659e-04  -2.30641189e-03  -1.28518784e-17  -2.83829307e-17  -7.07345861e-18
  1.14400000e-05   4.83828457e-04   3.50833293e-04  -2.29764556e-03  -1.23233806e-17  -2.84887960e-17  -6.94503131e-18
  1.15200000e-05   4.81219798e-04   3.48991908e-04  -2.29062363e-03  -1.17818646e-17  -2.86155271e-17  -6.83493078e-18
  1.16000000e-05   4.78573208e-04   3.47126937e-04  -2.28355314e-03  -1.12418988e-17  -2.87296331e-17  -6.72325108e-18
  1.16800000e-05   4.75890178e-04   3.45239476e-04  -2.27643448e-03  -1.07037372e-17  -2.88312474e-17  -6.61011255e-18
  1.17600000e-05   4.73172198e-04   3.43330614e-04  -2.26926804e-03  -1.01676279e-17  -2.89205102e-17  -6.49563431e-18
  1.18400000e-05   4.70420753e-04   3.41401436e-04  -2.26205423e-03  -9.63381345e-18  -2.89975676e-17  -6.37993413e-18
  1.19200000e-05   4.67637324e-04   3.39453023e-04  -2.25479346e-03  -9.10253007e-18  -2.90625719e-17  -6.26312827e-18
  1.20000000e-05   4.64823388e-04   3.37486450e-04  -2.24748618e-03  -8.57400811e-18  -2.91156810e-17  -6.14533138e-18
  1.20800000e-05   4.61980415e-04   3.35502788e-04  -2.24013282e-03  -8.04847173e-18  -2.91570585e-17  -6.02665637e-18
  1.21600000e-05   4.59109870e-04   3.33503100e-04  -2.23273385e-03  -7.52613886e-18  -2.91868731e-17  -5.90721427e-18
  1.22400000e-05   4.56012303e-04   3.32265023e-04  -2.22548846e-03  -6.99214886e-18  -2.92025621e-17  -5.79265906e-18
  1.23200000e-05   4.52868783e-04   3.29945740e-04  -2.21795809e-03  -6.48271927e-18  -2.92045413e-17  -5.66815724e-18
  1.24000000e-05   4.49701546e-04   3.27611241e-04  -2.21038311e-03  -5.97729746e-18  -2.91955440e-17  -5.54328715e-18
  1.24800000e-05   4.45943784e-04   3.24563808e-04  -2.20245727e-03  -5.48930938e-18  -2.91611527e-17  -5.40876698e-18
  1.25600000e-05   4.42697863e-04   3.22250767e-04  -2.19476776e-03  -4.99166135e-18  -2.91299338e-17  -5.28390363e-18
  1.26400000e-05   4.39432868e-04   3.19926160e-04  -2.18703571e-03  -4.49858038e-18  -2.90883194e-17  -5.15900969e-18
  1.27200000e-05   4.36150204e-04   3.17591004e-04  -2.17926169e-03  -4.01023619e-18  -2.90365128e-17  -5.03418229e-18
  1.28000000e-05   4.32851266e-04   3.15246306e-04  -2.17144625e-03  -3.52679184e-18  -2.89747202e-17  -4.90951587e-18
  1.28800000e-05   4.29537435e-04   3.12893065e-04  -2.16358997e-03  -3.04840371e-18  -2.89031508e-17  -4.78510212e-18
  1.29600000e-05   4.26574391e-04   3.10211082e-04  -2.15498180e-03  -2.57903191e-18  -2.88233101e-17  -4.65964918e-18
  1.30400000e-05   4.23262730e-04   3.07700396e-04  -2.14698646e-03  -2.11417562e-18  -2.87329599e-17  -4.53472579e-18
  1.31200000e-05   4.19819678e-04   3.05537066e-04  -2.13961724e-03  -1.64979235e-18  -2.86370075e-17  -4.41307089e-18
  1.32000000e-05   4.16486712e-04   3.02970448e-04  -2.13148000e-03  -1.19664004e-18  -2.85280228e-17  -4.28881928e-18
  1.32800000e-05   4.13146594e-04   3.00400536e-04  -2.12330449e-03  -7.49293517e-19  -2.84104139e-17  -4.16523946e-18
  1.33600000e-05   4.09800609e-04   2.97828267e-04  -2.11509132e-03  -3.07867708e-19  -2.82844042e-17  -4.04240675e-18
  1.34400000e-05   4.06450030e-04   2.95254562e-04  -2.10684111e-03   1.27528925e-19  -2.81502178e-17  -3.92039345e-18
  1.35200000e-05   4.03096113e-04   2.92680333e-04  -2.09855448e-03   5.56794335e-19  -2.80080803e-17  -3.79926883e-18
  1.36000000e-05   3.99740096e-04   2.90106478e-04  -2.09023205e-03   9.79832813e-19  -2.78582176e-17  -3.67909913e-18
  1.36800000e-05   3.97001839e-04   2.88066949e-04  -2.08101332e-03   1.41010221e-18  -2.77062956e-17  -3.56626977e-18
  1.37600000e-05   3.93846922e-04   2.85581174e-04  -2.07282679e-03   1.82180803e-18  -2.75477394e-17  -3.44920391e-18
  1.38400000e-05   3.90692809e-04   2.83097388e-04  -2.06460858e-03   2.22719952e-18  -2.73821308e-17  -3.33315426e-18
  1.39200000e-05   3.87540694e-04   2.80616464e-04  -2.05635925e-03   2.62620493e-18  -2.72096912e-17  -3.21817603e-18
  1.40000000e-05   3.84391756e-04   2.78139260e-04  -2.04807937e-03   3.01875830e-18  -2.70306419e-17  -3.10432154e-18
  1.40800000e-05   3.81247155e-04   2.75666620e-04  -2.03976952e-03   3.40479932e-18  -2.68452039e-17  -2.99164025e-18
  1.41600000e-05   3.78108034e-04   2.73199377e-04  -2.03143025e-03   3.78427329e-18  -2.66535977e-17  -2.88017870e-18
  1.42400000e-05   3.74236173e-04   2.70125107e-04  -2.02332797e-03   4.14331799e-18  -2.64425035e-17  -2.76386463e-18
  1.43200000e-05   3.71423647e-04   2.67914200e-04  -2.01479317e-03   4.51478076e-18  -2.62449235e-17  -2.65758861e-18
  1.44000000e-05   3.68621982e-04   2.65713084e-04  -2.00622951e-03   4.87963734e-18  -2.60418130e-17  -2.55250400e-18
  1.44800000e-05   3.66543848e-04   2.63877333e-04  -1.99685272e-03   5.24605660e-18  -2.58417888e-17  -2.45193473e-18
  1.45600000e-05   3.63101193e-04   2.61419594e-04  -1.98826222e-03   5.59137460e-18  -2.56139237e-17  -2.34664557e-18
  1.46400000e-05   3.59670946e-04   2.58972811e-04  -1.97964559e-03   5.92975029e-18  -2.53812122e-17  -2.24296966e-18
  1.47200000e-05   3.56254111e-04   2.56537690e-04  -1.97100342e-03   6.26116769e-18  -2.51438712e-17  -2.14093181e-18
  1.48000000e-05   3.52851672e-04   2.54114920e-04  -1.96233630e-03   6.58561568e-18  -2.49021154e-17  -2.04055420e-18
  1.48800000e-05   3.49464596e-04   2.51705177e-04  -1.95364481e-03   6.90308783e-18  -2.46561576e-17  -1.94185642e-18
  1.49600000e-05   3.46093829e-04   2.49309123e-04  -1.94492956e-03   7.21358234e-18  -2.44062086e-17  -1.84485558e-18
  1.50400000e-05   3.42740296e-04   2.46927405e-04  -1.93619110e-03   7.51710186e-18  -2.41524767e-17  -1.74956628e-18
  1.51200000e-05   3.39404907e-04   2.44560655e-04  -1.92743003e-03   7.81365343e-18  -2.38951679e-17  -1.65600076e-18
  1.52000000e-05   3.36629251e-04   2.43267888e-04  -1.91763009e-03   8.12516102e-18  -2.36374944e-17  -1.57229306e-18
  1.52800000e-05   3.33044493e-04   2.40668444e-04  -1.90868009e-03   8.40158435e-18  -2.33658860e-17  -1.48025331e-18
  1.53600000e-05   3.29479756e-04   2.38084148e-04  -1.89970955e-03   8.67087837e-18  -2.30913950e-17  -1.39011577e-18
  1.54400000e-05   3.25935886e-04   2.35515613e-04  -1.89071901e-03   8.93307205e-18  -2.28142207e-17  -1.30188378e-18
  1.55200000e-05   3.22413706e-04   2.32963438e-04  -1.88170902e-03   9.18819807e-18  -2.25345595e-17  -1.21555854e-18
  1.56000000e-05   3.18914019e-04   2.30428205e-04  -1.87268010e-03   9.43629274e-18  -2.22526047e-17  -1.13113912e-18
  1.56800000e-05   3.15437610e-04   2.27910482e-04  -1.86363280e-03   9.67739584e-18  -2.19685464e-17  -1.04862255e-18
  1.57600000e-05   3.11985241e-04   2.25410823e-04  -1.85456764e-03   9.91155047e-18  -2.16825712e-17  -9.68003924e-19
  1.58400000e-05   3.08557655e-04   2.22929765e-04  -1.84548514e-03   1.01388030e-17  -2.13948629e-17  -8.89276449e-19
  1.59200000e-05   3.05229617e-04   2.20555283e-04  -1.83627123e-03   1.03607477e-17  -2.11063719e-17  -8.12905389e-19
  1.60000000e-05   3.02342752e-04   2.18632802e-04  -1.82740580e-03   1.05867042e-17  -2.08283804e-17  -7.40368623e-19
  1.60800000e-05   3.00116497e-04   2.18115986e-04  -1.81817935e-03   1.08356828e-17  -2.05602761e-17  -6.77907663e-19
  1.61600000e-05   2.97161909e-04   2.15963212e-04  -1.80923869e-03   1.10426788e-17  -2.02762857e-17  -6.06591198e-19
  1.62400000e-05   2.92115369e-04   2.11240541e-04  -1.80035510e-03   1.11857373e-17  -1.99455318e-17  -5.25329227e-19
  1.63200000e-05   2.89380572e-04   2.09433654e-04  -1.79139776e-03   1.13860381e-17  -1.96641243e-17  -4.59658502e-19
  1.64000000e-05   2.86676142e-04   2.07649759e-04  -1.78242752e-03   1.15801120e-17  -1.93819869e-17  -3.95484836e-19
  1.64800000e-05   2.84002648e-04   2.05889251e-04  -1.77344483e-03   1.17680184e-17  -1.90992711e-17  -3.32790854e-19
  1.65600000e-05   2.81360638e-04   2.04152514e-04  -1.76445013e-03   1.19498187e-17  -1.88161254e-17  -2.71558073e-19
  1.66400000e-05   2.81914228e-04   2.05531136e-04  -1.75310759e-03   1.21843132e-17  -1.85856527e-17  -2.19609485e-19
  1.67200000e-05   2.78935090e-04   2.03391321e-04  -1.74424619e-03   1.23451371e-17  -1.82937925e-17  -1.58983678e-19
  1.68000000e-05   2.75989533e-04   2.01276367e-04  -1.73537445e-03   1.24999796e-17  -1.80020360e-17  -9.99904559e-20
  1.68800000e-05   2.73078051e-04   1.99186630e-04  -1.72649276e-03   1.26489134e-17  -1.77105185e-17  -4.26053816e-20
  1.69600000e-05   2.70201123e-04   1.97122456e-04  -1.71760155e-03   1.27920128e-17  -1.74193714e-17   1.31968651e-20
  1.70400000e-05   2.67359212e-04   1.95084175e-04  -1.70870119e-03   1.29293537e-17  -1.71287233e-17   6.74424274e-20
  1.71200000e-05   2.64552761e-04   1.93072108e-04  -1.69979209e-03   1.30610131e-17  -1.68386989e-17   1.20158212e-19
  1.72000000e-05   2.61782197e-04   1.91086561e-04  -1.69087462e-03   1.31870695e-17  -1.65494199e-17   1.71371830e-19
  1.72800000e-05   2.59047932e-04   1.89127829e-04  -1.68194916e-03   1.33076023e-17  -1.62610045e-17   2.21111542e-19
  1.73600000e-05   2.56049249e-04   1.86360356e-04  -1.67208930e-03   1.33989305e-17  -1.59614083e-17   2.72839715e-19
  1.74400000e-05   2.53858229e-04   1.84749009e-04  -1.66313770e-03   1.35148716e-17  -1.56857280e-17   3.20441696e-19
  1.75200000e-05   2.51703971e-04   1.83165068e-04  -1.65417921e-03   1.36256616e-17  -1.54111482e-17   3.66858147e-19
  1.76000000e-05   2.49586826e-04   1.81608778e-04  -1.64521416e-03   1.37313798e-17  -1.51377729e-17   4.12115992e-19
  1.76800000e-05   2.47507131e-04   1.80080372e-04  -1.63624288e-03   1.38321062e-17  -1.48657030e-17   4.56242540e-19
  1.77600000e-05   2.45465208e-04   1.78580074e-04  -1.62726571e-03   1.39279217e-17  -1.45950363e-17   4.99265442e-19
  1.78400000e-05   2.43461366e-04   1.77108097e-04  -1.61828297e-03   1.40189075e-17  -1.43258676e-17   5.41212649e-19
  1.79200000e-05   2.41495897e-04   1.75664645e-04  -1.60929498e-03   1.41051457e-17  -1.40582888e-17   5.82112371e-19
  1.80000000e-05   2.39569081e-04   1.74249910e-04  -1.60030204e-03   1.41867188e-17  -1.37923886e-17   6.21993034e-19
  1.80800000e-05   2.36316524e-04   1.71346345e-04  -1.59132294e-03   1.42300793e-17  -1.34984624e-17   6.59759660e-19
  1.81600000e-05   2.34876001e-04   1.70278945e-04  -1.58226232e-03   1.43082749e-17  -1.32452669e-17   6.98544291e-19
  1.82400000e-05   2.33474331e-04   1.69240351e-04  -1.57319800e-03   1.43821445e-17  -1.29939220e-17   7.36566942e-19
  1.83200000e-05   2.32111721e-04   1.68230693e-04  -1.56413028e-03   1.44517685e-17  -1.27445040e-17   7.73853763e-19
  1.84000000e-05   2.30788367e-04   1.67250095e-04  -1.55505944e-03   1.45172275e-17  -1.24970866e-17   8.10430942e-19
  1.84800000e-05   2.29504452e-04   1.66298672e-04  -1.54598576e-03   1.45786022e-17  -1.22517408e-17   8.46324672e-19
  1.85600000e-05   2.28260150e-04   1.65376529e-04  -1.53690954e-03   1.46359736e-17  -1.20085350e-17   8.81561126e-19
  1.86400000e-05   2.27055623e-04   1.64483765e-04  -1.52783104e-03   1.46894224e-17  -1.17675349e-17   9.16166434e-19
  1.87200000e-05   2.26363574e-04   1.64036999e-04  -1.51857486e-03   1.47469578e-17  -1.15384278e-17   9.51843103e-19
  1.88000000e-05   2.21460136e-04   1.60303618e-04  -1.51040016e-03   1.47352937e-17  -1.12228635e-17   9.69421577e-19
  1.88800000e-05   2.19855683e-04   1.59098053e-04  -1.50124744e-03   1.47673395e-17  -1.09777101e-17   9.99269778e-19
  1.89600000e-05   2.18292535e-04   1.57922560e-04  -1.49209372e-03   1.47956769e-17  -1.07351611e-17   1.02839498e-18
  1.90400000e-05   2.18813170e-04   1.58799893e-04  -1.48103942e-03   1.48507552e-17  -1.05325233e-17   1.06477737e-18
  1.91200000e-05   2.17010255e-04   1.57413842e-04  -1.47217146e-03   1.48684022e-17  -1.02891826e-17   1.09154133e-18
  1.92000000e-05   2.15249055e-04   1.56058450e-04  -1.46330317e-03   1.48825839e-17  -1.00485856e-17   1.11753699e-18
  1.92800000e-05   2.13529634e-04   1.54733758e-04  -1.45443477e-03   1.48933839e-17  -9.81077715e-18   1.14279474e-18
  1.93600000e-05   2.11852049e-04   1.53439805e-04  -1.44556648e-03   1.49008856e-17  -9.57579991e-18   1.16734464e-18
  1.94400000e-05   2.10216344e-04   1.52176618e-04  -1.43669851e-03   1.49051716e-17  -9.34369422e-18   1.19121645e-18
  1.95200000e-05   2.07803911e-04   1.50645867e-04  -1.42755832e-03   1.48974736e-17  -9.09571035e-18   1.20872268e-18
  1.96000000e-05   2.06544791e-04   1.49818906e-04  -1.41873223e-03   1.49039500e-17  -8.87610528e-18   1.23245585e-18
  1.96800000e-05   2.05327146e-04   1.49022501e-04  -1.40990736e-03   1.49075224e-17  -8.65936153e-18   1.25574160e-18
  1.97600000e-05   2.04151005e-04   1.48256665e-04  -1.40108388e-03   1.49082683e-17  -8.44551177e-18   1.27860621e-18
  1.98400000e-05   2.03016387e-04   1.47521408e-04  -1.39226200e-03   1.49062644e-17  -8.23458669e-18   1.30107561e-18
  1.99200000e-05   2.01923303e-04   1.46816734e-04  -1.38344188e-03   1.49015869e-17  -8.02661505e-18   1.32317537e-18
  2.00000000e-05   2.00871757e-04   1.46142640e-04  -1.37462373e-03   1.48943110e-17  -7.82162370e-18   1.34493072e-18
  2.00800000e-05   1.99861744e-04   1.45499118e-04  -1.36580771e-03   1.48845115e-17  -7.61963767e-18   1.36636647e-18
  2.01600000e-05   1.98893254e-04   1.44886155e-04  -1.35699399e-03   1.48722622e-17  -7.42068017e-18   1.38750710e-18
  2.02400000e-05   1.96330920e-04   1.43550730e-04  -1.34815737e-03   1.48408569e-17  -7.18901742e-18   1.39577949e-18
  2.03200000e-05   1.95742865e-04   1.43220626e-04  -1.33943244e-03   1.48291929e-17  -7.00303290e-18   1.41830964e-18
  2.04000000e-05   1.95195650e-04   1.42920805e-04  -1.33071073e-03   1.48153709e-17  -6.82003942e-18   1.44071163e-18
  2.04800000e-05   1.94689238e-04   1.42651237e-04  -1.32199241e-03   1.47994590e-17  -6.64005343e-18   1.46300656e-18
  2.05600000e-05   1.94223586e-04   1.42411887e-04  -1.31327763e-03   1.47815243e-17  -6.46308987e-18   1.48521515e-18
  2.06400000e-05   1.93798646e-04   1.42202716e-04  -1.30456655e-03   1.47616331e-17  -6.28916220e-18   1.50735780e-18
  2.07200000e-05   1.93414365e-04   1.42023682e-04  -1.29585932e-03   1.47398509e-17  -6.11828244e-18   1.52945452e-18
  2.08000000e-05   1.93070684e-04   1.41874738e-04  -1.28715609e-03   1.47162421e-17  -5.95046119e-18   1.55152496e-18
  2.08800000e-05   1.94246463e-04   1.42866547e-04  -1.27827718e-03   1.47134571e-17  -5.81765407e-18   1.58564111e-18
  2.09600000e-05   1.89065640e-04   1.39522782e-04  -1.26893108e-03   1.46097882e-17  -5.54807288e-18   1.56677255e-18
  2.10400000e-05   1.88840012e-04   1.39430564e-04  -1.26028010e-03   1.45800073e-17  -5.39015048e-18   1.58832709e-18
  2.11200000e-05   1.88653883e-04   1.39367722e-04  -1.25163369e-03   1.45486610e-17  -5.23529333e-18   1.60992031e-18
  2.12000000e-05   1.88507168e-04   1.39334190e-04  -1.24299198e-03   1.45158090e-17  -5.08350524e-18   1.63156963e-18
  2.12800000e-05   1.88399776e-04   1.39329898e-04  -1.23435511e-03   1.44815099e-17  -4.93478889e-18   1.65329212e-18
  2.13600000e-05   1.88331613e-04   1.39354775e-04  -1.22572320e-03   1.44458213e-17  -4.78914580e-18   1.67510453e-18
  2.14400000e-05   1.88302582e-04   1.39408744e-04  -1.21709639e-03   1.44088000e-17  -4.64657640e-18   1.69702325e-18
  2.15200000e-05   1.88312581e-04   1.39491728e-04  -1.20847481e-03   1.43705020e-17  -4.50708004e-18   1.71906433e-18
  2.16000000e-05   1.88361505e-04   1.39603647e-04  -1.19985858e-03   1.43309821e-17  -4.37065506e-18   1.74124351e-18
  2.16800000e-05   1.88449246e-04   1.39744417e-04  -1.19124783e-03   1.42902941e-17  -4.23729878e-18   1.76357619e-18
  2.17600000e-05   1.90231973e-04   1.41098713e-04  -1.18122505e-03   1.42609438e-17  -4.14267724e-18   1.80182519e-18
  2.18400000e-05   1.90179901e-04   1.41146951e-04  -1.17270838e-03   1.42158445e-17  -4.01075503e-18   1.82267143e-18
  2.19200000e-05   1.90167292e-04   1.41224682e-04  -1.16419716e-03   1.41697152e-17  -3.88192075e-18   1.84366826e-18
  2.20000000e-05   1.90194025e-04   1.41331812e-04  -1.15569152e-03   1.41226070e-17  -3.75616804e-18   1.86483106e-18
  2.20800000e-05   1.90259975e-04   1.41468243e-04  -1.14719156e-03   1.40745697e-17  -3.63348967e-18   1.88617485e-18
  2.21600000e-05   1.90365013e-04   1.41633876e-04  -1.13869740e-03   1.40256523e-17  -3.51387760e-18   1.90771436e-18
  2.22400000e-05   1.90509011e-04   1.41828611e-04  -1.13020914e-03   1.39759027e-17  -3.39732296e-18   1.92946395e-18
  2.23200000e-05   1.90691835e-04   1.42052345e-04  -1.12172689e-03   1.39253678e-17  -3.28381615e-18   1.95143771e-18
  2.24000000e-05   1.90913349e-04   1.42304973e-04  -1.11325076e-03   1.38740937e-17  -3.17334679e-18   1.97364938e-18
  2.24800000e-05   1.93108168e-04   1.43326407e-04  -1.10493147e-03   1.38396988e-17  -3.10724307e-18   2.01569868e-18
  2.25600000e-05   1.93128869e-04   1.43269714e-04  -1.09625832e-03   1.37774474e-17  -2.99688789e-18   2.03552348e-18
  2.26400000e-05   1.87591034e-04   1.39686186e-04  -1.08676877e-03   1.36292584e-17  -2.77124345e-18   1.99639732e-18
  2.27200000e-05   1.88141920e-04   1.40020048e-04  -1.07826733e-03   1.35736235e-17  -2.67761513e-18   2.02069350e-18
  2.28000000e-05   1.88728947e-04   1.40381017e-04  -1.06977283e-03   1.35174909e-17  -2.58693020e-18   2.04528089e-18
  2.28800000e-05   1.89351964e-04   1.40768977e-04  -1.06128538e-03   1.34608997e-17  -2.49917363e-18   2.07017049e-18
  2.29600000e-05   1.90010819e-04   1.41183817e-04  -1.05280506e-03   1.34038879e-17  -2.41432986e-18   2.09537311e-18
  2.30400000e-05   1.90705358e-04   1.41625420e-04  -1.04433200e-03   1.33464928e-17  -2.33238282e-18   2.12089930e-18
  2.31200000e-05   1.91435428e-04   1.42093670e-04  -1.03586627e-03   1.32887505e-17  -2.25331595e-18   2.14675945e-18
  2.32000000e-05   1.94786953e-04   1.43591630e-04  -1.02496582e-03   1.32280144e-17  -2.23692207e-18   2.20050394e-18
  2.32800000e-05   1.95154323e-04   1.43805230e-04  -1.01686326e-03   1.31669180e-17  -2.15382618e-18   2.22237305e-18
  2.33600000e-05   1.95557995e-04   1.44045656e-04  -1.00876768e-03   1.31055276e-17  -2.07355674e-18   2.24452457e-18
  2.34400000e-05   1.95997807e-04   1.44312787e-04  -1.00067918e-03   1.30438768e-17  -1.99609627e-18   2.26696935e-18
  2.35200000e-05   1.96473599e-04   1.44606501e-04  -9.92597839e-04   1.29819983e-17  -1.92142685e-18   2.28971797e-18
  2.36000000e-05   1.96985206e-04   1.44926678e-04  -9.84523734e-04   1.29199238e-17  -1.84953019e-18   2.31278080e-18
  2.36800000e-05   1.97532464e-04   1.45273195e-04  -9.76456950e-04   1.28576844e-17  -1.78038767e-18   2.33616799e-18
  2.37600000e-05   1.98115210e-04   1.45645929e-04  -9.68397571e-04   1.27953099e-17  -1.71398029e-18   2.35988949e-18
  2.38400000e-05   1.98733277e-04   1.46044759e-04  -9.60345677e-04   1.27328296e-17  -1.65028874e-18   2.38395506e-18
  2.39200000e-05   1.99386502e-04   1.46469560e-04  -9.52301353e-04   1.26702717e-17  -1.58929341e-18   2.40837424e-18
  2.40000000e-05   2.00731436e-04   1.46905010e-04  -9.44541318e-04   1.26101832e-17  -1.54408339e-18   2.43973087e-18
  2.40800000e-05   2.01709505e-04   1.47669324e-04  -9.36467567e-04   1.25533006e-17  -1.49385951e-18   2.46834264e-18
  2.41600000e-05   2.02722257e-04   1.48458813e-04  -9.28401836e-04   1.24964336e-17  -1.44622435e-18   2.49741048e-18
  2.42400000e-05   2.01221686e-04   1.49322533e-04  -9.19730406e-04   1.24341814e-17  -1.34933729e-18   2.50132046e-18
  2.43200000e-05   2.02426567e-04   1.50111022e-04  -9.11834775e-04   1.23775621e-17  -1.30910444e-18   2.53229693e-18
  2.44000000e-05   2.03664440e-04   1.50924244e-04  -9.03947368e-04   1.23210501e-17  -1.27133762e-18   2.56373786e-18
  2.44800000e-05   2.04935153e-04   1.51762086e-04  -8.96068277e-04   1.22646653e-17  -1.23601634e-18   2.59565114e-18
  2.45600000e-05   2.06238556e-04   1.52624437e-04  -8.88197592e-04   1.22084272e-17  -1.20311998e-18   2.62804460e-18
  2.46400000e-05   2.07574496e-04   1.53511185e-04  -8.80335405e-04   1.21523544e-17  -1.17262771e-18   2.66092601e-18
  2.47200000e-05   2.12551617e-04   1.56231142e-04  -8.71812153e-04   1.21278213e-17  -1.22271575e-18   2.73770186e-18
  2.48000000e-05   2.13737860e-04   1.57288337e-04  -8.63906008e-04   1.20744757e-17  -1.19240691e-18   2.77023295e-18
  2.48800000e-05   2.14957412e-04   1.58370226e-04  -8.56008850e-04   1.20213173e-17  -1.16447274e-18   2.80330448e-18
  2.49600000e-05   2.16210130e-04   1.59476698e-04  -8.48120772e-04   1.19683626e-17  -1.13889248e-18   2.83692430e-18
  2.50400000e-05   2.15300820e-04   1.59109732e-04  -8.39808718e-04   1.18797045e-17  -1.07169781e-18   2.84254322e-18
  2.51200000e-05   2.16922481e-04   1.60466855e-04  -8.31952935e-04   1.18313673e-17  -1.05738387e-18   2.88094962e-18
  2.52000000e-05   2.18575708e-04   1.61847411e-04  -8.24105843e-04   1.17832888e-17  -1.04528761e-18   2.91996911e-18
  2.52800000e-05   2.20260368e-04   1.63251299e-04  -8.16267550e-04   1.17354809e-17  -1.03538850e-18   2.95960905e-18
  2.53600000e-05   2.21976331e-04   1.64678420e-04  -8.08438163e-04   1.16879546e-17  -1.02766587e-18   2.99987681e-18
  2.54400000e-05   2.23723466e-04   1.66128674e-04  -8.00617789e-04   1.16407205e-17  -1.02209898e-18   3.04077978e-18
  2.55200000e-05   2.25928386e-04   1.67889641e-04  -7.92590549e-04   1.15976098e-17  -1.02849682e-18   3.08804502e-18
  2.56000000e-05   2.27307413e-04   1.69085302e-04  -7.84810198e-04   1.15449901e-17  -1.01814864e-18   3.12445972e-18
  2.56800000e-05   2.28718502e-04   1.70304691e-04  -7.77038913e-04   1.14926732e-17  -1.00998392e-18   3.16146588e-18
  2.57600000e-05   2.28875090e-04   1.70885483e-04  -7.69951621e-04   1.14338591e-17  -9.74045998e-19   3.18263530e-18
  2.58400000e-05   2.30479457e-04   1.72223422e-04  -7.62143385e-04   1.13829625e-17  -9.73177290e-19   3.22240559e-18
  2.59200000e-05   2.32114181e-04   1.73584195e-04  -7.54345553e-04   1.13324101e-17  -9.74391499e-19   3.26279398e-18
  2.60000000e-05   2.33779127e-04   1.74967700e-04  -7.46558226e-04   1.12822090e-17  -9.77666635e-19   3.30380780e-18
  2.60800000e-05   2.35474160e-04   1.76373834e-04  -7.38781508e-04   1.12323658e-17  -9.82980662e-19   3.34545438e-18
  2.61600000e-05   2.37199149e-04   1.77802495e-04  -7.31015504e-04   1.11828863e-17  -9.90311508e-19   3.38774108e-18
  2.62400000e-05   2.38314700e-04   1.79245572e-04  -7.20890856e-04   1.11092089e-17  -9.99323690e-19   3.42404598e-18
  2.63200000e-05   2.40055339e-04   1.80658033e-04  -7.13283215e-04   1.10606151e-17  -1.00933591e-18   3.46680675e-18
  2.64000000e-05   2.41824971e-04   1.82092613e-04  -7.05685582e-04   1.10123856e-17  -1.02126927e-18   3.51020950e-18
  2.64800000e-05   2.43623469e-04   1.83549215e-04  -6.98098069e-04   1.09645241e-17  -1.03510233e-18   3.55426161e-18
  2.65600000e-05   2.45450707e-04   1.85027741e-04  -6.90520788e-04   1.09170334e-17  -1.05081359e-18   3.59897045e-18
  2.66400000e-05   2.47306562e-04   1.86528096e-04  -6.82953854e-04   1.08699161e-17  -1.06838155e-18   3.64434346e-18
  2.67200000e-05   2.49190908e-04   1.88050183e-04  -6.75397380e-04   1.08231740e-17  -1.08778465e-18   3.69038809e-18
  2.68000000e-05   2.51103624e-04   1.89593909e-04  -6.67851483e-04   1.07768082e-17  -1.10900133e-18   3.73711185e-18
  2.68800000e-05   2.53044587e-04   1.91159179e-04  -6.60316282e-04   1.07308195e-17  -1.13201000e-18   3.78452227e-18
  2.69600000e-05   2.55013675e-04   1.92745899e-04  -6.52791895e-04   1.06852079e-17  -1.15678903e-18   3.83262695e-18
  2.70400000e-05   2.59891495e-04   1.95736957e-04  -6.45312631e-04   1.06684333e-17  -1.24146136e-18   3.92001502e-18
  2.71200000e-05   2.61711151e-04   1.97201541e-04  -6.37703807e-04   1.06193089e-17  -1.26593994e-18   3.96664757e-18
  2.72000000e-05   2.63560091e-04   1.98688111e-04  -6.30106645e-04   1.05705667e-17  -1.29220853e-18   4.01397617e-18
  2.72800000e-05   2.65438180e-04   2.00196566e-04  -6.22521266e-04   1.05222055e-17  -1.32024428e-18   4.06200856e-18
  2.73600000e-05   2.62783066e-04   1.99574996e-04  -6.15075711e-04   1.04319376e-17  -1.25746804e-18   4.04889567e-18
  2.74400000e-05   2.65056362e-04   2.01273850e-04  -6.07565122e-04   1.03875717e-17  -1.29586362e-18   4.10238907e-18
  2.75200000e-05   2.67356497e-04   2.02993343e-04  -6.00066682e-04   1.03435907e-17  -1.33586579e-18   4.15662860e-18
  2.76000000e-05   2.69683352e-04   2.04733383e-04  -5.92580523e-04   1.02999898e-17  -1.37745202e-18   4.21162234e-18
  2.76800000e-05   2.72036804e-04   2.06493881e-04  -5.85106780e-04   1.02567637e-17  -1.42059977e-18   4.26737844e-18
  2.77600000e-05   2.74416736e-04   2.08274749e-04  -5.77645588e-04   1.02139065e-17  -1.46528648e-18   4.32390511e-18
  2.78400000e-05   2.75950427e-04   2.09553385e-04  -5.66362072e-04   1.01207946e-17  -1.52114974e-18   4.36836369e-18
  2.79200000e-05   2.80840806e-04   2.12353969e-04  -5.62695216e-04   1.01377945e-17  -1.59131509e-18   4.45922451e-18
  2.80000000e-05   2.83428648e-04   2.14234330e-04  -5.55300413e-04   1.00971606e-17  -1.64271766e-18   4.51989229e-18
  2.80800000e-05   2.86042832e-04   2.16134680e-04  -5.47919019e-04   1.00568697e-17  -1.69555041e-18   4.58138551e-18
  2.81600000e-05   2.88683233e-04   2.18054932e-04  -5.40551184e-04   1.00169132e-17  -1.74979016e-18   4.64371293e-18
  2.82400000e-05   2.91349728e-04   2.19994999e-04  -5.33197058e-04   9.97728185e-18  -1.80541366e-18   4.70688340e-18
  2.83200000e-05   2.94042194e-04   2.21954798e-04  -5.25856792e-04   9.93796594e-18  -1.86239760e-18   4.77090582e-18
  2.84000000e-05   2.96760509e-04   2.23934241e-04  -5.18530542e-04   9.89895543e-18  -1.92071861e-18   4.83578917e-18
  2.84800000e-05   2.99504549e-04   2.25933247e-04  -5.11218463e-04   9.86023979e-18  -1.98035327e-18   4.90154250e-18
  2.85600000e-05   3.02274193e-04   2.27951729e-04  -5.03920714e-04   9.82180809e-18  -2.04127806e-18   4.96817492e-18
  2.86400000e-05   3.04403984e-04   2.29436448e-04  -4.95256991e-04   9.75814465e-18  -2.10122727e-18   5.02430058e-18
  2.87200000e-05   3.07305295e-04   2.31638873e-04  -4.88257256e-04   9.72595661e-18  -2.16436217e-18   5.09462487e-18
  2.88000000e-05   3.10231538e-04   2.33860216e-04  -4.81271128e-04   9.69399146e-18  -2.22864572e-18   5.16588294e-18
  2.88800000e-05   3.14476571e-04   2.36589198e-04  -4.75784280e-04   9.68762695e-18  -2.30724433e-18   5.25587483e-18
  2.89600000e-05   3.17272387e-04   2.38784961e-04  -4.68682252e-04   9.65332340e-18  -2.37113441e-18   5.32672553e-18
  2.90400000e-05   3.20093363e-04   2.40999725e-04  -4.61595063e-04   9.61921107e-18  -2.43616325e-18   5.39852167e-18
  2.91200000e-05   3.22939395e-04   2.43233414e-04  -4.54522892e-04   9.58527687e-18  -2.50230775e-18   5.47127262e-18
  2.92000000e-05   3.25810374e-04   2.45485952e-04  -4.47465918e-04   9.55150736e-18  -2.56954465e-18   5.54498784e-18
  2.92800000e-05   3.28706195e-04   2.47757261e-04  -4.40424322e-04   9.51788871e-18  -2.63785057e-18   5.61967680e-18
  2.93600000e-05   3.31626750e-04   2.50047267e-04  -4.33398290e-04   9.48440676e-18  -2.70720199e-18   5.69534903e-18
  2.94400000e-05   3.34571934e-04   2.52355893e-04  -4.26388008e-04   9.45104699e-18  -2.77757523e-18   5.77201410e-18
  2.95200000e-05   3.34443831e-04   2.53906695e-04  -4.18495646e-04   9.39313141e-18  -2.79753708e-18   5.80928734e-18
  2.96000000e-05   3.37391231e-04   2.56109430e-04  -4.11656027e-04   9.35868059e-18  -2.86817735e-18   5.88590800e-18
  2.96800000e-05   3.40362656e-04   2.58331031e-04  -4.04832485e-04   9.32433766e-18  -2.93975883e-18   5.96351699e-18
  2.97600000e-05   3.43358009e-04   2.60571428e-04  -3.98025213e-04   9.29008767e-18  -3.01225768e-18   6.04212406e-18
  2.98400000e-05   3.46377193e-04   2.62830554e-04  -3.91234408e-04   9.25591537e-18  -3.08564987e-18   6.12173896e-18
  2.99200000e-05   3.51240184e-04   2.65178862e-04  -3.84359566e-04   9.22208690e-18  -3.19519116e-18   6.22300200e-18
  3.00000000e-05   3.54030689e-04   2.67442185e-04  -3.77578868e-04   9.18719058e-18  -3.26516967e-18   6.30147367e-18
  3.00800000e-05   3.56845550e-04   2.69723915e-04  -3.70815155e-04   9.15231131e-18  -3.33602367e-18   6.38095873e-18
  3.01600000e-05   3.59684664e-04   2.72023983e-04  -3.64068627e-04   9.11743382e-18  -3.40772885e-18   6.46146625e-18
  3.02400000e-05   3.62547928e-04   2.74342319e-04  -3.57339491e-04   9.08254255e-18  -3.48026074e-18   6.54300530e-18
  3.03200000e-05   3.65751784e-04   2.75825376e-04  -3.49180703e-04   9.01567546e-18  -3.57301291e-18   6.62113265e-18
  3.04000000e-05   3.68223485e-04   2.77962771e-04  -3.42757703e-04   8.97972750e-18  -3.63659067e-18   6.69776261e-18
  3.04800000e-05   3.70719194e-04   2.80118356e-04  -3.36352291e-04   8.94373932e-18  -3.70095488e-18   6.77536765e-18
  3.05600000e-05   3.73238823e-04   2.82292065e-04  -3.29964659e-04   8.90769713e-18  -3.76608235e-18   6.85395593e-18
  3.06400000e-05   3.75782285e-04   2.84483836e-04  -3.23595002e-04   8.87158692e-18  -3.83194968e-18   6.93353560e-18
  3.07200000e-05   3.78349492e-04   2.86693601e-04  -3.17243518e-04   8.83539444e-18  -3.89853326e-18   7.01411479e-18
  3.08000000e-05   3.80940354e-04   2.88921298e-04  -3.10910408e-04   8.79910518e-18  -3.96580932e-18   7.09570158e-18
  3.08800000e-05   3.83554785e-04   2.91166860e-04  -3.04595874e-04   8.76270445e-18  -4.03375385e-18   7.17830400e-18
  3.09600000e-05   3.86192696e-04   2.93430223e-04  -2.98300122e-04   8.72617730e-18  -4.10234263e-18   7.26193005e-18
  3.10400000e-05   3.88853997e-04   2.95711322e-04  -2.92023361e-04   8.68950861e-18  -4.17155124e-18   7.34658768e-18
  3.11200000e-05   3.91538600e-04   2.98010091e-04  -2.85765800e-04   8.65268301e-18  -4.24135501e-18   7.43228476e-18
  3.12000000e-05   3.96734927e-04   3.02607617e-04  -2.78664006e-04   8.64705608e-18  -4.36529865e-18   7.57046657e-18
  3.12800000e-05   3.99400654e-04   3.04797936e-04  -2.72247724e-04   8.60485264e-18  -4.43674423e-18   7.65653154e-18
  3.13600000e-05   4.02089838e-04   3.07006028e-04  -2.65851589e-04   8.56245356e-18  -4.50876219e-18   7.74363775e-18
  3.14400000e-05   4.04802369e-04   3.09231809e-04  -2.59475823e-04   8.51984251e-18  -4.58132568e-18   7.83179251e-18
  3.15200000e-05   4.07538133e-04   3.11475194e-04  -2.53120654e-04   8.47700300e-18  -4.65440762e-18   7.92100301e-18
  3.16000000e-05   4.08789080e-04   3.12662818e-04  -2.47407347e-04   8.42204113e-18  -4.69484554e-18   7.98252292e-18
  3.16800000e-05   4.11793359e-04   3.15135222e-04  -2.41032451e-04   8.38151456e-18  -4.77362141e-18   8.07823092e-18
  3.17600000e-05   4.15873494e-04   3.18549513e-04  -2.34483840e-04   8.35471836e-18  -4.87337368e-18   8.19713250e-18
  3.18400000e-05   4.18606748e-04   3.20765814e-04  -2.28221793e-04   8.30918721e-18  -4.94647220e-18   8.28852769e-18
  3.19200000e-05   4.21362471e-04   3.22999445e-04  -2.21981978e-04   8.26336641e-18  -5.01996299e-18   8.38098322e-18
  3.20000000e-05   4.24140544e-04   3.25250314e-04  -2.15764634e-04   8.21723919e-18  -5.09381751e-18   8.47450537e-18
  3.20800000e-05   4.24694217e-04   3.26195946e-04  -2.10049371e-04   8.15345314e-18  -5.12379025e-18   8.52830356e-18
  3.21600000e-05   4.28289137e-04   3.29028580e-04  -2.03795748e-04   8.11531206e-18  -5.21280686e-18   8.63873549e-18
  3.22400000e-05   4.31902873e-04   3.31876293e-04  -1.97565466e-04   8.07669312e-18  -5.30189121e-18   8.75039043e-18
  3.23200000e-05   4.35535298e-04   3.34738992e-04  -1.91358816e-04   8.03757492e-18  -5.39101173e-18   8.86327471e-18
  3.24000000e-05   4.39186281e-04   3.37616582e-04  -1.85176092e-04   7.99793596e-18  -5.48013643e-18   8.97739445e-18
  3.24800000e-05   4.42855691e-04   3.40508969e-04  -1.79017591e-04   7.95775472e-18  -5.56923297e-18   9.09275552e-18
  3.25600000e-05   4.46543398e-04   3.43416055e-04  -1.72883616e-04   7.91700960e-18  -5.65826863e-18   9.20936358e-18
  3.26400000e-05   4.50249265e-04   3.46337744e-04  -1.66774470e-04   7.87567900e-18  -5.74721028e-18   9.32722399e-18
  3.27200000e-05   4.53973158e-04   3.49273935e-04  -1.60690461e-04   7.83374124e-18  -5.83602442e-18   9.44634189e-18
  3.28000000e-05   4.57714939e-04   3.52224530e-04  -1.54631902e-04   7.79117468e-18  -5.92467712e-18   9.56672209e-18
  3.28800000e-05   4.61474470e-04   3.55189426e-04  -1.48599105e-04   7.74795761e-18  -6.01313409e-18   9.68836914e-18
  3.29600000e-05   4.65251608e-04   3.58168521e-04  -1.42592390e-04   7.70406838e-18  -6.10136060e-18   9.81128729e-18
  3.30400000e-05   4.69178541e-04   3.61217873e-04  -1.36648965e-04   7.66086785e-18  -6.19108314e-18   9.93776222e-18
  3.31200000e-05   4.72172129e-04   3.63478333e-04  -1.30925124e-04   7.60614146e-18  -6.26265938e-18   1.00444206e-17
  3.32000000e-05   4.76190795e-04   3.66654200e-04  -1.25274907e-04   7.56617029e-18  -6.34997497e-18   1.01751874e-17
  3.32800000e-05   4.80224736e-04   3.69842710e-04  -1.19651319e-04   7.52540672e-18  -6.43681652e-18   1.03072561e-17
  3.33600000e-05   4.84273800e-04   3.73043757e-04  -1.14054703e-04   7.48382915e-18  -6.52314780e-18   1.04406289e-17
  3.34400000e-05   4.88337834e-04   3.76257231e-04  -1.08485400e-04   7.44141607e-18  -6.60893218e-18   1.05753076e-17
  3.35200000e-05   4.92416680e-04   3.79483021e-04  -1.02943759e-04   7.39814602e-18  -6.69413258e-18   1.07112938e-17
  3.36000000e-05   4.96510181e-04   3.82721014e-04  -9.74301294e-05   7.35399764e-18  -6.77871146e-18   1.08485884e-17
  3.36800000e-05   5.00618175e-04   3.85971095e-04  -9.19448652e-05   7.30894967e-18  -6.86263087e-18   1.09871921e-17
  3.37600000e-05   5.04740499e-04   3.89233148e-04  -8.64883239e-05   7.26298096e-18  -6.94585238e-18   1.11271048e-17
  3.38400000e-05   5.08876987e-04   3.92507054e-04  -8.10608662e-05   7.21607048e-18  -7.02833715e-18   1.12683263e-17
  3.39200000e-05   5.13027470e-04   3.95792693e-04  -7.56628562e-05   7.16819733e-18  -7.11004589e-18   1.14108556e-17
  3.40000000e-05   5.17191778e-04   3.99089941e-04  -7.02946617e-05   7.11934075e-18  -7.19093887e-18   1.15546915e-17
