       time             b_x              b_y              b_z              F_x              F_y              F_z
  0.00000000e+00  -8.71361384e-03  -4.89165390e-03  -4.76383896e-02   1.34960021e-16  -3.33042268e-16   9.51203449e-18
  8.00000000e-08  -8.81194462e-03  -4.95208519e-03  -4.70514141e-02   2.45620762e-16  -2.63361669e-16  -1.82822802e-17
  1.60000000e-07  -8.70867197e-03  -4.89417927e-03  -4.65655343e-02   3.17417814e-16  -1.56634725e-16  -4.29005966e-17
  2.40000000e-07  -8.15395728e-03  -4.57747463e-03  -4.63042218e-02   3.41061210e-16  -2.16550780e-17  -5.79185410e-17
  3.20000000e-07  -8.06731014e-03  -4.52924372e-03  -4.58173716e-02   3.21238815e-16   9.99870134e-17  -6.64463848e-17
  4.00000000e-07  -8.03255721e-03  -4.51003785e-03  -4.53134459e-02   2.62557318e-16   2.04192495e-16  -6.68658607e-17
  4.80000000e-07  -7.97958672e-03  -4.48122828e-03  -4.48550458e-02   1.73975070e-16   2.81203773e-16  -5.90432450e-17
  5.60000000e-07  -8.02586347e-03  -4.50734283e-03  -4.44243644e-02   6.84322735e-17   3.20684585e-16  -4.49002136e-17
  6.40000000e-07  -8.08317619e-03  -4.53929409e-03  -4.39966760e-02  -4.12285937e-17   3.21506414e-16  -2.55963468e-17
  7.20000000e-07  -8.13677639e-03  -4.56879554e-03  -4.35768875e-02  -1.42173961e-16   2.85627753e-16  -3.39944138e-18
  8.00000000e-07  -8.17284220e-03  -4.58812283e-03  -4.31687456e-02  -2.23495265e-16   2.19005550e-16   1.90361604e-17
  8.80000000e-07  -8.17998704e-03  -4.59095459e-03  -4.27744756e-02  -2.77253309e-16   1.30585166e-16   3.90049879e-17
  9.60000000e-07  -8.15039886e-03  -4.57300230e-03  -4.23946408e-02  -2.99078112e-16   3.10827248e-17   5.41451582e-17
  1.04000000e-06  -8.08051432e-03  -4.53237688e-03  -4.20282073e-02  -2.88324063e-16  -6.82981860e-17   6.27997244e-17
  1.12000000e-06  -7.97118996e-03  -4.46967218e-03  -4.16727732e-02  -2.47821884e-16  -1.57087354e-16   6.42521265e-17
  1.20000000e-06  -7.82738935e-03  -4.38777735e-03  -4.13249097e-02  -1.83298682e-16  -2.26593300e-16   5.87778924e-17
  1.28000000e-06  -7.48252459e-03  -4.19299890e-03  -4.11603249e-02  -1.06425535e-16  -2.67751528e-16   4.66228960e-17
  1.36000000e-06  -7.33379515e-03  -4.10869906e-03  -4.08650162e-02  -1.82764324e-17  -2.85494095e-16   3.19844467e-17
  1.44000000e-06  -7.18169383e-03  -4.02280285e-03  -4.05655421e-02   6.90364377e-17  -2.74385460e-16   1.49880914e-17
  1.52000000e-06  -7.03630765e-03  -3.94095923e-03  -4.02591808e-02   1.46982407e-16  -2.36848130e-16  -2.50389133e-18
  1.60000000e-06  -6.90675054e-03  -3.86824373e-03  -3.99439174e-02   2.08454891e-16  -1.77776861e-16  -1.88279406e-17
  1.68000000e-06  -6.80032850e-03  -3.80869491e-03  -3.96186110e-02   2.48376609e-16  -1.03861751e-16  -3.26479092e-17
  1.76000000e-06  -6.72193444e-03  -3.76498182e-03  -3.92830789e-02   2.64050219e-16  -2.27843567e-17  -4.29993172e-17
  1.84000000e-06  -6.67371356e-03  -3.73822416e-03  -3.89380882e-02   2.55238224e-16   5.76126742e-17  -4.92770953e-17
  1.92000000e-06  -6.65500795e-03  -3.72796936e-03  -3.85852561e-02   2.23988522e-16   1.30089575e-16  -5.12013019e-17
  2.00000000e-06  -6.50152868e-03  -3.64459118e-03  -3.83866836e-02   1.71531763e-16   1.92870840e-16  -4.73641864e-17
  2.08000000e-06  -6.53277821e-03  -3.66240648e-03  -3.80782503e-02   1.07362061e-16   2.32663724e-16  -4.07970863e-17
  2.16000000e-06  -6.57542577e-03  -3.68642849e-03  -3.77703221e-02   3.60509963e-17   2.51399007e-16  -3.08129518e-17
  2.24000000e-06  -6.62251266e-03  -3.71273717e-03  -3.74651096e-02  -3.60178488e-17   2.48445338e-16  -1.82538791e-17
  2.32000000e-06  -6.66691850e-03  -3.73733940e-03  -3.71644989e-02  -1.02788701e-16   2.25022299e-16  -4.18950383e-18
  2.40000000e-06  -6.70196077e-03  -3.75650438e-03  -3.68698993e-02  -1.59014551e-16   1.83958901e-16   1.01618630e-17
  2.48000000e-06  -6.72192410e-03  -3.76705845e-03  -3.65821484e-02  -2.00625027e-16   1.29346886e-16   2.35450613e-17
  2.56000000e-06  -6.72248141e-03  -3.76661795e-03  -3.63014777e-02  -2.24965268e-16   6.61262439e-17   3.47989287e-17
  2.64000000e-06  -6.70098021e-03  -3.75374592e-03  -3.60275326e-02  -2.30901790e-16  -3.60802149e-19   4.29844225e-17
  2.72000000e-06  -6.39691204e-03  -3.58320224e-03  -3.59486536e-02  -2.24495336e-16  -5.94292293e-17   4.58716446e-17
  2.80000000e-06  -6.34343130e-03  -3.55240754e-03  -3.57223411e-02  -1.97355680e-16  -1.19136775e-16   4.68931913e-17
  2.88000000e-06  -6.27269850e-03  -3.51201885e-03  -3.54984489e-02  -1.55920451e-16  -1.68239499e-16   4.41963612e-17
  2.96000000e-06  -6.18812850e-03  -3.46398563e-03  -3.52754733e-02  -1.03853261e-16  -2.03429452e-16   3.81946405e-17
  3.04000000e-06  -6.09408846e-03  -3.41078183e-03  -3.50518851e-02  -4.54318223e-17  -2.22613461e-16   2.95605069e-17
  3.12000000e-06  -5.99553447e-03  -3.35520062e-03  -3.48262363e-02   1.48101214e-17  -2.25002706e-16   1.91273792e-17
  3.20000000e-06  -5.89762285e-03  -3.30013585e-03  -3.45972559e-02   7.24364832e-17  -2.11094200e-16   7.78779908e-18
  3.28000000e-06  -5.80532719e-03  -3.24836753e-03  -3.43639300e-02   1.23431318e-16  -1.82553097e-16  -3.59561988e-18
  3.36000000e-06  -5.72308963e-03  -3.20236746e-03  -3.41255626e-02   1.64467452e-16  -1.42012893e-16  -1.42557210e-17
  3.44000000e-06  -5.45954667e-03  -3.05360918e-03  -3.40184143e-02   1.90046400e-16  -8.87421984e-17  -2.25343601e-17
  3.52000000e-06  -5.41770353e-03  -3.03040556e-03  -3.37996694e-02   2.04294449e-16  -3.55549700e-17  -2.95583002e-17
  3.60000000e-06  -5.39101281e-03  -3.01570716e-03  -3.35769679e-02   2.04478408e-16   1.86906338e-17  -3.45091076e-17
  3.68000000e-06  -5.37961378e-03  -3.00955611e-03  -3.33509317e-02   1.91129383e-16   7.03101054e-17  -3.71745077e-17
  3.76000000e-06  -5.38263283e-03  -3.01142929e-03  -3.31223963e-02   1.65662696e-16   1.15990944e-16  -3.74670956e-17
  3.84000000e-06  -5.39828091e-03  -3.02029507e-03  -3.28923464e-02   1.30223747e-16   1.52990476e-16  -3.54204208e-17
  3.92000000e-06  -5.42400591e-03  -3.03470044e-03  -3.26618429e-02   8.74959993e-17   1.79277567e-16  -3.11872338e-17
  4.00000000e-06  -5.45668615e-03  -3.05288062e-03  -3.24319472e-02   4.04886560e-17   1.93614597e-16  -2.50375389e-17
  4.08000000e-06  -5.27164854e-03  -2.94436930e-03  -3.23075451e-02  -1.17537091e-17   2.00576182e-16  -1.63617795e-17
  4.16000000e-06  -5.26678215e-03  -2.94291280e-03  -3.21212822e-02  -6.00328784e-17   1.90443057e-16  -7.60484021e-18
  4.24000000e-06  -5.27135724e-03  -2.94496208e-03  -3.19300661e-02  -1.03463392e-16   1.68541528e-16   1.53598455e-18
  4.32000000e-06  -5.26999113e-03  -2.94351873e-03  -3.17428202e-02  -1.39712717e-16   1.36936764e-16   1.04971407e-17
  4.40000000e-06  -5.26034288e-03  -2.93729449e-03  -3.15599983e-02  -1.66865545e-16   9.78434213e-17   1.87064345e-17
  4.48000000e-06  -5.24061311e-03  -2.92531244e-03  -3.13817772e-02  -1.83633004e-16   5.38205797e-17   2.56488826e-17
  4.56000000e-06  -5.20963296e-03  -2.90695469e-03  -3.12080593e-02  -1.89391590e-16   7.60458659e-18   3.09072240e-17
  4.64000000e-06  -5.16691205e-03  -2.88198690e-03  -3.10384902e-02  -1.84181718e-16  -3.80577615e-17   3.41940830e-17
  4.72000000e-06  -5.11264489e-03  -2.85055944e-03  -3.08724905e-02  -1.68669251e-16  -8.05669764e-17   3.53715208e-17
  4.80000000e-06  -5.04767716e-03  -2.81318610e-03  -3.07092972e-02  -1.44074770e-16  -1.17611723e-16   3.44555782e-17
  4.88000000e-06  -4.93100582e-03  -2.75065400e-03  -3.05909678e-02  -1.12945271e-16  -1.46490034e-16   3.13777973e-17
  4.96000000e-06  -4.86166765e-03  -2.71131732e-03  -3.04466338e-02  -7.55485555e-17  -1.67913876e-16   2.70164437e-17
  5.04000000e-06  -4.78777396e-03  -2.66954466e-03  -3.03020819e-02  -3.48113726e-17  -1.79688808e-16   2.13304248e-17
  5.12000000e-06  -4.71155024e-03  -2.62659353e-03  -3.01564803e-02   6.93957375e-18  -1.81456792e-16   1.47204541e-17
  5.20000000e-06  -4.63529858e-03  -2.58375727e-03  -3.00090662e-02   4.74115008e-17  -1.73425596e-16   7.60847342e-18
  5.28000000e-06  -4.56126996e-03  -2.54229348e-03  -2.98591835e-02   8.44703137e-17  -1.56330993e-16   4.06821577e-19
  5.36000000e-06  -4.49154464e-03  -2.50335739e-03  -2.97063138e-02   1.16250396e-16  -1.31370703e-16  -6.50622701e-18
  5.44000000e-06  -4.42792690e-03  -2.46794374e-03  -2.95501003e-02   1.41243836e-16  -1.00115541e-16  -1.28032682e-17
  5.52000000e-06  -4.33665917e-03  -2.41784363e-03  -2.94192635e-02   1.57999237e-16  -6.35562721e-17  -1.80670638e-17
  5.60000000e-06  -4.29701755e-03  -2.39577734e-03  -2.92753511e-02   1.66640889e-16  -2.55706755e-17  -2.23668429e-17
  5.68000000e-06  -4.26549103e-03  -2.37828926e-03  -2.91285921e-02   1.66643043e-16   1.29306909e-17  -2.54583993e-17
  5.76000000e-06  -4.24214918e-03  -2.36539196e-03  -2.89793174e-02   1.58263505e-16   4.99851914e-17  -2.72474316e-17
  5.84000000e-06  -4.22664916e-03  -2.35686725e-03  -2.88279799e-02   1.42175638e-16   8.37847527e-17  -2.76951797e-17
  5.92000000e-06  -4.21826549e-03  -2.35228415e-03  -2.86751277e-02   1.19412242e-16   1.12760221e-16  -2.68161533e-17
  6.00000000e-06  -4.21593765e-03  -2.35102669e-03  -2.85213749e-02   9.12940475e-17   1.35647454e-16  -2.46762577e-17
  6.08000000e-06  -4.21833197e-03  -2.35232960e-03  -2.83673679e-02   5.93480507e-17   1.51533134e-16  -2.13909750e-17
  6.16000000e-06  -4.22391421e-03  -2.35531972e-03  -2.82137523e-02   2.52209803e-17   1.59879741e-16  -1.71228257e-17
  6.24000000e-06  -4.16105738e-03  -2.31961412e-03  -2.80991841e-02  -1.04342890e-17   1.62344526e-16  -1.18565357e-17
  6.32000000e-06  -4.16847681e-03  -2.32325111e-03  -2.79627264e-02  -4.43904152e-17   1.55338844e-16  -6.28875465e-18
  6.40000000e-06  -4.17414976e-03  -2.32581165e-03  -2.78281189e-02  -7.56849577e-17   1.41279062e-16  -4.55228104e-19
  6.48000000e-06  -4.17668193e-03  -2.32652377e-03  -2.76956597e-02  -1.02959721e-16   1.21004222e-16   5.36224112e-18
  6.56000000e-06  -4.17484646e-03  -2.32471320e-03  -2.75655406e-02  -1.25090786e-16   9.56045278e-17   1.08824899e-17
  6.64000000e-06  -4.16763517e-03  -2.31983138e-03  -2.74378423e-02  -1.41227881e-16   6.63612094e-17   1.58408764e-17
  6.72000000e-06  -4.15429807e-03  -2.31147679e-03  -2.73125342e-02  -1.50819424e-16   3.46813186e-17   2.00048731e-17
  6.80000000e-06  -4.14443211e-03  -2.30738739e-03  -2.71803282e-02  -1.53352817e-16   1.80129667e-18   2.32301849e-17
  6.88000000e-06  -4.11848363e-03  -2.29274750e-03  -2.70585446e-02  -1.49356629e-16  -3.03098086e-17   2.53012709e-17
  6.96000000e-06  -4.00217388e-03  -2.22424034e-03  -2.69955481e-02  -1.40567794e-16  -5.86042090e-17   2.56681803e-17
  7.04000000e-06  -3.96856928e-03  -2.20479586e-03  -2.68900727e-02  -1.24846910e-16  -8.61919536e-17   2.54926524e-17
  7.12000000e-06  -3.92987046e-03  -2.18259304e-03  -2.67854210e-02  -1.04075193e-16  -1.09652140e-16   2.42045114e-17
  7.20000000e-06  -3.88687689e-03  -2.15808826e-03  -2.66811865e-02  -7.92588150e-17  -1.28082204e-16   2.19061456e-17
  7.28000000e-06  -3.84055607e-03  -2.13182750e-03  -2.65769522e-02  -5.15442227e-17  -1.40822417e-16   1.87443457e-17
  7.36000000e-06  -3.79199832e-03  -2.10442095e-03  -2.64723074e-02  -2.21642735e-17  -1.47475439e-16   1.48984856e-17
  7.44000000e-06  -3.74236770e-03  -2.07651565e-03  -2.63668644e-02   7.61715917e-18  -1.47913667e-16   1.05677653e-17
  7.52000000e-06  -3.69285149e-03  -2.04876750e-03  -2.62602728e-02   3.65596784e-17  -1.42274525e-16   5.95873325e-18
  7.60000000e-06  -3.64461040e-03  -2.02181387e-03  -2.61522328e-02   6.34976431e-17  -1.30944387e-16   1.27411717e-18
  7.68000000e-06  -3.52814541e-03  -1.96120949e-03  -2.60748974e-02   8.64719833e-17  -1.12983721e-16  -3.20235141e-18
  7.76000000e-06  -3.49103128e-03  -1.94035969e-03  -2.59732171e-02   1.06267903e-16  -9.26000125e-17  -7.36555820e-18
  7.84000000e-06  -3.45761689e-03  -1.92160533e-03  -2.58697889e-02   1.21501260e-16  -6.88700657e-17  -1.11235435e-17
  7.92000000e-06  -3.42846851e-03  -1.90525172e-03  -2.57645956e-02   1.31675988e-16  -4.28213249e-17  -1.43554194e-17
  8.00000000e-06  -3.40397407e-03  -1.89150404e-03  -2.56576890e-02   1.36514431e-16  -1.55402693e-17  -1.69655615e-17
  8.08000000e-06  -3.38433240e-03  -1.88046178e-03  -2.55491874e-02   1.35959863e-16   1.18742013e-17  -1.88836671e-17
  8.16000000e-06  -3.36955027e-03  -1.87211756e-03  -2.54392693e-02   1.30169656e-16   3.83555093e-17  -2.00642250e-17
  8.24000000e-06  -3.35944715e-03  -1.86636020e-03  -2.53281656e-02   1.19499919e-16   6.29104200e-17  -2.04857775e-17
  8.32000000e-06  -3.35366690e-03  -1.86298164e-03  -2.52161496e-02   1.04482797e-16   8.46548078e-17  -2.01502157e-17
  8.40000000e-06  -3.28419877e-03  -1.82754528e-03  -2.51555596e-02   8.48535438e-17   1.04595728e-16  -1.86769581e-17
  8.48000000e-06  -3.28587459e-03  -1.82918120e-03  -2.50532265e-02   6.29746827e-17   1.18511661e-16  -1.69122413e-17
  8.56000000e-06  -3.28967496e-03  -1.83199638e-03  -2.49510276e-02   3.91002441e-17   1.27824933e-16  -1.45405598e-17
  8.64000000e-06  -3.29483529e-03  -1.83556445e-03  -2.48492461e-02   1.41566370e-17   1.32302965e-16  -1.16500278e-17
  8.72000000e-06  -3.25976419e-03  -1.81352564e-03  -2.47662301e-02  -1.15633252e-17   1.32924218e-16  -8.21149455e-18
  8.80000000e-06  -3.25521918e-03  -1.81104320e-03  -2.46665240e-02  -3.62176126e-17   1.27825893e-16  -4.60551098e-18
  8.88000000e-06  -3.24970092e-03  -1.80795774e-03  -2.45680430e-02  -5.92472193e-17   1.18201357e-16  -8.61579189e-19
  8.96000000e-06  -3.24247717e-03  -1.80386709e-03  -2.44710219e-02  -7.98727019e-17   1.04499161e-16   2.88025632e-18
  9.04000000e-06  -3.23288556e-03  -1.79840988e-03  -2.43756399e-02  -9.74247374e-17   8.72974219e-17   6.48050600e-18
  9.12000000e-06  -3.21372049e-03  -1.78628022e-03  -2.43072730e-02  -1.11669583e-16   6.75323120e-17   9.80131319e-18
  9.20000000e-06  -3.20190679e-03  -1.77858125e-03  -2.42274243e-02  -1.21692802e-16   4.53332831e-17   1.27549705e-17
  9.28000000e-06  -3.18671139e-03  -1.76896456e-03  -2.41490708e-02  -1.27423411e-16   2.18336419e-17   1.52154382e-17
  9.36000000e-06  -3.16793538e-03  -1.75733409e-03  -2.40721236e-02  -1.28750639e-16  -2.13298459e-18   1.70995330e-17
  9.44000000e-06  -3.14550437e-03  -1.74366364e-03  -2.39964477e-02  -1.25716624e-16  -2.57379993e-17   1.83494077e-17
  9.52000000e-06  -3.11946856e-03  -1.72799636e-03  -2.39218680e-02  -1.18510197e-16  -4.81857007e-17   1.89347065e-17
  9.60000000e-06  -3.08999864e-03  -1.71044196e-03  -2.38481753e-02  -1.07456083e-16  -6.87391673e-17   1.88531618e-17
  9.68000000e-06  -3.05737759e-03  -1.69117166e-03  -2.37751348e-02  -9.29999893e-17  -8.67433872e-17   1.81296150e-17
  9.76000000e-06  -3.02198894e-03  -1.67041121e-03  -2.37024936e-02  -7.56902043e-17  -1.01644960e-16   1.68135829e-17
  9.84000000e-06  -2.96396323e-03  -1.64088466e-03  -2.36262978e-02  -5.63938439e-17  -1.12559646e-16   1.48921629e-17
  9.92000000e-06  -2.92787770e-03  -1.62037494e-03  -2.35578092e-02  -3.53553079e-17  -1.20205154e-16   1.26621891e-17
  1.00000000e-05  -2.89076810e-03  -1.59934226e-03  -2.34890339e-02  -1.34675793e-17  -1.23842427e-16   1.00897328e-17
  1.00800000e-05  -2.85319543e-03  -1.57810314e-03  -2.34197289e-02   8.53939040e-18  -1.23426428e-16   7.27656090e-18
  1.01600000e-05  -2.81572710e-03  -1.55697595e-03  -2.33496706e-02   2.99488590e-17  -1.19046347e-16   4.32659150e-18
  1.02400000e-05  -2.77891832e-03  -1.53627051e-03  -2.32786617e-02   5.00805477e-17  -1.10918903e-16   1.34164446e-18
  1.03200000e-05  -2.74329433e-03  -1.51627816e-03  -2.32065368e-02   6.83120104e-17  -9.93775050e-17  -1.58214088e-18
  1.04000000e-05  -2.70933415e-03  -1.49726284e-03  -2.31331671e-02   8.40974305e-17  -8.48578118e-17  -4.35710301e-18
  1.04800000e-05  -2.66875096e-03  -1.47654091e-03  -2.30903358e-02   9.69904716e-17  -6.76832473e-17  -6.88194106e-18
  1.05600000e-05  -2.64187177e-03  -1.46252826e-03  -2.30236529e-02   1.06695970e-16  -4.88571691e-17  -9.13938733e-18
  1.06400000e-05  -2.61745533e-03  -1.44990467e-03  -2.29558699e-02   1.12915099e-16  -2.87522774e-17  -1.10587038e-17
  1.07200000e-05  -2.59566501e-03  -1.43875515e-03  -2.28870600e-02   1.15516404e-16  -8.01988523e-18  -1.25967789e-17
  1.08000000e-05  -2.57657970e-03  -1.42911736e-03  -2.28173272e-02   1.14485098e-16   1.26852599e-17  -1.37224094e-17
  1.08800000e-05  -2.56019301e-03  -1.42098139e-03  -2.27468027e-02   1.09919881e-16   3.27258634e-17  -1.44160460e-17
  1.09600000e-05  -2.54641505e-03  -1.41429095e-03  -2.26756410e-02   1.02026183e-16   5.15015445e-17  -1.46694498e-17
  1.10400000e-05  -2.53507684e-03  -1.40894598e-03  -2.26040142e-02   9.11062419e-17   6.84662869e-17  -1.44853308e-17
  1.11200000e-05  -2.52593688e-03  -1.40480655e-03  -2.25321072e-02   7.75465209e-17   8.31434042e-17  -1.38769984e-17
  1.12000000e-05  -2.50488128e-03  -1.39013425e-03  -2.24424431e-02   6.14981374e-17   9.52967221e-17  -1.27669153e-17
  1.12800000e-05  -2.50101272e-03  -1.38735197e-03  -2.23714104e-02   4.40664571e-17   1.04204144e-16  -1.13885798e-17
  1.13600000e-05  -2.49817918e-03  -1.38509712e-03  -2.23005068e-02   2.55206367e-17   1.09919449e-16  -9.68606843e-18
  1.14400000e-05  -2.49598636e-03  -1.38314920e-03  -2.22299179e-02   6.42447254e-18   1.12335067e-16  -7.71084960e-18
  1.15200000e-05  -2.49402527e-03  -1.38128104e-03  -2.21598178e-02  -1.26567660e-17   1.11442360e-16  -5.52201858e-18
  1.16000000e-05  -2.49188442e-03  -1.37926550e-03  -2.20903643e-02  -3.11728345e-17   1.07328539e-16  -3.18489319e-18
  1.16800000e-05  -2.48916171e-03  -1.37688201e-03  -2.20216947e-02  -4.86038446e-17   1.00170968e-16  -7.69276632e-19
  1.17600000e-05  -2.48547576e-03  -1.37392276e-03  -2.19539221e-02  -6.44740570e-17   9.02291807e-17   1.65258764e-18
  1.18400000e-05  -2.48047642e-03  -1.37019843e-03  -2.18871326e-02  -7.83638435e-17   7.78349444e-17   4.00830703e-18
  1.19200000e-05  -2.44002290e-03  -1.35297787e-03  -2.19073483e-02  -9.08074189e-17   6.45147497e-17   6.12968537e-18
  1.20000000e-05  -2.43173217e-03  -1.34852919e-03  -2.18562323e-02  -1.00015897e-16   4.82702474e-17   8.14953068e-18
  1.20800000e-05  -2.42151568e-03  -1.34299300e-03  -2.18059694e-02  -1.06368016e-16   3.08103427e-17   9.91442937e-18
  1.21600000e-05  -2.40923838e-03  -1.33629764e-03  -2.17564850e-02  -1.09727722e-16   1.26395940e-17   1.13745387e-17
  1.22400000e-05  -2.39482336e-03  -1.32840414e-03  -2.17076841e-02  -1.10044388e-16  -5.72676582e-18   1.24907074e-17
  1.23200000e-05  -2.37825327e-03  -1.31930683e-03  -2.16594537e-02  -1.07352339e-16  -2.37772235e-17   1.32358142e-17
  1.24000000e-05  -2.35956989e-03  -1.30903307e-03  -2.16116670e-02  -1.01768117e-16  -4.10179707e-17   1.35955669e-17
  1.24800000e-05  -2.33887220e-03  -1.29764199e-03  -2.15641861e-02  -9.34855774e-17  -5.69861198e-17   1.35687198e-17
  1.25600000e-05  -2.31631278e-03  -1.28522246e-03  -2.15168669e-02  -8.27690080e-17  -7.12618105e-17   1.31667027e-17
  1.26400000e-05  -2.26583928e-03  -1.25544949e-03  -2.13973521e-02  -7.00860873e-17  -8.27795554e-17   1.22785922e-17
  1.27200000e-05  -2.24228431e-03  -1.24253051e-03  -2.13472807e-02  -5.56564855e-17  -9.26721196e-17   1.12401014e-17
  1.28000000e-05  -2.21767349e-03  -1.22904665e-03  -2.12972145e-02  -3.99131260e-17  -9.99994997e-17   9.92704148e-18
  1.28800000e-05  -2.19228726e-03  -1.21515495e-03  -2.12470111e-02  -2.32956154e-17  -1.04603072e-16   8.38610290e-18
  1.29600000e-05  -2.16642323e-03  -1.20102136e-03  -2.11965329e-02  -6.25873870e-18  -1.06400191e-16   6.66844805e-18
  1.30400000e-05  -2.14038791e-03  -1.18681616e-03  -2.11456508e-02   1.07400588e-17  -1.05384770e-16   4.82768098e-18
  1.31200000e-05  -2.11448851e-03  -1.17270939e-03  -2.10942471e-02   2.72529838e-17  -1.01625752e-16   2.91792132e-18
  1.32000000e-05  -2.08902473e-03  -1.15886635e-03  -2.10422188e-02   4.28536652e-17  -9.52635639e-17   9.92070872e-19
  1.32800000e-05  -2.04823603e-03  -1.13177761e-03  -2.11012204e-02   5.69807796e-17  -8.63366003e-17  -9.00244362e-19
  1.33600000e-05  -2.02782202e-03  -1.12025773e-03  -2.10581000e-02   6.97177409e-17  -7.55037783e-17  -2.69689474e-18
  1.34400000e-05  -2.00852059e-03  -1.10938167e-03  -2.10142188e-02   8.05012901e-17  -6.28145164e-17  -4.37814159e-18
  1.35200000e-05  -1.99051968e-03  -1.09924833e-03  -2.09696111e-02   8.90757836e-17  -4.86243965e-17  -5.90649072e-18
  1.36000000e-05  -1.97397128e-03  -1.08993616e-03  -2.09243294e-02   9.52479379e-17  -3.33219438e-17  -7.24983345e-18
  1.36800000e-05  -1.95898803e-03  -1.08150142e-03  -2.08784429e-02   9.88905337e-17  -1.73175503e-17  -8.38167951e-18
  1.37600000e-05  -1.94564080e-03  -1.07397707e-03  -2.08320357e-02   9.99442215e-17  -1.03213718e-18  -9.28123715e-18
  1.38400000e-05  -1.93395751e-03  -1.06737219e-03  -2.07852044e-02   9.84174447e-17   1.51141115e-17  -9.93338987e-18
  1.39200000e-05  -1.92392301e-03  -1.06167215e-03  -2.07380554e-02   9.43845568e-17   3.07126318e-17  -1.03286139e-17
  1.40000000e-05  -1.88248979e-03  -1.04041093e-03  -2.05993602e-02   8.72874191e-17   4.56677092e-17  -1.02833708e-17
  1.40800000e-05  -1.87487916e-03  -1.03657526e-03  -2.05480118e-02   7.87111740e-17   5.88639144e-17  -1.01513868e-17
  1.41600000e-05  -1.86847798e-03  -1.03338650e-03  -2.04963698e-02   6.82420255e-17   7.04613579e-17  -9.77356187e-18
  1.42400000e-05  -1.86313254e-03  -1.03075729e-03  -2.04445439e-02   5.61667628e-17   8.01973310e-17  -9.16186281e-18
  1.43200000e-05  -1.85866425e-03  -1.02858710e-03  -2.03926480e-02   4.28059845e-17   8.78605649e-17  -8.33311090e-18
  1.44000000e-05  -1.85487436e-03  -1.02676497e-03  -2.03407963e-02   2.85052119e-17   9.32950491e-17  -7.30874411e-18
  1.44800000e-05  -1.85154913e-03  -1.02517229e-03  -2.02891013e-02   1.36256973e-17   9.64023354e-17  -6.11449706e-18
  1.45600000e-05  -1.84846522e-03  -1.02368581e-03  -2.02376707e-02  -1.46482142e-18   9.71423450e-17  -4.77997543e-18
  1.46400000e-05  -1.84539521e-03  -1.02218073e-03  -2.01866049e-02  -1.64011877e-17   9.55327311e-17  -3.33810681e-18
  1.47200000e-05  -1.81664855e-03  -1.00577964e-03  -2.02815716e-02  -3.17472614e-17   9.30801655e-17  -1.77227484e-18
  1.48000000e-05  -1.80485801e-03  -9.97760121e-04  -2.02044693e-02  -4.56865981e-17   8.68422880e-17  -2.07377348e-19
  1.48800000e-05  -1.79717665e-03  -9.92799040e-04  -2.01591726e-02  -5.84498238e-17   7.86611522e-17   1.33685756e-18
  1.49600000e-05  -1.78875361e-03  -9.87387234e-04  -2.01145940e-02  -6.97529295e-17   6.86578403e-17   2.83271586e-18
  1.50400000e-05  -1.77943464e-03  -9.81444756e-04  -2.00707583e-02  -7.93484190e-17   5.70926363e-17   4.24309114e-18
  1.51200000e-05  -1.76908756e-03  -9.74904654e-04  -2.00276734e-02  -8.70331826e-17   4.42578658e-17   5.53344958e-18
  1.52000000e-05  -1.75760504e-03  -9.67714378e-04  -1.99853293e-02  -9.26521853e-17   3.04704541e-17   6.67285734e-18
  1.52800000e-05  -1.74490687e-03  -9.59836834e-04  -1.99436994e-02  -9.61009786e-17   1.60641286e-17   7.63490827e-18
  1.53600000e-05  -1.73094141e-03  -9.51251055e-04  -1.99027408e-02  -9.73270251e-17   1.38143765e-18   8.39850582e-18
  1.54400000e-05  -1.71598809e-03  -9.46858156e-04  -1.99247958e-02  -9.66018010e-17  -1.31959451e-17   8.94675308e-18
  1.55200000e-05  -1.70160445e-03  -9.38392124e-04  -1.99003665e-02  -9.34717041e-17  -2.75390504e-17   9.29099951e-18
  1.56000000e-05  -1.68605887e-03  -9.29282126e-04  -1.98763101e-02  -8.82302727e-17  -4.11818683e-17   9.40974493e-18
  1.56800000e-05  -1.66940969e-03  -9.19565864e-04  -1.98525116e-02  -8.10156896e-17  -5.38142681e-17   9.30532848e-18
  1.57600000e-05  -1.65173999e-03  -9.09294616e-04  -1.98288507e-02  -7.20102568e-17  -6.51524009e-17   8.98614606e-18
  1.58400000e-05  -1.63315548e-03  -8.98531931e-04  -1.98052047e-02  -6.14357807e-17  -7.49449829e-17   8.46619081e-18
  1.59200000e-05  -1.61237842e-03  -8.86206799e-04  -1.97304077e-02  -4.94135118e-17  -8.28080624e-17   7.75748530e-18
  1.60000000e-05  -1.59214512e-03  -8.74618841e-04  -1.96996805e-02  -3.65424261e-17  -8.88556728e-17   6.89837031e-18
  1.60800000e-05  -1.56812199e-03  -8.61513800e-04  -1.96662786e-02  -2.29942577e-17  -9.27776244e-17   5.89776069e-18
  1.61600000e-05  -1.54846115e-03  -8.50318519e-04  -1.96396267e-02  -9.02646403e-18  -9.47188875e-17   4.81263492e-18
  1.62400000e-05  -1.52868054e-03  -8.39076020e-04  -1.96127340e-02   5.02527719e-18  -9.45256612e-17   3.65232976e-18
  1.63200000e-05  -1.50893706e-03  -8.27874784e-04  -1.95854870e-02   1.88426577e-17  -9.22211115e-17   2.44646192e-18
  1.64000000e-05  -1.48938533e-03  -8.16801526e-04  -1.95577805e-02   3.21160724e-17  -8.78760863e-17   1.22427564e-18
  1.64800000e-05  -1.47017412e-03  -8.05939252e-04  -1.95295205e-02   4.45516012e-17  -8.16069307e-17   1.39080481e-20
  1.65600000e-05  -1.45144314e-03  -7.95365421e-04  -1.95006258e-02   5.58775563e-17  -7.35722580e-17  -1.15823288e-18
  1.66400000e-05  -1.43331994e-03  -7.85150255e-04  -1.94710298e-02   6.58504371e-17  -6.39687639e-17  -2.26796700e-18
  1.67200000e-05  -1.41591716e-03  -7.75355244e-04  -1.94406820e-02   7.42601490e-17  -5.30261927e-17  -3.29371588e-18
  1.68000000e-05  -1.39961046e-03  -7.66862054e-04  -1.94122943e-02   8.09622721e-17  -4.10078428e-17  -4.21734201e-18
  1.68800000e-05  -1.38525492e-03  -7.57724535e-04  -1.93933665e-02   8.58111784e-17  -2.81987939e-17  -5.02766961e-18
  1.69600000e-05  -1.37163501e-03  -7.49985181e-04  -1.93676193e-02   8.87087747e-17  -1.48543960e-17  -5.70723134e-18
  1.70400000e-05  -1.35890928e-03  -7.42746819e-04  -1.93413093e-02   8.96058961e-17  -1.27941041e-18  -6.24652678e-18
  1.71200000e-05  -1.34709109e-03  -7.36010419e-04  -1.93145146e-02   8.84999053e-17   1.22253476e-17  -6.63829351e-18
  1.72000000e-05  -1.33617341e-03  -7.29765749e-04  -1.92873238e-02   8.54324563e-17   2.53643248e-17  -6.87822702e-18
  1.72800000e-05  -1.32612924e-03  -7.23991701e-04  -1.92598335e-02   8.04878196e-17   3.78537302e-17  -6.96491159e-18
  1.73600000e-05  -1.31691237e-03  -7.18656857e-04  -1.92321464e-02   7.37902760e-17   4.94276122e-17  -6.89974051e-18
  1.74400000e-05  -1.30549362e-03  -7.19769042e-04  -1.91570228e-02   6.55219534e-17   5.96902585e-17  -6.70781121e-18
  1.75200000e-05  -1.29793876e-03  -7.15971634e-04  -1.91200564e-02   5.58831024e-17   6.86657153e-17  -6.36481118e-18
  1.76000000e-05  -1.29091887e-03  -7.12466352e-04  -1.90830931e-02   4.50887248e-17   7.60928123e-17  -5.89104994e-18
  1.76800000e-05  -1.28433664e-03  -7.09196627e-04  -1.90462199e-02   3.33818986e-17   8.18307576e-17  -5.29804303e-18
  1.77600000e-05  -1.27808582e-03  -7.06101139e-04  -1.90095217e-02   2.10212160e-17   8.57769220e-17  -4.59948975e-18
  1.78400000e-05  -1.27205370e-03  -7.03115165e-04  -1.89730791e-02   8.27496394e-18   8.78681837e-17  -3.81106570e-18
  1.79200000e-05  -1.26612344e-03  -7.00171989e-04  -1.89369669e-02  -4.58472698e-18   8.80814023e-17  -2.95017152e-18
  1.80000000e-05  -1.26017666e-03  -6.97204317e-04  -1.89012524e-02  -1.72876426e-17   8.64330479e-17  -2.03563286e-18
  1.80800000e-05  -1.25409589e-03  -6.94145698e-04  -1.88659944e-02  -2.95710391e-17   8.29780296e-17  -1.08734918e-18
  1.81600000e-05  -1.23846398e-03  -6.80921177e-04  -1.88955704e-02  -4.16365883e-17   7.83591672e-17  -9.47842048e-20
  1.82400000e-05  -1.23157659e-03  -6.77150055e-04  -1.88781146e-02  -5.25326402e-17   7.15903678e-17   8.59225010e-19
  1.83200000e-05  -1.22427261e-03  -6.73129472e-04  -1.88613395e-02  -6.23249398e-17   6.33405847e-17   1.78493698e-18
  1.84000000e-05  -1.21646890e-03  -6.68816352e-04  -1.88452384e-02  -7.08174354e-17   5.37891738e-17   2.66232390e-18
  1.84800000e-05  -1.20809277e-03  -6.64173737e-04  -1.88297909e-02  -7.78421462e-17   4.31408241e-17   3.47255750e-18
  1.85600000e-05  -1.19908347e-03  -6.59171524e-04  -1.88149633e-02  -8.32622884e-17   3.16212349e-17   4.19849959e-18
  1.86400000e-05  -1.19049111e-03  -6.57373569e-04  -1.87400550e-02  -8.65541554e-17   1.93204849e-17   4.82075300e-18
  1.87200000e-05  -1.18013753e-03  -6.52029414e-04  -1.87182590e-02  -8.84151260e-17   6.88702997e-18   5.33444174e-18
  1.88000000e-05  -1.16905188e-03  -6.46274835e-04  -1.86970197e-02  -8.84910974e-17  -5.64184695e-18   5.72801815e-18
  1.88800000e-05  -1.14925839e-03  -6.33840688e-04  -1.86544558e-02  -8.68335619e-17  -1.78395122e-17   5.95576788e-18
  1.89600000e-05  -1.13747625e-03  -6.27106493e-04  -1.86346056e-02  -8.34432703e-17  -2.98082454e-17   6.09659707e-18
  1.90400000e-05  -1.12505072e-03  -6.20026235e-04  -1.86152904e-02  -7.84069398e-17  -4.11340455e-17   6.10874014e-18
  1.91200000e-05  -1.11201812e-03  -6.12622789e-04  -1.85964431e-02  -7.18369543e-17  -5.15923976e-17   5.99526872e-18
  1.92000000e-05  -1.09842665e-03  -6.04925348e-04  -1.85779876e-02  -6.38755137e-17  -6.09779433e-17   5.76217792e-18
  1.92800000e-05  -1.08433535e-03  -5.96968794e-04  -1.85598405e-02  -5.46915838e-17  -6.91083912e-17   5.41812686e-18
  1.93600000e-05  -1.06981285e-03  -5.88792949e-04  -1.85419128e-02  -4.44773475e-17  -7.58279570e-17   4.97410409e-18
  1.94400000e-05  -1.05493590e-03  -5.80441740e-04  -1.85241115e-02  -3.34442228e-17  -8.10102696e-17   4.44303378e-18
  1.95200000e-05  -1.03978777e-03  -5.71962280e-04  -1.85063416e-02  -2.18185208e-17  -8.45606857e-17   3.83934087e-18
  1.96000000e-05  -1.01866684e-03  -5.59224083e-04  -1.85249089e-02  -9.98202844e-18  -8.64271577e-17   3.15793775e-18
  1.96800000e-05  -1.00429417e-03  -5.51135129e-04  -1.85083835e-02   2.15323196e-18  -8.66126901e-17   2.46227975e-18
  1.97600000e-05  -9.89925993e-04  -5.43066038e-04  -1.84914757e-02   1.41676841e-17  -8.50761096e-17   1.74009838e-18
  1.98400000e-05  -9.75647373e-04  -5.35061997e-04  -1.84741271e-02   2.58205977e-17  -8.18583065e-17   1.00721785e-18
  1.99200000e-05  -9.61540956e-04  -5.27166563e-04  -1.84562881e-02   3.68802598e-17  -7.70338702e-17   2.78918504e-19
  2.00000000e-05  -9.47685327e-04  -5.19420789e-04  -1.84379191e-02   4.71286491e-17  -7.07092899e-17  -4.30376875e-19
  2.00800000e-05  -9.34153457e-04  -5.11862427e-04  -1.84189914e-02   5.63657875e-17  -6.30204962e-17  -1.10736091e-18
  2.01600000e-05  -9.21011286e-04  -5.04525185e-04  -1.83994873e-02   6.44136745e-17  -5.41298027e-17  -1.74004155e-18
  2.02400000e-05  -9.02926922e-04  -4.94443569e-04  -1.83620836e-02   7.09859007e-17  -4.40818805e-17  -2.30360995e-18
  2.03200000e-05  -8.90688072e-04  -4.88309251e-04  -1.83444165e-02   7.62295846e-17  -3.33912577e-17  -2.81238282e-18
  2.04000000e-05  -8.78923177e-04  -4.82434329e-04  -1.83261493e-02   7.99189407e-17  -2.21006693e-17  -3.25111876e-18
  2.04800000e-05  -8.67658167e-04  -4.76829788e-04  -1.83072883e-02   8.19904640e-17  -1.04371438e-17  -3.61402265e-18
  2.05600000e-05  -8.56908799e-04  -4.71501133e-04  -1.82878518e-02   8.24134204e-17   1.36677505e-18  -3.89686125e-18
  2.06400000e-05  -8.46680428e-04  -4.66448319e-04  -1.82678692e-02   8.11901133e-17   1.30778017e-17  -4.09693094e-18
  2.07200000e-05  -8.36967973e-04  -4.61665794e-04  -1.82473806e-02   7.83554546e-17   2.44666297e-17  -4.21301083e-18
  2.08000000e-05  -8.27756095e-04  -4.57142644e-04  -1.82264361e-02   7.39758607e-17   3.53124958e-17  -4.24530703e-18
  2.08800000e-05  -8.19019571e-04  -4.52862853e-04  -1.82050946e-02   6.81475145e-17   4.54074898e-17  -4.19539228e-18
  2.09600000e-05  -8.07681944e-04  -4.46864573e-04  -1.82042940e-02   6.09901275e-17   5.47151845e-17  -4.04909426e-18
  2.10400000e-05  -8.01133841e-04  -4.43279040e-04  -1.81844141e-02   5.26411054e-17   6.27406188e-17  -3.84857999e-18
  2.11200000e-05  -7.94902404e-04  -4.39854209e-04  -1.81645368e-02   4.32837927e-17   6.95051994e-17  -3.57722006e-18
  2.12000000e-05  -7.88933174e-04  -4.36560680e-04  -1.81447372e-02   3.31052914e-17   7.48868964e-17  -3.24118980e-18
  2.12800000e-05  -7.83166728e-04  -4.33366573e-04  -1.81250888e-02   2.23066762e-17   7.87914523e-17  -2.84773381e-18
  2.13600000e-05  -7.77539849e-04  -4.30238158e-04  -1.81056620e-02   1.10989536e-17   8.11537989e-17  -2.40506752e-18
  2.14400000e-05  -7.71986770e-04  -4.27140514e-04  -1.80865228e-02  -3.01085069e-19   8.19388924e-17  -1.92225932e-18
  2.15200000e-05  -7.66440442e-04  -4.24038203e-04  -1.80677312e-02  -1.16750359e-17   8.11419697e-17  -1.40909088e-18
  2.16000000e-05  -7.48954317e-04  -4.12608891e-04  -1.80261347e-02  -2.29568003e-17   7.89355903e-17  -8.52979964e-19
  2.16800000e-05  -7.42636402e-04  -4.08936558e-04  -1.80085301e-02  -3.36550842e-17   7.50774956e-17  -3.16985443e-19
  2.17600000e-05  -7.36170394e-04  -4.05172973e-04  -1.79913587e-02  -4.37032089e-17   6.97971238e-17   2.16387234e-19
  2.18400000e-05  -7.29503256e-04  -4.01292624e-04  -1.79746702e-02  -5.29157623e-17   6.32022523e-17   7.36571137e-19
  2.19200000e-05  -7.22585834e-04  -3.97272245e-04  -1.79585052e-02  -6.11244506e-17   5.54243010e-17   1.23335018e-18
  2.20000000e-05  -7.15373752e-04  -3.93091242e-04  -1.79428947e-02  -6.81809859e-17   4.66156598e-17   1.69708850e-18
  2.20800000e-05  -7.07828228e-04  -3.88732063e-04  -1.79278590e-02  -7.39595767e-17   3.69466870e-17   2.11895432e-18
  2.21600000e-05  -6.99916762e-04  -3.84180514e-04  -1.79134080e-02  -7.83589879e-17   2.66024357e-17   2.49113021e-18
  2.22400000e-05  -6.91613716e-04  -3.79426003e-04  -1.78995405e-02  -8.13041475e-17   1.57791655e-17   2.80700154e-18
  2.23200000e-05  -6.71255039e-04  -3.72362127e-04  -1.79315003e-02  -8.30422252e-17   4.98708993e-18   3.00507530e-18
  2.24000000e-05  -6.62976764e-04  -3.67411802e-04  -1.79223111e-02  -8.30123387e-17  -6.26907642e-18   3.19928519e-18
  2.24800000e-05  -6.54322702e-04  -3.62259599e-04  -1.79134856e-02  -8.14501661e-17  -1.73958318e-17   3.32690695e-18
  2.25600000e-05  -6.45298032e-04  -3.56909208e-04  -1.79049659e-02  -7.83897952e-17  -2.81854859e-17   3.38701790e-18
  2.26400000e-05  -6.35914776e-04  -3.51367976e-04  -1.78966883e-02  -7.38930559e-17  -3.84373316e-17   3.38025295e-18
  2.27200000e-05  -6.26191538e-04  -3.45646753e-04  -1.78885850e-02  -6.80483107e-17  -4.79613287e-17   3.30875548e-18
  2.28000000e-05  -6.16153139e-04  -3.39759679e-04  -1.78805851e-02  -6.09687620e-17  -5.65815969e-17   3.17608394e-18
  2.28800000e-05  -6.05830125e-04  -3.33723903e-04  -1.78726159e-02  -5.27903034e-17  -6.41396539e-17   2.98707767e-18
  2.29600000e-05  -5.95258174e-04  -3.27559254e-04  -1.78646044e-02  -4.36689465e-17  -7.04973367e-17   2.74768762e-18
  2.30400000e-05  -5.70467423e-04  -3.15734500e-04  -1.78057438e-02  -3.38367509e-17  -7.50402350e-17   2.41470143e-18
  2.31200000e-05  -5.59615783e-04  -3.09996259e-04  -1.77980300e-02  -2.34478253e-17  -7.86829232e-17   2.10771557e-18
  2.32000000e-05  -5.48667209e-04  -3.04198932e-04  -1.77902612e-02  -1.26720863e-17  -8.08731056e-17   1.77368225e-18
  2.32800000e-05  -5.37662194e-04  -2.98363965e-04  -1.77823621e-02  -1.71036789e-18  -8.15742011e-17   1.42041884e-18
  2.33600000e-05  -5.26642054e-04  -2.92513382e-04  -1.77742599e-02   9.23359801e-18  -8.07774007e-17   1.05577784e-18
  2.34400000e-05  -5.15648159e-04  -2.86669376e-04  -1.77658857e-02   1.99569955e-17  -7.85017865e-17   6.87456304e-19
  2.35200000e-05  -5.04721163e-04  -2.80853892e-04  -1.77571761e-02   3.02617293e-17  -7.47939194e-17   3.22823183e-19
  2.36000000e-05  -4.93900247e-04  -2.75088221e-04  -1.77480739e-02   3.99581436e-17  -6.97269003e-17  -3.12308838e-20
  2.36800000e-05  -4.74719825e-04  -2.66032266e-04  -1.77908439e-02   4.89152538e-17  -6.33538579e-17  -3.57873430e-19
  2.37600000e-05  -4.65571961e-04  -2.60710770e-04  -1.77834307e-02   5.69100493e-17  -5.58946852e-17  -6.70476752e-19
  2.38400000e-05  -4.56590902e-04  -2.55493264e-04  -1.77754927e-02   6.38117619e-17  -4.74272092e-17  -9.57415793e-19
  2.39200000e-05  -4.47799349e-04  -2.50392735e-04  -1.77670399e-02   6.94950939e-17  -3.81118237e-17  -1.21443606e-18
  2.40000000e-05  -4.39216347e-04  -2.45419921e-04  -1.77580918e-02   7.38580932e-17  -2.81241745e-17  -1.43807395e-18
  2.40800000e-05  -4.30856944e-04  -2.40583114e-04  -1.77486769e-02   7.68239654e-17  -1.76517251e-17  -1.62566665e-18
  2.41600000e-05  -4.22731933e-04  -2.35888023e-04  -1.77388323e-02   7.83423759e-17  -6.89011848e-18  -1.77534389e-18
  2.42400000e-05  -4.14847661e-04  -2.31337673e-04  -1.77286032e-02   7.83902227e-17   3.96058710e-18  -1.88600496e-18
  2.43200000e-05  -4.07205941e-04  -2.26932364e-04  -1.77180416e-02   7.69718694e-17   1.46997278e-17  -1.95728440e-18
  2.44000000e-05  -3.87053424e-04  -2.16322646e-04  -1.76702303e-02   7.38134949e-17   2.53340211e-17  -1.92697480e-18
  2.44800000e-05  -3.78509588e-04  -2.12065947e-04  -1.76592143e-02   6.95639868e-17   3.52328451e-17  -1.91414647e-18
  2.45600000e-05  -3.70122318e-04  -2.07905845e-04  -1.76478558e-02   6.40261764e-17   4.44516752e-17  -1.86647490e-18
  2.46400000e-05  -3.61876381e-04  -2.03834804e-04  -1.76362144e-02   5.73062083e-17   5.28245551e-17  -1.78639504e-18
  2.47200000e-05  -3.53753948e-04  -1.99843647e-04  -1.76243550e-02   4.95312896e-17   6.02020386e-17  -1.67682075e-18
  2.48000000e-05  -3.45734933e-04  -1.95921730e-04  -1.76123461e-02   4.08471443e-17   6.64538005e-17  -1.54107965e-18
  2.48800000e-05  -3.37797370e-04  -1.92057148e-04  -1.76002594e-02   3.14151579e-17   7.14708484e-17  -1.38284581e-18
  2.49600000e-05  -3.29917823e-04  -1.88236951e-04  -1.75881676e-02   2.14092756e-17   7.51673056e-17  -1.20607027e-18
  2.50400000e-05  -3.22071822e-04  -1.84447392e-04  -1.75761437e-02   1.10127185e-17   7.74817401e-17  -1.01490927e-18
  2.51200000e-05  -3.13367698e-04  -1.75674499e-04  -1.76102970e-02   2.61919980e-19   7.86080145e-17  -7.88828310e-19
  2.52000000e-05  -3.06771586e-04  -1.71799877e-04  -1.76036739e-02  -1.04093463e-17   7.80445024e-17  -5.80262069e-19
  2.52800000e-05  -3.00165896e-04  -1.67909803e-04  -1.75974674e-02  -2.09008036e-17   7.60541188e-17  -3.69173786e-19
  2.53600000e-05  -2.93527617e-04  -1.63992774e-04  -1.75917132e-02  -3.10237301e-17   7.26759708e-17  -1.59848699e-19
  2.54400000e-05  -2.86834326e-04  -1.60037778e-04  -1.75864390e-02  -4.05966056e-17   6.79738234e-17   4.35631319e-20
  2.55200000e-05  -2.80064592e-04  -1.56034491e-04  -1.75816637e-02  -4.94482583e-17   6.20348652e-17   2.37129304e-19
  2.56000000e-05  -2.73198366e-04  -1.51973465e-04  -1.75773974e-02  -5.74208158e-17   5.49680878e-17   4.17216617e-19
  2.56800000e-05  -2.66217332e-04  -1.47846292e-04  -1.75736408e-02  -6.43724163e-17   4.69023094e-17   5.80569529e-19
  2.57600000e-05  -2.43366477e-04  -1.38426141e-04  -1.75154075e-02  -7.00756361e-17   3.82125776e-17   6.71662426e-19
  2.58400000e-05  -2.35051652e-04  -1.33943556e-04  -1.75102001e-02  -7.46505189e-17   2.86663273e-17   7.82804189e-19
  2.59200000e-05  -2.26619024e-04  -1.29395103e-04  -1.75055404e-02  -7.79095387e-17   1.86030539e-17   8.71075054e-19
  2.60000000e-05  -2.18065014e-04  -1.24778478e-04  -1.75014210e-02  -7.97967512e-17   8.20284783e-18   9.35772062e-19
  2.60800000e-05  -2.09388205e-04  -1.20092594e-04  -1.74978248e-02  -8.02804937e-17  -2.34860259e-18   9.76797884e-19
  2.61600000e-05  -2.00589358e-04  -1.15337591e-04  -1.74947254e-02  -7.93538909e-17  -1.28632261e-17   9.94651766e-19
  2.62400000e-05  -1.91671401e-04  -1.10514836e-04  -1.74920880e-02  -7.70349495e-17  -2.31538222e-17   9.90404209e-19
  2.63200000e-05  -1.82639363e-04  -1.05626890e-04  -1.74898694e-02  -7.33662404e-17  -3.30373038e-17   9.65655641e-19
  2.64000000e-05  -1.73500279e-04  -1.00677460e-04  -1.74880191e-02  -6.84141677e-17  -4.23378789e-17   9.22479967e-19
  2.64800000e-05  -1.54195696e-04  -8.72923525e-05  -1.75604480e-02  -6.27375305e-17  -5.08891126e-17   8.03856912e-19
  2.65600000e-05  -1.46199613e-04  -8.23206956e-05  -1.75642871e-02  -5.54815707e-17  -5.86827872e-17   7.36846989e-19
  2.66400000e-05  -1.38149664e-04  -7.73276193e-05  -1.75680671e-02  -4.72422735e-17  -6.54337288e-17   6.59511297e-19
  2.67200000e-05  -1.30053696e-04  -7.23182259e-05  -1.75717208e-02  -3.81677571e-17  -7.10184902e-17   5.74775185e-19
  2.68000000e-05  -1.21920361e-04  -6.72978984e-05  -1.75751834e-02  -2.84216710e-17  -7.53345335e-17   4.85629990e-19
  2.68800000e-05  -1.13758950e-04  -6.22722009e-05  -1.75783934e-02  -1.81802697e-17  -7.83022080e-17   3.95042884e-19
  2.69600000e-05  -1.05579232e-04  -5.72467753e-05  -1.75812937e-02  -7.62922169e-18  -7.98663187e-17   3.05869218e-19
  2.70400000e-05  -9.73912607e-05  -5.22272376e-05  -1.75838332e-02   3.03978463e-18  -7.99972461e-17   2.20770219e-19
  2.71200000e-05  -8.92052011e-05  -4.72190734e-05  -1.75859671e-02   1.36325770e-17  -7.86915894e-17   1.42138737e-19
  2.72000000e-05  -7.15246589e-05  -4.12921618e-05  -1.75095477e-02   2.37677790e-17  -7.54390603e-17   8.08164564e-20
  2.72800000e-05  -6.29930844e-05  -3.65544270e-05  -1.75095576e-02   3.35231863e-17  -7.13915792e-17   2.84387175e-20
  2.73600000e-05  -5.44874056e-05  -3.18277853e-05  -1.75091700e-02   4.26487094e-17  -6.60745858e-17  -1.26110947e-20
  2.74400000e-05  -4.60117595e-05  -2.71154494e-05  -1.75083371e-02   5.09795731e-17  -5.95841697e-17  -4.16948974e-20
  2.75200000e-05  -3.75696987e-05  -2.24203478e-05  -1.75070192e-02   5.83654179e-17  -5.20378270e-17  -5.86087770e-20
  2.76000000e-05  -2.91641278e-05  -1.77450720e-05  -1.75051855e-02   6.46731083e-17  -4.35723097e-17  -6.35777909e-20
  2.76800000e-05  -2.07972532e-05  -1.30918306e-05  -1.75028147e-02   6.97892184e-17  -3.43410978e-17  -5.72385772e-20
  2.77600000e-05  -1.24705450e-05  -8.46241120e-06  -1.74998952e-02   7.36221429e-17  -2.45115434e-17  -4.06106137e-20
  2.78400000e-05   2.14211373e-06   1.17760455e-06  -1.75596732e-02   7.62584448e-17  -1.41608178e-17   8.35314054e-21
  2.79200000e-05   1.04231406e-05   5.73001219e-06  -1.75601437e-02   7.73527833e-17  -3.61779962e-18   4.47336261e-20
  2.80000000e-05   1.87042910e-05   1.02824877e-05  -1.75602815e-02   7.70213139e-17   6.97707888e-18   8.61245186e-20
  2.80800000e-05   2.69856775e-05   1.48350931e-05  -1.75601411e-02   7.52702107e-17   1.74315514e-17   1.30398514e-19
  2.81600000e-05   3.52674207e-05   1.93878945e-05  -1.75597820e-02   7.21315196e-17   2.75560761e-17   1.75295283e-19
  2.82400000e-05   4.35496430e-05   2.39409593e-05  -1.75592674e-02   6.76624985e-17   3.71673080e-17   2.18488537e-19
  2.83200000e-05   5.18324617e-05   2.84943520e-05  -1.75586638e-02   6.19444929e-17   4.60914318e-17   2.57655200e-19
  2.84000000e-05   6.01159837e-05   3.30481313e-05  -1.75580391e-02   5.50813762e-17   5.41672940e-17   2.90544914e-19
  2.84800000e-05   6.84002983e-05   3.76023463e-05  -1.75574616e-02   4.71975914e-17   6.12492788e-17   3.15048158e-19
  2.85600000e-05   8.41755329e-05   4.79592382e-05  -1.74996280e-02   3.81756148e-17   6.71475325e-17   3.67653371e-19
  2.86400000e-05   9.21208975e-05   5.28613275e-05  -1.74956130e-02   2.87235363e-17   7.18089203e-17   3.68203892e-19
  2.87200000e-05   1.00073079e-04   5.77741734e-05  -1.74915818e-02   1.87374078e-17   7.51636764e-17   3.55464100e-19
  2.88000000e-05   1.08026512e-04   6.26943516e-05  -1.74876091e-02   8.39704863e-18   7.71532673e-17   3.28471315e-19
  2.88800000e-05   1.15975581e-04   6.76182880e-05  -1.74837686e-02  -2.11185376e-18   7.77437417e-17   2.86664469e-19
  2.89600000e-05   1.23914718e-04   7.25423205e-05  -1.74801319e-02  -1.26010791e-17   7.69262022e-17   2.29915087e-19
  2.90400000e-05   1.31838502e-04   7.74627642e-05  -1.74767669e-02  -2.28832183e-17   7.47168325e-17   1.58546669e-19
  2.91200000e-05   1.39741752e-04   8.23759752e-05  -1.74737365e-02  -3.27749679e-17   7.11564881e-17   7.33417061e-20
  2.92000000e-05   1.56989986e-04   8.99130917e-05  -1.75358999e-02  -4.23105988e-17   6.67605998e-17  -3.64787883e-20
  2.92800000e-05   1.66115648e-04   9.48138404e-05  -1.75406467e-02  -5.10153511e-17   6.07083891e-17  -1.54980180e-19
  2.93600000e-05   1.75193561e-04   9.96810875e-05  -1.75459024e-02  -5.88354609e-17   5.35403385e-17  -2.83293194e-19
  2.94400000e-05   1.84216031e-04   1.04511636e-04  -1.75516638e-02  -6.56289279e-17   4.53833008e-17  -4.18582402e-19
  2.95200000e-05   1.93176299e-04   1.09302918e-04  -1.75579188e-02  -7.12716706e-17   3.63820608e-17  -5.57659040e-19
  2.96000000e-05   2.02068663e-04   1.14053042e-04  -1.75646462e-02  -7.56597660e-17   2.66968727e-17  -6.97059768e-19
  2.96800000e-05   2.10888588e-04   1.18760832e-04  -1.75718163e-02  -7.87113630e-17   1.65007214e-17  -8.33134636e-19
  2.97600000e-05   2.19632792e-04   1.23425850e-04  -1.75793915e-02  -8.03682371e-17   5.97634661e-18  -9.62141646e-19
  2.98400000e-05   2.28299314e-04   1.28048410e-04  -1.75873266e-02  -8.05969552e-17  -4.68692594e-18  -1.08034515e-18
  2.99200000e-05   2.47681638e-04   1.40953301e-04  -1.75267025e-02  -7.93008727e-17  -1.49598917e-17  -1.24096453e-18
  3.00000000e-05   2.55283307e-04   1.45327849e-04  -1.75336643e-02  -7.67232927e-17  -2.52917662e-17  -1.32669209e-18
  3.00800000e-05   2.62771032e-04   1.49637132e-04  -1.75410368e-02  -7.27813493e-17  -3.51971155e-17  -1.39054641e-18
  3.01600000e-05   2.70152024e-04   1.53884956e-04  -1.75487676e-02  -6.75424738e-17  -4.44965227e-17  -1.42996261e-18
  3.02400000e-05   2.77435396e-04   1.58076224e-04  -1.75567980e-02  -6.10976201e-17  -5.30206637e-17  -1.44285699e-18
  3.03200000e-05   2.84632010e-04   1.62216849e-04  -1.75650637e-02  -5.35598178e-17  -6.06133865e-17  -1.42768347e-18
  3.04000000e-05   2.91754287e-04   1.66313656e-04  -1.75734964e-02  -4.50623196e-17  -6.71346012e-17  -1.38347687e-18
  3.04800000e-05   2.98815994e-04   1.70374261e-04  -1.75820245e-02  -3.57563665e-17  -7.24629221e-17  -1.30988277e-18
  3.05600000e-05   3.05831995e-04   1.74406936e-04  -1.75905749e-02  -2.58085982e-17  -7.64980133e-17  -1.20717369e-18
  3.06400000e-05   3.29047814e-04   1.82716145e-04  -1.76628623e-02  -1.55434859e-17  -7.91163867e-17  -1.10799659e-18
  3.07200000e-05   3.36974959e-04   1.86639157e-04  -1.76736986e-02  -4.82317542e-18  -8.03704777e-17  -9.40695432e-19
  3.08000000e-05   3.44877789e-04   1.90560781e-04  -1.76841718e-02   5.98117724e-18  -8.01639309e-17  -7.47183767e-19
  3.08800000e-05   3.52779768e-04   1.94492952e-04  -1.76942365e-02   1.66701943e-17  -7.84954033e-17  -5.30449303e-19
  3.09600000e-05   3.60704393e-04   1.98447420e-04  -1.77038548e-02   2.70456318e-17  -7.53908197e-17  -2.94039661e-19
  3.10400000e-05   3.68674756e-04   2.02435533e-04  -1.77129970e-02   3.69141544e-17  -7.09030756e-17  -4.20022093e-20
  3.11200000e-05   3.76713121e-04   2.06468025e-04  -1.77216422e-02   4.60910505e-17  -6.51112058e-17   2.21182743e-19
  3.12000000e-05   3.84840506e-04   2.10554817e-04  -1.77297787e-02   5.44038088e-17  -5.81190296e-17   4.90674351e-19
  3.12800000e-05   3.91163729e-04   2.19101947e-04  -1.76870867e-02   6.14040036e-17  -4.99318435e-17   7.39457838e-19
  3.13600000e-05   3.98310977e-04   2.23183187e-04  -1.76955940e-02   6.75177553e-17  -4.10379507e-17   1.00217503e-18
  3.14400000e-05   4.05626452e-04   2.27356917e-04  -1.77035657e-02   7.23723937e-17  -3.13843917e-17   1.25515385e-18
  3.15200000e-05   4.13119484e-04   2.31630059e-04  -1.77109974e-02   7.58743513e-17  -2.11483002e-17   1.49322990e-18
  3.16000000e-05   4.20796107e-04   2.36007686e-04  -1.77178948e-02   7.79551176e-17  -1.05183591e-17   1.71130920e-18
  3.16800000e-05   4.28658939e-04   2.40492928e-04  -1.77242734e-02   7.85726486e-17   3.08764026e-19   1.90445740e-18
  3.17600000e-05   4.36707121e-04   2.45086905e-04  -1.77301589e-02   7.77122574e-17   1.11321518e-17   2.06799279e-18
  3.18400000e-05   4.44936323e-04   2.49788703e-04  -1.77355859e-02   7.53869641e-17   2.17504639e-17   2.19758282e-18
  3.19200000e-05   4.53338818e-04   2.54595381e-04  -1.77405978e-02   7.16373010e-17   3.19657754e-17   2.28934271e-18
  3.20000000e-05   4.73838444e-04   2.65557959e-04  -1.77820125e-02   6.65225293e-17   4.19283841e-17   2.39879191e-18
  3.20800000e-05   4.83682897e-04   2.70865556e-04  -1.77898386e-02   6.00944400e-17   5.08237632e-17   2.40772615e-18
  3.21600000e-05   4.93722763e-04   2.76286150e-04  -1.77976445e-02   5.25073305e-17   5.87743683e-17   2.36899935e-18
  3.22400000e-05   5.03935984e-04   2.81805953e-04  -1.78055024e-02   4.38997383e-17   6.56295130e-17   2.28117378e-18
  3.23200000e-05   5.14297128e-04   2.87409243e-04  -1.78134842e-02   3.44295893e-17   7.12585078e-17   2.14373518e-18
  3.24000000e-05   5.24777851e-04   2.93078652e-04  -1.78216592e-02   2.42712994e-17   7.55531125e-17   1.95717156e-18
  3.24800000e-05   5.35347411e-04   2.98795480e-04  -1.78300935e-02   1.36125797e-17   7.84295732e-17   1.72303422e-18
  3.25600000e-05   5.45973230e-04   3.04540037e-04  -1.78388484e-02   2.65100700e-18   7.98302136e-17   1.44397635e-18
  3.26400000e-05   5.56621493e-04   3.10292010e-04  -1.78479792e-02  -8.40958208e-18   7.97245546e-17   1.12376521e-18
  3.27200000e-05   5.77595375e-04   3.19266640e-04  -1.78161290e-02  -1.94197695e-17   7.81945120e-17   7.71667634e-19
  3.28000000e-05   5.88246326e-04   3.25449199e-04  -1.78252083e-02  -3.00575273e-17   7.50947817e-17   3.79143205e-19
  3.28800000e-05   5.98792068e-04   3.31582502e-04  -1.78346798e-02  -4.01826438e-17   7.05676131e-17  -3.71222069e-20
  3.29600000e-05   6.09193910e-04   3.37645373e-04  -1.78445972e-02  -4.96044281e-17   6.46927393e-17  -4.69358393e-19
  3.30400000e-05   6.19415626e-04   3.43617830e-04  -1.78550058e-02  -5.81444648e-17   5.75751715e-17  -9.09085929e-19
  3.31200000e-05   6.29424138e-04   3.49481458e-04  -1.78659421e-02  -6.56399133e-17   4.93433920e-17  -1.34729784e-18
  3.32000000e-05   6.39190153e-04   3.55219762e-04  -1.78774327e-02  -7.19465457e-17   4.01471302e-17  -1.77466586e-18
  3.32800000e-05   6.48688726e-04   3.60818484e-04  -1.78894940e-02  -7.69414721e-17   3.01547567e-17  -2.18176499e-18
  3.33600000e-05   6.72258802e-04   3.72998372e-04  -1.79471565e-02  -8.08726492e-17   1.98857834e-17  -2.61601248e-18
  3.34400000e-05   6.82203866e-04   3.78392371e-04  -1.79636108e-02  -8.30350642e-17   8.80758928e-18  -2.96789536e-18
  3.35200000e-05   6.91774525e-04   3.83584365e-04  -1.79804953e-02  -8.36527684e-17  -2.49455778e-18  -3.27164110e-18
  3.36000000e-05   7.00965729e-04   3.88572569e-04  -1.79977609e-02  -8.27051283e-17  -1.38070213e-17  -3.51924279e-18
  3.36800000e-05   7.09779502e-04   3.93359003e-04  -1.80153511e-02  -8.02010238e-17  -2.49141633e-17  -3.70379977e-18
  3.37600000e-05   7.18224953e-04   3.97949482e-04  -1.80332029e-02  -7.61790422e-17  -3.56023869e-17  -3.81971194e-18
  3.38400000e-05   7.26318154e-04   4.02353524e-04  -1.80512483e-02  -7.07071198e-17  -4.56642167e-17  -3.86283664e-18
  3.39200000e-05   7.34081873e-04   4.06584199e-04  -1.80694153e-02  -6.38816233e-17  -5.49023427e-17  -3.83060357e-18
  3.40000000e-05   7.41545183e-04   4.10657899e-04  -1.80876293e-02  -5.58258677e-17  -6.31335497e-17  -3.72208501e-18
  3.40800000e-05   7.59094273e-04   4.15767498e-04  -1.80603765e-02  -4.66574210e-17  -6.97304385e-17  -3.56631718e-18
  3.41600000e-05   7.65604849e-04   4.19393797e-04  -1.80809163e-02  -3.66962644e-17  -7.54839829e-17  -3.30471925e-18
  3.42400000e-05   7.71903729e-04   4.22930405e-04  -1.81014744e-02  -2.60099157e-17  -7.98199407e-17  -2.97409092e-18
  3.43200000e-05   7.78044097e-04   4.26405045e-04  -1.81219694e-02  -1.48005093e-17  -8.26444738e-17  -2.58004350e-18
  3.44000000e-05   7.84082316e-04   4.29846707e-04  -1.81423210e-02  -3.28240643e-18  -8.38922810e-17  -2.12952342e-18
  3.44800000e-05   7.90076850e-04   4.33285084e-04  -1.81624514e-02   8.32185594e-18  -8.35282990e-17  -1.63065325e-18
  3.45600000e-05   7.96087141e-04   4.36750005e-04  -1.81822869e-02   1.97858669e-17  -8.15488274e-17  -1.09255655e-18
  3.46400000e-05   8.02172453e-04   4.40270849e-04  -1.82017595e-02   3.08838106e-17  -7.79820357e-17  -5.25173128e-19
  3.47200000e-05   8.08390709e-04   4.43875969e-04  -1.82208082e-02   4.13950111e-17  -7.28878227e-17   6.09297599e-20
  3.48000000e-05   8.21438955e-04   4.53231310e-04  -1.82674486e-02   5.10732409e-17  -6.63404087e-17   6.50665540e-19
  3.48800000e-05   8.29259003e-04   4.57193454e-04  -1.82856163e-02   5.97986443e-17  -5.84592799e-17   1.25023755e-18
  3.49600000e-05   8.37425730e-04   4.61344138e-04  -1.83032391e-02   6.73431191e-17  -4.94057569e-17   1.83583923e-18
  3.50400000e-05   8.45984921e-04   4.65706526e-04  -1.83203181e-02   7.35493518e-17  -3.93534073e-17   2.39594661e-18
  3.51200000e-05   8.54974606e-04   4.70299598e-04  -1.83368654e-02   7.82858150e-17  -2.84972444e-17   2.91926347e-18
  3.52000000e-05   8.64424250e-04   4.75137741e-04  -1.83529036e-02   8.14496971e-17  -1.70499106e-17   3.39488719e-18
  3.52800000e-05   8.74354124e-04   4.80230438e-04  -1.83684662e-02   8.29692490e-17  -5.23745332e-18   3.81247514e-18
  3.53600000e-05   8.84774840e-04   4.85582052e-04  -1.83835958e-02   8.28054919e-17   6.70521273e-18   4.16241456e-18
  3.54400000e-05   8.99015867e-04   4.92514834e-04  -1.83793925e-02   8.08263608e-17   1.86160818e-17   4.45242557e-18
  3.55200000e-05   9.10274643e-04   4.99068766e-04  -1.83969093e-02   7.73083027e-17   3.00715452e-17   4.64097285e-18
  3.56000000e-05   9.22029822e-04   5.05879497e-04  -1.84139979e-02   7.21962223e-17   4.09513082e-17   4.74006229e-18
  3.56800000e-05   9.34251924e-04   5.12928758e-04  -1.84307229e-02   6.55842435e-17   5.10329247e-17   4.74471136e-18
  3.57600000e-05   9.46901792e-04   5.20193324e-04  -1.84471564e-02   5.75975853e-17   6.01086353e-17   4.65152274e-18
  3.58400000e-05   9.59931317e-04   5.27645450e-04  -1.84633769e-02   4.83902015e-17   6.79897161e-17   4.45886657e-18
  3.59200000e-05   9.73284352e-04   5.35253399e-04  -1.84794678e-02   3.81418146e-17   7.45104505e-17   4.16704659e-18
  3.60000000e-05   9.86897792e-04   5.42982060e-04  -1.84955151e-02   2.70544078e-17   7.95316403e-17   3.77843974e-18
  3.60800000e-05   1.00070281e-03   5.50793633e-04  -1.85116065e-02   1.53482525e-17   8.29435872e-17   3.29759814e-18
  3.61600000e-05   1.02163803e-03   5.62546042e-04  -1.85410634e-02   3.16433989e-18   8.48702653e-17   2.74936991e-18
  3.62400000e-05   1.03674086e-03   5.70894544e-04  -1.85600637e-02  -9.11717322e-18   8.48821782e-17   2.10164291e-18
  3.63200000e-05   1.05179057e-03   5.79197441e-04  -1.85794787e-02  -2.12968905e-17   8.31440764e-17   1.38631272e-18
  3.64000000e-05   1.06670077e-03   5.87408923e-04  -1.85993667e-02  -3.31256799e-17   7.96800486e-17   6.16665256e-19
  3.64800000e-05   1.08138728e-03   5.95484685e-04  -1.86197763e-02  -4.43594748e-17   7.45493831e-17  -1.92094470e-19
  3.65600000e-05   1.09576981e-03   6.03382845e-04  -1.86407457e-02  -5.47642105e-17   6.78457298e-17  -1.02313607e-18
  3.66400000e-05   1.10977364e-03   6.11064821e-04  -1.86623018e-02  -6.41206189e-17   5.96955895e-17  -1.85837195e-18
  3.67200000e-05   1.12333121e-03   6.18496143e-04  -1.86844593e-02  -7.22287919e-17   5.02561482e-17  -2.67889061e-18
  3.68000000e-05   1.13638357e-03   6.25647201e-04  -1.87072208e-02  -7.89124315e-17   3.97124883e-17  -3.46544171e-18
  3.68800000e-05   1.15617467e-03   6.37190817e-04  -1.87030714e-02  -8.40505612e-17   2.84392840e-17  -4.22689286e-18
  3.69600000e-05   1.16880250e-03   6.43595131e-04  -1.87279198e-02  -8.74910340e-17   1.63649736e-17  -4.89789165e-18
  3.70400000e-05   1.18076424e-03   6.49629800e-04  -1.87534534e-02  -8.91620135e-17   3.86692997e-18  -5.47991040e-18
  3.71200000e-05   1.19204414e-03   6.55289469e-04  -1.87796502e-02  -8.90140145e-17  -8.79862940e-18  -5.95720804e-18
  3.72000000e-05   1.20264030e-03   6.60576437e-04  -1.88064744e-02  -8.70346106e-17  -2.13690038e-17  -6.31629236e-18
  3.72800000e-05   1.21256490e-03   6.65500680e-04  -1.88338771e-02  -8.32492745e-17  -3.35802835e-17  -6.54633400e-18
  3.73600000e-05   1.22184402e-03   6.70079715e-04  -1.88617971e-02  -7.77214804e-17  -4.51727681e-17  -6.63949893e-18
  3.74400000e-05   1.23051724e-03   6.74338301e-04  -1.88901622e-02  -7.05520405e-17  -5.58964314e-17  -6.59118779e-18
  3.75200000e-05   1.24406539e-03   6.83292012e-04  -1.89435660e-02  -6.20524864e-17  -6.55217584e-17  -6.43848391e-18
  3.76000000e-05   1.25191238e-03   6.87717015e-04  -1.89746733e-02  -5.20461529e-17  -7.38668328e-17  -6.11113030e-18
  3.76800000e-05   1.25931653e-03   6.91901705e-04  -1.90057585e-02  -4.08950094e-17  -8.07027661e-17  -5.64766425e-18
  3.77600000e-05   1.26636953e-03   6.95898286e-04  -1.90367256e-02  -2.88279429e-17  -8.58672586e-17  -5.05663151e-18
  3.78400000e-05   1.27317096e-03   6.99763190e-04  -1.90674808e-02  -1.60969398e-17  -8.92320898e-17  -4.34957764e-18
  3.79200000e-05   1.27982618e-03   7.03555904e-04  -1.90979342e-02  -2.97196995e-18  -9.07066072e-17  -3.54073762e-18
  3.80000000e-05   1.28644412e-03   7.07337704e-04  -1.91280021e-02   1.02646725e-17  -9.02404499e-17  -2.64667187e-18
  3.80800000e-05   1.29313492e-03   7.11170340e-04  -1.91576090e-02   2.33244563e-17  -8.78254148e-17  -1.68586598e-18
  3.81600000e-05   1.30000756e-03   7.15114689e-04  -1.91866889e-02   3.59189945e-17  -8.34963886e-17  -6.78310351e-19
  3.82400000e-05   1.30872242e-03   7.19421895e-04  -1.92020042e-02   4.77096112e-17  -7.72268925e-17   3.58291798e-19
  3.83200000e-05   1.31651148e-03   7.23285266e-04  -1.92346277e-02   5.85506261e-17  -6.93778128e-17   1.39865569e-18
  3.84000000e-05   1.32483546e-03   7.27454314e-04  -1.92665972e-02   6.81362794e-17  -5.99653948e-17   2.42114751e-18
  3.84800000e-05   1.33378250e-03   7.31976322e-04  -1.92978657e-02   7.62407048e-17  -4.91836303e-17   3.40386165e-18
  3.85600000e-05   1.33218223e-03   7.33407950e-04  -1.93200023e-02   8.27079772e-17  -3.74862581e-17   4.27998800e-18
  3.86400000e-05   1.33942376e-03   7.37752765e-04  -1.93443761e-02   8.73287190e-17  -2.47323411e-17   5.10348885e-18
  3.87200000e-05   1.34750226e-03   7.42565408e-04  -1.93683700e-02   9.00023185e-17  -1.13755890e-17   5.82553974e-18
  3.88000000e-05   1.35644730e-03   7.47859155e-04  -1.93920280e-02   9.06539637e-17   2.28950432e-18   6.42942303e-18
  3.88800000e-05   1.36626903e-03   7.53636487e-04  -1.94154023e-02   8.92537412e-17   1.59586609e-17   6.90027687e-18
  3.89600000e-05   1.40056842e-03   7.66831012e-04  -1.94694712e-02   8.57645850e-17   2.98608581e-17   7.34572603e-18
  3.90400000e-05   1.41579852e-03   7.80336175e-04  -1.94087059e-02   7.96840251e-17   4.26289410e-17   7.52659297e-18
  3.91200000e-05   1.42972029e-03   7.87563174e-04  -1.94347718e-02   7.23656063e-17   5.43907439e-17   7.52767894e-18
  3.92000000e-05   1.44443775e-03   7.95214470e-04  -1.94606060e-02   6.33466599e-17   6.49814316e-17   7.35714403e-18
  3.92800000e-05   1.45985875e-03   8.03236651e-04  -1.94862898e-02   5.28172147e-17   7.41517627e-17   7.01349962e-18
  3.93600000e-05   1.47587443e-03   8.11567452e-04  -1.95119087e-02   4.10036276e-17   8.16821469e-17   6.49894273e-18
  3.94400000e-05   1.49236151e-03   8.20137083e-04  -1.95375502e-02   2.81638317e-17   8.73879778e-17   5.81960065e-18
  3.95200000e-05   1.52568320e-03   8.36420909e-04  -1.97045991e-02   1.45551440e-17   9.19229061e-17   5.02891630e-18
  3.96000000e-05   1.54607990e-03   8.50439980e-04  -1.96880081e-02   1.45062070e-19   9.35270683e-17   4.05137154e-18
  3.96800000e-05   1.56656799e-03   8.62043612e-04  -1.97139137e-02  -1.42446844e-17   9.30589898e-17   2.93729808e-18
  3.97600000e-05   1.58693277e-03   8.73546855e-04  -1.97402878e-02  -2.84260783e-17   9.04082090e-17   1.71555409e-18
  3.98400000e-05   1.60701364e-03   8.84862298e-04  -1.97672044e-02  -4.20681860e-17   8.56171911e-17   4.12565963e-19
  3.99200000e-05   1.62665506e-03   8.95906056e-04  -1.97947254e-02  -5.48488809e-17   7.87783163e-17  -9.41778106e-19
  4.00000000e-05   1.64571022e-03   9.06599755e-04  -1.98228986e-02  -6.64623321e-17   7.00324544e-17  -2.31481449e-18
  4.00800000e-05   1.66404453e-03   9.16872414e-04  -1.98517569e-02  -7.66262424e-17   5.95664417e-17  -3.67194967e-18
  4.01600000e-05   1.68153892e-03   9.26662183e-04  -1.98813171e-02  -8.50886807e-17   4.76094929e-17  -4.97763859e-18
  4.02400000e-05   1.69809277e-03   9.35917884e-04  -1.99115796e-02  -9.16343574e-17   3.44285989e-17  -6.19645957e-18
  4.03200000e-05   1.71881413e-03   9.47891363e-04  -2.00030808e-02  -9.63961372e-17   2.03604209e-17  -7.31825145e-18
  4.04000000e-05   1.73535317e-03   9.57294475e-04  -2.00497030e-02  -9.87299041e-17   5.57710280e-18  -8.27904148e-18
  4.04800000e-05   1.75067487e-03   9.66010111e-04  -2.00968966e-02  -9.87477104e-17  -9.50127344e-18  -9.05878481e-18
  4.05600000e-05   1.76365742e-03   9.71372770e-04  -2.01201038e-02  -9.62696602e-17  -2.44481418e-17  -9.61898418e-18
  4.06400000e-05   1.77622430e-03   9.78081794e-04  -2.01619266e-02  -9.15976667e-17  -3.89691252e-17  -9.96001014e-18
  4.07200000e-05   1.78764681e-03   9.84171551e-04  -2.02042252e-02  -8.46993158e-17  -5.26867401e-17  -1.00605319e-17
  4.08000000e-05   1.77627195e-03   9.76587612e-04  -2.02853467e-02  -7.55126132e-17  -6.59534436e-17  -9.78737290e-18
  4.08800000e-05   1.78209215e-03   9.79482114e-04  -2.03309606e-02  -6.44598668e-17  -7.71181415e-17  -9.36548285e-18
  4.09600000e-05   1.78706800e-03   9.81938403e-04  -2.03763746e-02  -5.17438698e-17  -8.64840023e-17  -8.70575753e-18
  4.10400000e-05   1.81848532e-03   1.00109306e-03  -2.03714077e-02  -3.81309503e-17  -9.29027624e-17  -7.96925215e-18
  4.11200000e-05   1.82256282e-03   1.00365201e-03  -2.04141052e-02  -2.32016403e-17  -9.80040348e-17  -6.88976529e-18
  4.12000000e-05   1.82628681e-03   1.00603801e-03  -2.04564942e-02  -7.60058205e-18  -1.00717446e-16  -5.63177741e-18
  4.12800000e-05   1.82987165e-03   1.00837087e-03  -2.04984914e-02   8.28755161e-18  -1.00944574e-16  -4.22589201e-18
  4.13600000e-05   1.83353652e-03   1.01077244e-03  -2.05400229e-02   2.40642225e-17  -9.86488420e-17  -2.70636993e-18
  4.14400000e-05   1.83749990e-03   1.01336363e-03  -2.05810258e-02   3.93270801e-17  -9.38578121e-17  -1.11017727e-18
  4.15200000e-05   1.84197404e-03   1.01626122e-03  -2.06214501e-02   5.36803905e-17  -8.66638022e-17   5.23960472e-19
  4.16000000e-05   1.84715944e-03   1.01957493e-03  -2.06612603e-02   6.67455609e-17  -7.72227746e-17   2.15646516e-18
  4.16800000e-05   1.85887152e-03   1.02156332e-03  -2.07915281e-02   7.86660252e-17  -6.60866178e-17   3.78607907e-18
  4.17600000e-05   1.88169616e-03   1.03807803e-03  -2.07087289e-02   8.71617340e-17  -5.19610870e-17   5.31525802e-18
  4.18400000e-05   1.88992645e-03   1.04317095e-03  -2.07522559e-02   9.43551453e-17  -3.74230887e-17   6.71182961e-18
  4.19200000e-05   1.89956701e-03   1.04904823e-03  -2.07950284e-02   9.91379291e-17  -2.18133501e-17   7.95554973e-18
  4.20000000e-05   1.91069589e-03   1.05574870e-03  -2.08370714e-02   1.01354986e-16  -5.52602015e-18   9.01395705e-18
  4.20800000e-05   1.92335276e-03   1.06328990e-03  -2.08784294e-02   1.00916602e-16   1.10205050e-17   9.85783998e-18
  4.21600000e-05   1.93753738e-03   1.07166743e-03  -2.09191656e-02   9.78021215e-17   2.73943798e-17   1.04618385e-17
  4.22400000e-05   1.95320914e-03   1.08085471e-03  -2.09593600e-02   9.20617909e-17   4.31616861e-17   1.08050743e-17
  4.23200000e-05   1.97028760e-03   1.09080349e-03  -2.09991083e-02   8.38166768e-17   5.78980731e-17   1.08718131e-17
  4.24000000e-05   2.01727642e-03   1.11534555e-03  -2.11265432e-02   7.33242887e-17   7.19706733e-17   1.08009875e-17
  4.24800000e-05   2.04001692e-03   1.12790960e-03  -2.11761662e-02   6.05251110e-17   8.36079068e-17   1.02839394e-17
  4.25600000e-05   2.06383151e-03   1.14103264e-03  -2.12261009e-02   4.59371759e-17   9.30830145e-17   9.47029084e-18
  4.26400000e-05   2.08848283e-03   1.15458007e-03  -2.12764651e-02   2.99305468e-17   1.00108413e-16   8.37040414e-18
  4.27200000e-05   2.11370789e-03   1.16840408e-03  -2.13273655e-02   1.29208076e-17   1.04457523e-16   7.00318136e-18
  4.28000000e-05   2.13922477e-03   1.18234754e-03  -2.13788953e-02  -4.64117231e-18   1.05972283e-16   5.39632925e-18
  4.28800000e-05   2.16474011e-03   1.19624810e-03  -2.14311304e-02  -2.22806762e-17   1.04569053e-16   3.58630909e-18
  4.29600000e-05   2.18995687e-03   1.20994257e-03  -2.14841276e-02  -3.95115273e-17   1.00242710e-16   1.61790985e-18
  4.30400000e-05   2.21458258e-03   1.22327142e-03  -2.15379226e-02  -5.58491390e-17   9.30687858e-17  -4.56596686e-19
  4.31200000e-05   2.25708647e-03   1.25054512e-03  -2.14892295e-02  -7.09902331e-17   8.34803600e-17  -2.59828480e-18
  4.32000000e-05   2.28163675e-03   1.26384155e-03  -2.15415492e-02  -8.41699296e-17   7.12334354e-17  -4.73584458e-18
  4.32800000e-05   2.30470516e-03   1.27630103e-03  -2.15947768e-02  -9.51652505e-17   5.68456731e-17  -6.79681269e-18
  4.33600000e-05   2.32608377e-03   1.28781145e-03  -2.16489301e-02  -1.03633993e-16   4.06881152e-17  -8.71464443e-18
  4.34400000e-05   2.34560919e-03   1.29828580e-03  -2.17040006e-02  -1.09298038e-16   2.31894798e-17  -1.04249863e-17
  4.35200000e-05   2.36316794e-03   1.30766503e-03  -2.17599539e-02  -1.11952861e-16   4.82569790e-18  -1.18682703e-17
  4.36000000e-05   2.37870053e-03   1.31592019e-03  -2.18167303e-02  -1.11475313e-16  -1.38922466e-17  -1.29922069e-17
  4.36800000e-05   2.39220401e-03   1.32305375e-03  -2.18742458e-02  -1.07829407e-16  -3.24319265e-17  -1.37540340e-17
  4.37600000e-05   2.42609632e-03   1.34305216e-03  -2.20009061e-02  -1.01610730e-16  -5.00732648e-17  -1.42616137e-17
  4.38400000e-05   2.43646244e-03   1.34929719e-03  -2.20695205e-02  -9.19201955e-17  -6.68382235e-17  -1.42343252e-17
  4.39200000e-05   2.44498237e-03   1.35452042e-03  -2.21381727e-02  -7.94426331e-17  -8.18608463e-17  -1.37824394e-17
  4.40000000e-05   2.45189097e-03   1.35885664e-03  -2.22067013e-02  -6.44984378e-17  -9.46604672e-17  -1.29138109e-17
  4.40800000e-05   2.45747300e-03   1.36246816e-03  -2.22749465e-02  -4.74906602e-17  -1.04811656e-16  -1.16502888e-17
  4.41600000e-05   2.46205543e-03   1.36554042e-03  -2.23427554e-02  -2.88952711e-17  -1.11959270e-16  -1.00268147e-17
  4.42400000e-05   2.46599829e-03   1.36827683e-03  -2.24099865e-02  -9.24868395e-18  -1.15831854e-16  -8.09002184e-18
  4.43200000e-05   2.46968437e-03   1.37089284e-03  -2.24765139e-02   1.08671879e-17  -1.16252851e-16  -5.89645162e-18
  4.44000000e-05   2.47350780e-03   1.37360960e-03  -2.25422318e-02   3.08419487e-17  -1.13149119e-16  -3.51051816e-18
  4.44800000e-05   2.49620088e-03   1.38047235e-03  -2.25457994e-02   4.97341307e-17  -1.05717050e-16  -9.66613935e-19
  4.45600000e-05   2.50310891e-03   1.38384759e-03  -2.26150842e-02   6.74176425e-17  -9.58780997e-17   1.59508688e-18
  4.46400000e-05   2.51139092e-03   1.38802310e-03  -2.26833337e-02   8.31773976e-17  -8.29758739e-17   4.13160310e-18
  4.47200000e-05   2.52139954e-03   1.39318707e-03  -2.27504771e-02   9.64841845e-17  -6.73605814e-17   6.56818257e-18
  4.48000000e-05   2.53343673e-03   1.39949862e-03  -2.28164777e-02   1.06874540e-16  -4.94774458e-17   8.83204981e-18
  4.48800000e-05   2.54774345e-03   1.40708220e-03  -2.28813349e-02   1.13967902e-16  -2.98548056e-17   1.08539476e-17
  4.49600000e-05   2.56449097e-03   1.41602313e-03  -2.29450844e-02   1.17481516e-16  -9.08901072e-18   1.25695784e-17
  4.50400000e-05   2.58377429e-03   1.42636418e-03  -2.30077984e-02   1.17242472e-16   1.21734477e-17   1.39210127e-17
  4.51200000e-05   2.60560778e-03   1.43810355e-03  -2.30695837e-02   1.13196356e-16   3.32560123e-17   1.48581310e-17
  4.52000000e-05   2.63500242e-03   1.45697884e-03  -2.31515485e-02   1.05401996e-16   5.35835907e-17   1.53685043e-17
  4.52800000e-05   2.66427208e-03   1.47367844e-03  -2.32205401e-02   9.40287561e-17   7.23418724e-17   1.53797821e-17
  4.53600000e-05   2.69582702e-03   1.49163599e-03  -2.32893085e-02   7.93937431e-17   8.89340726e-17   1.48861896e-17
  4.54400000e-05   2.72933883e-03   1.51066295e-03  -2.33580654e-02   6.19212927e-17   1.02774344e-16   1.38822106e-17
  4.55200000e-05   2.76440947e-03   1.53053264e-03  -2.34270256e-02   4.21401745e-17   1.13354361e-16   1.23782358e-17
  4.56000000e-05   2.80058319e-03   1.55098697e-03  -2.34963994e-02   2.06687856e-17   1.20262355e-16   1.04020193e-17
  4.56800000e-05   2.83736046e-03   1.57174448e-03  -2.35663851e-02  -1.80307608e-18   1.23199552e-16   7.99962479e-18
  4.57600000e-05   2.87421394e-03   1.59250921e-03  -2.36371621e-02  -2.45353688e-17   1.21993429e-16   5.23564378e-18
  4.58400000e-05   2.91060559e-03   1.61298047e-03  -2.37088841e-02  -4.67613106e-17   1.16607271e-16   2.19249115e-18
  4.59200000e-05   2.95702738e-03   1.63785656e-03  -2.37573192e-02  -6.78199821e-17   1.07357138e-16  -1.04009844e-18
  4.60000000e-05   2.99425161e-03   1.65913357e-03  -2.38349587e-02  -8.68395044e-17   9.41349207e-17  -4.35649668e-18
  4.60800000e-05   3.02932391e-03   1.67916122e-03  -2.39139962e-02  -1.03162736e-16   7.74436364e-17  -7.63038480e-18
  4.61600000e-05   3.06180443e-03   1.69769932e-03  -2.39945026e-02  -1.16166833e-16   5.77921600e-17  -1.07343927e-17
  4.62400000e-05   3.09133576e-03   1.71455531e-03  -2.40764974e-02  -1.25327938e-16   3.58072801e-17  -1.35417195e-17
  4.63200000e-05   3.11765737e-03   1.72959202e-03  -2.41599480e-02  -1.30242970e-16   1.22160956e-17  -1.59323230e-17
  4.64000000e-05   3.14061689e-03   1.74273380e-03  -2.42447699e-02  -1.30648204e-16  -1.21759399e-17  -1.77991121e-17
  4.64800000e-05   3.16017799e-03   1.75397052e-03  -2.43308290e-02  -1.26433822e-16  -3.65108546e-17  -1.90537012e-17
  4.65600000e-05   3.17642420e-03   1.76335942e-03  -2.44179455e-02  -1.17653680e-16  -5.99072198e-17  -1.96312976e-17
  4.66400000e-05   3.20808075e-03   1.77698093e-03  -2.45242990e-02  -1.04762974e-16  -8.12238057e-17  -1.95896011e-17
  4.67200000e-05   3.22213605e-03   1.78434727e-03  -2.46226187e-02  -8.77606988e-17  -1.00219399e-16  -1.87471173e-17
  4.68000000e-05   3.23351378e-03   1.79028773e-03  -2.47211317e-02  -6.73137845e-17  -1.15839350e-16  -1.71936229e-17
  4.68800000e-05   3.19821569e-03   1.77130487e-03  -2.48267972e-02  -4.34803515e-17  -1.28404339e-16  -1.47623864e-17
  4.69600000e-05   3.19621909e-03   1.76966978e-03  -2.49272767e-02  -1.79983157e-17  -1.35480211e-16  -1.19259636e-17
  4.70400000e-05   3.19357894e-03   1.76774690e-03  -2.50270878e-02   8.53070932e-18  -1.37533465e-16  -8.62588833e-18
  4.71200000e-05   3.19107292e-03   1.76596684e-03  -2.51260042e-02   3.51106604e-17  -1.34368855e-16  -4.98488592e-18
  4.72000000e-05   3.18948422e-03   1.76476063e-03  -2.52238297e-02   6.07122261e-17  -1.25990453e-16  -1.13790429e-18
  4.72800000e-05   3.18957134e-03   1.76454309e-03  -2.53204059e-02   8.43130125e-17  -1.12609150e-16   2.77320479e-18
  4.73600000e-05   3.25099053e-03   1.80845185e-03  -2.53982093e-02   1.03649843e-16  -9.34532071e-17   6.61302658e-18
  4.74400000e-05   3.25765783e-03   1.81242313e-03  -2.55015325e-02   1.20236422e-16  -7.18225048e-17   1.02549270e-17
  4.75200000e-05   3.26817154e-03   1.81854358e-03  -2.56033117e-02   1.32277491e-16  -4.70139914e-17   1.35454563e-17
  4.76000000e-05   3.28294193e-03   1.82704191e-03  -2.57035926e-02   1.39179500e-16  -1.99548254e-17   1.63580212e-17
  4.76800000e-05   3.30221437e-03   1.83805474e-03  -2.58024823e-02   1.40542018e-16   8.30729037e-18   1.85784112e-17
  4.77600000e-05   3.32605570e-03   1.85161895e-03  -2.59001469e-02   1.36181797e-16   3.66437533e-17   2.01079365e-17
  4.78400000e-05   3.35434745e-03   1.86766794e-03  -2.59968061e-02   1.26148401e-16   6.38896906e-17   2.08668054e-17
  4.79200000e-05   3.38678645e-03   1.88603199e-03  -2.60927253e-02   1.10730392e-16   8.88917963e-17   2.07978644e-17
  4.80000000e-05   3.47667202e-03   1.93249117e-03  -2.61542489e-02   8.96718776e-17   1.11751282e-16   2.01771451e-17
  4.80800000e-05   3.52128418e-03   1.95772409e-03  -2.62590087e-02   6.50300509e-17   1.29054235e-16   1.83419671e-17
  4.81600000e-05   3.56837005e-03   1.98427958e-03  -2.63639389e-02   3.72060936e-17   1.41174164e-16   1.56613215e-17
  4.82400000e-05   3.61694608e-03   2.01160582e-03  -2.64694162e-02   7.31121093e-18   1.47466368e-16   1.22061045e-17
  4.83200000e-05   3.66594737e-03   2.03910813e-03  -2.65757983e-02  -2.34183624e-17   1.47515868e-16   8.08819810e-18
  4.84000000e-05   3.71427125e-03   2.06617337e-03  -2.66834075e-02  -5.36702507e-17   1.41164466e-16   3.45999252e-18
  4.84800000e-05   3.76082412e-03   2.09219608e-03  -2.67925151e-02  -8.21102772e-17   1.28528127e-16  -1.48908256e-18
  4.85600000e-05   3.80456946e-03   2.11660510e-03  -2.69033286e-02  -1.07440255e-16   1.10003467e-16  -6.53934002e-18
  4.86400000e-05   3.84457499e-03   2.13888962e-03  -2.70159813e-02  -1.28456986e-16   8.62623823e-17  -1.14508816e-17
  4.87200000e-05   3.95456789e-03   2.19558865e-03  -2.71089736e-02  -1.45059659e-16   5.99126761e-17  -1.63084256e-17
  4.88000000e-05   3.98992381e-03   2.21465485e-03  -2.72390002e-02  -1.54926055e-16   2.85968961e-17  -2.03682549e-17
  4.88800000e-05   4.01909962e-03   2.23029345e-03  -2.73709521e-02  -1.57946506e-16  -4.65059855e-18  -2.35715199e-17
  4.89600000e-05   4.04192560e-03   2.24243233e-03  -2.75046078e-02  -1.53784941e-16  -3.83451350e-17  -2.57256409e-17
  4.90400000e-05   4.05852023e-03   2.25115863e-03  -2.76396641e-02  -1.42429158e-16  -7.09210989e-17  -2.66901312e-17
  4.91200000e-05   4.06929311e-03   2.25671936e-03  -2.77757492e-02  -1.24207949e-16  -1.00803321e-16  -2.63871679e-17
  4.92000000e-05   4.07493393e-03   2.25951430e-03  -2.79124376e-02  -9.97926665e-17  -1.26483812e-16  -2.48075971e-17
  4.92800000e-05   4.07638745e-03   2.26008119e-03  -2.80492687e-02  -7.01818012e-17  -1.46600224e-16  -2.20118617e-17
  4.93600000e-05   4.07481497e-03   2.25907365e-03  -2.81857670e-02  -3.66679674e-17  -1.60011904e-16  -1.81259519e-17
  4.94400000e-05   4.12376610e-03   2.28948668e-03  -2.82961062e-02  -1.70976055e-18  -1.64618280e-16  -1.35687225e-17
  4.95200000e-05   4.12285720e-03   2.28939498e-03  -2.84457633e-02   3.45649411e-17  -1.62744448e-16  -8.08837513e-18
  4.96000000e-05   4.12321777e-03   2.29009472e-03  -2.85937046e-02   6.97899013e-17  -1.52742790e-16  -2.16958580e-18
  4.96800000e-05   4.12643636e-03   2.29246451e-03  -2.87395428e-02   1.02143769e-16  -1.34878695e-16   3.90699125e-18
  4.97600000e-05   4.13398550e-03   2.29731423e-03  -2.88829867e-02   1.29880744e-16  -1.09838565e-16   9.85325437e-18
  4.98400000e-05   4.14714296e-03   2.30534170e-03  -2.90238599e-02   1.51428422e-16  -7.87131173e-17   1.53850894e-17
  4.99200000e-05   4.16692038e-03   2.31709346e-03  -2.91621146e-02   1.65481712e-16  -4.29570355e-17   2.02321972e-17
  5.00000000e-05   4.19400322e-03   2.33293216e-03  -2.92978390e-02   1.71086940e-16  -4.32600326e-18   2.41467265e-17
  5.00800000e-05   4.22870587e-03   2.35301251e-03  -2.94312577e-02   1.67710465e-16   3.52063274e-17   2.69114955e-17
  5.01600000e-05   4.29573789e-03   2.39020225e-03  -2.95592775e-02   1.54917180e-16   7.40750874e-17   2.85033368e-17
  5.02400000e-05   4.35306034e-03   2.42292253e-03  -2.97055700e-02   1.33738273e-16   1.09221313e-16   2.85066252e-17
  5.03200000e-05   4.41723747e-03   2.45936129e-03  -2.98508285e-02   1.04788597e-16   1.39092816e-16   2.69659385e-17
  5.04000000e-05   4.48487077e-03   2.49952543e-03  -2.99975831e-02   6.94326997e-17   1.61839804e-16   2.38659023e-17
  5.04800000e-05   4.55794916e-03   2.54080930e-03  -3.01432680e-02   2.94698850e-17   1.76064582e-16   1.92968050e-17
  5.05600000e-05   4.63285131e-03   2.58299549e-03  -3.02901588e-02  -1.30028963e-17   1.80674068e-16   1.34182135e-17
  5.06400000e-05   4.70748777e-03   2.62490700e-03  -3.04389270e-02  -5.56483689e-17   1.75113675e-16   6.49474585e-18
  5.07200000e-05   4.77973642e-03   2.66535562e-03  -3.05901443e-02  -9.60265679e-17   1.59388223e-16  -1.11654876e-18
  5.08000000e-05   4.84756305e-03   2.70320954e-03  -3.07442458e-02  -1.31730875e-16   1.34090554e-16  -8.98050513e-18
  5.08800000e-05   4.95461602e-03   2.76227285e-03  -3.08889959e-02  -1.61245382e-16   1.01358119e-16  -1.67998394e-17
  5.09600000e-05   5.01899711e-03   2.79815472e-03  -3.10673211e-02  -1.81646755e-16   6.09886359e-17  -2.38523591e-17
  5.10400000e-05   5.07474455e-03   2.82591541e-03  -3.12498826e-02  -1.91681338e-16   1.59941994e-17  -2.96812498e-17
  5.11200000e-05   5.11892425e-03   2.84992709e-03  -3.14360277e-02  -1.90486448e-16  -3.11046533e-17  -3.38379805e-17
  5.12000000e-05   5.15237322e-03   2.86800357e-03  -3.16251295e-02  -1.77683383e-16  -7.74620275e-17  -3.59730536e-17
  5.12800000e-05   5.17568056e-03   2.88051301e-03  -3.18165159e-02  -1.53658483e-16  -1.20152888e-16  -3.58741097e-17
  5.13600000e-05   5.19007405e-03   2.88817521e-03  -3.20093626e-02  -1.19529490e-16  -1.56341948e-16  -3.34873848e-17
  5.14400000e-05   5.19736488e-03   2.89202842e-03  -3.22027389e-02  -7.71191051e-17  -1.83476928e-16  -2.89241428e-17
  5.15200000e-05   5.19985156e-03   2.89337371e-03  -3.23956611e-02  -2.88788053e-17  -1.99477993e-16  -2.24514597e-17
  5.16000000e-05   5.17576255e-03   2.88092200e-03  -3.26168300e-02   2.26799816e-17  -2.03670325e-16  -1.43904886e-17
  5.16800000e-05   5.15160818e-03   2.86793468e-03  -3.28365375e-02   7.41213882e-17  -1.94480314e-16  -5.35721790e-18
  5.17600000e-05   5.13197014e-03   2.85756679e-03  -3.30531689e-02   1.21934703e-16  -1.71991181e-16   4.06281676e-18
  5.18400000e-05   5.12006389e-03   2.85159015e-03  -3.32663203e-02   1.62711188e-16  -1.37253720e-16   1.32777031e-17
  5.19200000e-05   5.11221532e-03   2.85522417e-03  -3.34856814e-02   1.93414389e-16  -9.24271276e-17   2.16473371e-17
  5.20000000e-05   5.12334049e-03   2.86216633e-03  -3.36909842e-02   2.11477853e-16  -3.98733976e-17   2.87717553e-17
  5.20800000e-05   5.14833012e-03   2.87689352e-03  -3.38930157e-02   2.15154469e-16   1.67370263e-17   3.41025091e-17
  5.21600000e-05   5.18753916e-03   2.89957112e-03  -3.40923667e-02   2.03669293e-16   7.34981946e-17   3.72416407e-17
  5.22400000e-05   5.24032509e-03   2.92980605e-03  -3.42898384e-02   1.77319379e-16   1.26317168e-16   3.78915753e-17
  5.23200000e-05   5.48010846e-03   3.06309941e-03  -3.44136567e-02   1.34190351e-16   1.74556037e-16   3.69057023e-17
  5.24000000e-05   5.56924420e-03   3.11358513e-03  -3.46376912e-02   8.25607861e-17   2.07364996e-16   3.19146488e-17
  5.24800000e-05   5.66512720e-03   3.16771103e-03  -3.48629748e-02   2.34425828e-17   2.25603752e-16   2.43081009e-17
  5.25600000e-05   5.76336210e-03   3.22300469e-03  -3.50906870e-02  -3.89723288e-17   2.27303856e-16   1.44764836e-17
  5.26400000e-05   5.85925869e-03   3.27683957e-03  -3.53218392e-02  -1.00015973e-16   2.11663264e-16   3.04534253e-18
  5.27200000e-05   5.94817984e-03   3.32663023e-03  -3.55571876e-02  -1.54879229e-16   1.79189236e-16  -9.14451345e-18
  5.28000000e-05   6.02590512e-03   3.37003559e-03  -3.57971646e-02  -1.98984599e-16   1.31751503e-16  -2.10925941e-17
  5.28800000e-05   6.08898207e-03   3.40515432e-03  -3.60418373e-02  -2.28371320e-16   7.25310518e-17  -3.17289444e-17
  5.29600000e-05   6.34137977e-03   3.54747142e-03  -3.61853731e-02  -2.42413782e-16   1.08986529e-17  -4.14138384e-17
  5.30400000e-05   6.37927818e-03   3.56824107e-03  -3.64783432e-02  -2.36276666e-16  -5.88699156e-17  -4.70782519e-17
  5.31200000e-05   6.39653760e-03   3.57747769e-03  -3.67748339e-02  -2.10262801e-16  -1.25874624e-16  -4.88178295e-17
  5.32000000e-05   6.39520273e-03   3.57637465e-03  -3.70733979e-02  -1.65664751e-16  -1.84239890e-16  -4.63505003e-17
  5.32800000e-05   6.37895688e-03   3.56703821e-03  -3.73723802e-02  -1.05486592e-16  -2.28479118e-16  -3.98125076e-17
  5.33600000e-05   6.35287503e-03   3.55234517e-03  -3.76700414e-02  -3.43096021e-17  -2.54034493e-16  -2.97420118e-17
  5.34400000e-05   6.32303643e-03   3.53572253e-03  -3.79646944e-02   4.20057465e-17  -2.57778441e-16  -1.70113098e-17
  5.35200000e-05   6.29602316e-03   3.52086403e-03  -3.82548450e-02   1.16771091e-16  -2.38419409e-16  -2.72511427e-18
  5.36000000e-05   6.27834395e-03   3.51140619e-03  -3.85393305e-02   1.83045960e-16  -1.96758981e-16   1.18923912e-17
  5.36800000e-05   6.27583345e-03   3.51059199e-03  -3.88174418e-02   2.34291263e-16  -1.35758920e-16   2.56013462e-17
  5.37600000e-05   6.43164000e-03   3.59717878e-03  -3.90453478e-02   2.62285327e-16  -5.78028192e-17   3.78789743e-17
  5.38400000e-05   6.48591672e-03   3.62886292e-03  -3.93552727e-02   2.68238281e-16   2.45534118e-17   4.64708282e-17
  5.39200000e-05   6.56701800e-03   3.67558559e-03  -3.96589045e-02   2.48421615e-16   1.07053792e-16   5.10572497e-17
  5.40000000e-05   6.67329475e-03   3.73635507e-03  -3.99580370e-02   2.03600493e-16   1.81557657e-16   5.09797309e-17
  5.40800000e-05   6.80058308e-03   3.80877437e-03  -4.02549810e-02   1.37126425e-16   2.40247669e-16   4.58971477e-17
  5.41600000e-05   6.94250253e-03   3.88921489e-03  -4.05523424e-02   5.47755481e-17   2.76452365e-16   3.58909485e-17
  5.42400000e-05   7.09099718e-03   3.97312547e-03  -4.08527502e-02  -3.56813637e-17   2.85416247e-16   2.15647197e-17
  5.43200000e-05   7.23708326e-03   4.05545585e-03  -4.11585651e-02  -1.25154064e-16   2.64938250e-16   4.09866081e-18
  5.44000000e-05   7.37174224e-03   4.13115972e-03  -4.14716081e-02  -2.04105005e-16   2.15803903e-16  -1.47833450e-17
  5.44800000e-05   7.67169488e-03   4.29559853e-03  -4.17464526e-02  -2.66773966e-16   1.45489004e-16  -3.40542974e-17
  5.45600000e-05   7.78792936e-03   4.36027951e-03  -4.21333087e-02  -3.00827986e-16   5.29133595e-17  -5.01292239e-17
  5.46400000e-05   7.86929663e-03   4.40534416e-03  -4.25300789e-02  -3.02600856e-16  -4.90414534e-17  -6.10697287e-17
  5.47200000e-05   7.91504268e-03   4.43047577e-03  -4.29348799e-02  -2.70119404e-16  -1.49181281e-16  -6.51906018e-17
  5.48000000e-05   7.92843840e-03   4.43761374e-03  -4.33448834e-02  -2.05294521e-16  -2.35658714e-16  -6.16780368e-17
  5.48800000e-05   7.91661540e-03   4.43084916e-03  -4.37565903e-02  -1.14066349e-16  -2.97383847e-16  -5.07508096e-17
  5.49600000e-05   7.88991775e-03   4.41604951e-03  -4.41661846e-02  -6.05242270e-18  -3.25511115e-16  -3.36281327e-17
  5.50400000e-05   7.86080890e-03   4.40023628e-03  -4.45699440e-02   1.06329451e-16  -3.14797374e-16  -1.23255110e-17
  5.51200000e-05   7.84243762e-03   4.39077495e-03  -4.49646750e-02   2.09218301e-16  -2.64614055e-16   1.06510435e-17
  5.52000000e-05   7.89674221e-03   4.42168199e-03  -4.53849812e-02   2.88554208e-16  -1.78804893e-16   3.27866130e-17
  5.52800000e-05   7.95721956e-03   4.45752406e-03  -4.58295797e-02   3.33991656e-16  -6.78497687e-17   5.13904553e-17
  5.53600000e-05   7.83559082e-03   4.39596346e-03  -4.63583060e-02   3.41649622e-16   5.17927979e-17   6.26577227e-17
  5.54400000e-05   7.90455683e-03   4.43570525e-03  -4.68085805e-02   3.02183263e-16   1.72938018e-16   6.74177002e-17
  5.55200000e-05   8.01820193e-03   4.50043876e-03  -4.72575740e-02   2.20336877e-16   2.75290512e-16   6.36010995e-17
  5.56000000e-05   8.16494002e-03   4.58358834e-03  -4.77089264e-02   1.05148253e-16   3.43452688e-16   5.09920280e-17
  5.56800000e-05   8.88055598e-03   4.98429797e-03  -4.78923342e-02  -3.99211803e-17   3.74579949e-16   3.15811670e-17
  5.57600000e-05   9.12066373e-03   5.11981339e-03  -4.83084970e-02  -1.77454177e-16   3.42293801e-16   2.77343564e-18
  5.58400000e-05   9.33879321e-03   5.24259588e-03  -4.87389713e-02  -2.94042312e-16   2.58626027e-16  -2.85219110e-17
  5.59200000e-05   9.59489071e-03   5.38253262e-03  -4.92389310e-02  -3.72606753e-16   1.34584462e-16  -5.78955668e-17
  5.60000000e-05   9.77675150e-03   5.48383256e-03  -4.97964968e-02  -3.97914852e-16  -1.63075441e-17  -7.99201293e-17
  5.60800000e-05   9.56931364e-03   5.37444942e-03  -5.05341911e-02  -3.58705163e-16  -1.79677494e-16  -8.70347328e-17
  5.61600000e-05   9.49423720e-03   5.33179000e-03  -5.11479376e-02  -2.59107935e-16  -3.15129124e-16  -8.09462650e-17
  5.62400000e-05   9.37188405e-03   5.26276878e-03  -5.17585338e-02  -1.11993935e-16  -4.03920471e-16  -6.13489987e-17
  5.63200000e-05   9.22786723e-03   5.18185610e-03  -5.23607627e-02   6.07559083e-17  -4.27865959e-16  -3.16361391e-17
  5.64000000e-05   9.09256372e-03   5.10615463e-03  -5.29503747e-02   2.30852067e-16  -3.78773449e-16   3.11539488e-18
  5.64800000e-05   8.99613190e-03   5.05259119e-03  -5.35247779e-02   3.68091134e-16  -2.60953326e-16   3.72333338e-17
  5.65600000e-05   8.96318136e-03   5.03492189e-03  -5.40836251e-02   4.45772334e-16  -9.15963351e-17   6.53498703e-17
  5.66400000e-05   9.70023086e-03   5.45025530e-03  -5.43278655e-02   4.32560855e-16   1.14819217e-16   8.87525059e-17
  5.67200000e-05   9.87139399e-03   5.54804548e-03  -5.49993520e-02   3.46771326e-16   2.91212363e-16   9.16151853e-17
  5.68000000e-05   1.01195040e-02   5.68889130e-03  -5.56686085e-02   1.91455168e-16   4.21167111e-16   7.78428878e-17
  5.68800000e-05   1.04118129e-02   5.85425327e-03  -5.63451442e-02  -8.03246560e-18   4.75827977e-16   4.79541760e-17
  5.69600000e-05   1.07055245e-02   6.02000111e-03  -5.70373912e-02  -2.14880683e-16   4.38585086e-16   5.95876274e-18
  5.70400000e-05   1.09556094e-02   6.16082545e-03  -5.77507531e-02  -3.87077466e-16   3.10096918e-16  -4.03495437e-17
  5.71200000e-05   1.11239061e-02   6.25535927e-03  -5.84862842e-02  -4.85753776e-16   1.10529024e-16  -8.05672767e-17
  5.72000000e-05   1.11877209e-02   6.29100021e-03  -5.92403638e-02  -4.84181465e-16  -1.22173317e-16  -1.04413259e-16
  5.72800000e-05   1.11459155e-02   6.26730480e-03  -6.00053943e-02  -3.75438116e-16  -3.38572647e-16  -1.05099543e-16
  5.73600000e-05   1.18895401e-02   6.68141453e-03  -6.03620541e-02  -1.90175556e-16  -4.67859100e-16  -8.92458111e-17
  5.74400000e-05   1.17148945e-02   6.58370090e-03  -6.13384685e-02   5.18312863e-17  -5.22885875e-16  -4.62242737e-17
  5.75200000e-05   1.15491194e-02   6.49160893e-03  -6.22908897e-02   2.95985661e-16  -4.55565405e-16   7.40110299e-18
  5.76000000e-05   1.14592314e-02   6.44274206e-03  -6.32104646e-02   4.82008657e-16  -2.72507127e-16   5.96065166e-17
  5.76800000e-05   1.14973030e-02   6.46616003e-03  -6.40950662e-02   5.57805212e-16  -1.09712597e-17   9.89516664e-17
  5.77600000e-05   1.16861844e-02   6.57439531e-03  -6.49509331e-02   4.94701772e-16   2.67294786e-16   1.16064194e-16
  5.78400000e-05   1.20113834e-02   6.75896195e-03  -6.57922568e-02   2.98439353e-16   4.89801196e-16   1.04802867e-16
  5.79200000e-05   1.24220043e-02   6.99097137e-03  -6.66380846e-02   1.20009530e-17   5.91834784e-16   6.43262174e-17
  5.80000000e-05   1.28416420e-02   7.22733625e-03  -6.75070455e-02  -2.91789077e-16   5.35426679e-16   1.81696240e-18
  5.80800000e-05   1.40663259e-02   7.91733511e-03  -6.78209079e-02  -5.35979759e-16   3.43787627e-16  -7.10309588e-17
  5.81600000e-05   1.44025313e-02   8.10583649e-03  -6.90570227e-02  -6.40506480e-16   2.15875104e-17  -1.31050101e-16
  5.82400000e-05   1.45145526e-02   8.16813164e-03  -7.03387112e-02  -5.57272153e-16  -3.29298026e-16  -1.53234335e-16
  5.83200000e-05   1.44261965e-02   8.11812868e-03  -7.16412920e-02  -2.93233563e-16  -5.99552130e-16  -1.26986631e-16
  5.84000000e-05   1.42259618e-02   8.00602804e-03  -7.29324995e-02   8.33249446e-17  -6.91538006e-16  -5.96592083e-17
  5.84800000e-05   1.40440024e-02   7.90521501e-03  -7.41809827e-02   4.55991207e-16  -5.56777020e-16   2.69947832e-17
  5.85600000e-05   1.40117631e-02   7.88947246e-03  -7.53659170e-02   6.94467962e-16  -2.21750779e-16   1.05899645e-16
  5.86400000e-05   1.41992797e-02   8.01347397e-03  -7.64654260e-02   7.00808756e-16   2.10649333e-16   1.52212746e-16
  5.87200000e-05   1.46476381e-02   8.26983035e-03  -7.75377319e-02   4.53247148e-16   5.90711726e-16   1.48625523e-16
  5.88000000e-05   1.52609395e-02   8.61881355e-03  -7.86059048e-02   2.29233984e-17   7.71657732e-16   8.90595526e-17
  5.88800000e-05   1.66514295e-02   9.39705664e-03  -7.94194428e-02  -4.51869799e-16   6.80578191e-16  -1.42137272e-17
  5.89600000e-05   1.74398580e-02   9.84342579e-03  -8.10062335e-02  -7.78377391e-16   3.00867873e-16  -1.31017332e-16
  5.90400000e-05   1.78783187e-02   1.00906707e-02  -8.27041663e-02  -8.06153801e-16  -2.35370464e-16  -2.02985184e-16
  5.91200000e-05   1.79521454e-02   1.01131668e-02  -8.44899390e-02  -4.87344261e-16  -7.11365819e-16  -1.88697452e-16
  5.92000000e-05   1.77701104e-02   1.00110744e-02  -8.62713634e-02   7.36175876e-17  -9.01743327e-16  -8.94761197e-17
  5.92800000e-05   1.75869463e-02   9.92665563e-03  -8.79518316e-02   6.39398931e-16  -6.83959137e-16   5.06600915e-17
  5.93600000e-05   1.76881336e-02   9.98740180e-03  -8.95271905e-02   9.34942744e-16  -1.22252745e-16   1.71081040e-16
