       time             b_x              b_y              b_z              F_x              F_y              F_z
  0.00000000e+00   1.34760082e-04   1.00920535e-04  -4.39563403e-03   1.39469486e-17   8.90904263e-17   2.47303241e-18
  8.00000000e-08   1.41597290e-04   1.06029591e-04  -4.39327290e-03   1.09904896e-17   8.93879245e-17   2.51156458e-18
  1.60000000e-07   1.48464623e-04   1.11157913e-04  -4.39109825e-03   8.02914755e-18   8.95892417e-17   2.53936416e-18
  2.40000000e-07   1.55354665e-04   1.16299953e-04  -4.38910836e-03   5.06572602e-18   8.96944897e-17   2.55597451e-18
  3.20000000e-07   1.62259994e-04   1.21450158e-04  -4.38730128e-03   2.10302369e-18   8.97038416e-17   2.56097806e-18
  4.00000000e-07   1.69173188e-04   1.26602978e-04  -4.38567486e-03  -8.56165582e-19   8.96175311e-17   2.55399828e-18
  4.80000000e-07   1.76086829e-04   1.31752874e-04  -4.38422671e-03  -3.80905263e-18   8.94358527e-17   2.53470163e-18
  5.60000000e-07   1.82993516e-04   1.36894318e-04  -4.38295426e-03  -6.75285285e-18   8.91591623e-17   2.50279919e-18
  6.40000000e-07   1.89885866e-04   1.42021802e-04  -4.38185473e-03  -9.68478628e-18   8.87878769e-17   2.45804821e-18
  7.20000000e-07   1.96756526e-04   1.47129841e-04  -4.38092512e-03  -1.26020776e-17   8.83224758e-17   2.40025350e-18
  8.00000000e-07   2.06616799e-04   1.54824324e-04  -4.38155408e-03  -1.54787274e-17   8.77592735e-17   2.37110050e-18
  8.80000000e-07   2.13744271e-04   1.60173893e-04  -4.38102762e-03  -1.83563820e-17   8.71060509e-17   2.28908481e-18
  9.60000000e-07   2.20840149e-04   1.65497034e-04  -4.38066452e-03  -2.12110783e-17   8.63605055e-17   2.19330874e-18
  1.04000000e-06   2.27896850e-04   1.70787996e-04  -4.38046077e-03  -2.40400697e-17   8.55233656e-17   2.08373240e-18
  1.12000000e-06   2.30206393e-04   1.72121534e-04  -4.37928166e-03  -2.68765409e-17   8.46232962e-17   1.91317679e-18
  1.20000000e-06   2.36667639e-04   1.76997648e-04  -4.37933702e-03  -2.96493409e-17   8.36087105e-17   1.77686841e-18
  1.28000000e-06   2.43057131e-04   1.81817756e-04  -4.37953573e-03  -3.23883399e-17   8.25050909e-17   1.62772356e-18
  1.36000000e-06   2.49368017e-04   1.86576789e-04  -4.37987315e-03  -3.50908147e-17   8.13134399e-17   1.46594968e-18
  1.44000000e-06   2.55593530e-04   1.91269748e-04  -4.38034445e-03  -3.77540534e-17   8.00348330e-17   1.29180492e-18
  1.52000000e-06   2.61727003e-04   1.95891707e-04  -4.38094466e-03  -4.03753574e-17   7.86704199e-17   1.10559753e-18
  1.60000000e-06   2.71454575e-04   2.03798395e-04  -4.38123131e-03  -4.29094341e-17   7.71750554e-17   9.31288479e-19
  1.68000000e-06   2.77613521e-04   2.08384213e-04  -4.38179764e-03  -4.54326732e-17   7.56370986e-17   7.18621237e-19
  1.76000000e-06   2.83666491e-04   2.12885751e-04  -4.38247524e-03  -4.79054431e-17   7.40175702e-17   4.94724309e-19
  1.84000000e-06   2.89607030e-04   2.17298385e-04  -4.38325870e-03  -5.03251384e-17   7.23179714e-17   2.60095197e-19
  1.92000000e-06   2.95428809e-04   2.21617593e-04  -4.38414245e-03  -5.26891809e-17   7.05398840e-17   1.52771887e-20
  2.00000000e-06   3.01125628e-04   2.25838955e-04  -4.38512079e-03  -5.49950222e-17   6.86849719e-17  -2.39142405e-19
  2.08000000e-06   3.06691429e-04   2.29958160e-04  -4.38618790e-03  -5.72401468e-17   6.67549825e-17  -5.02534206e-19
  2.16000000e-06   3.12120296e-04   2.33971012e-04  -4.38733785e-03  -5.94220752e-17   6.47517477e-17  -7.74228903e-19
  2.24000000e-06   3.17406466e-04   2.37873433e-04  -4.38856456e-03  -6.15383675e-17   6.26771847e-17  -1.05351958e-18
  2.32000000e-06   3.22544332e-04   2.41661467e-04  -4.38986187e-03  -6.35866267e-17   6.05332971e-17  -1.33966418e-18
  2.40000000e-06   3.27528453e-04   2.45331286e-04  -4.39122352e-03  -6.55645028e-17   5.83221756e-17  -1.63188820e-18
  2.48000000e-06   3.32353556e-04   2.48879193e-04  -4.39264315e-03  -6.74696960e-17   5.60459983e-17  -1.92938745e-18
  2.56000000e-06   3.37293948e-04   2.54929803e-04  -4.39548115e-03  -6.92938964e-17   5.37219144e-17  -2.20160080e-18
  2.64000000e-06   3.42838851e-04   2.55718537e-04  -4.39561806e-03  -7.10517505e-17   5.12931515e-17  -2.55770420e-18
  2.72000000e-06   3.48040840e-04   2.62319123e-04  -4.39720083e-03  -7.26879842e-17   4.88266144e-17  -2.84049624e-18
  2.80000000e-06   3.51984223e-04   2.65111011e-04  -4.39882212e-03  -7.42829804e-17   4.63175283e-17  -3.15246901e-18
  2.88000000e-06   3.55742569e-04   2.67759949e-04  -4.40046835e-03  -7.57948960e-17   4.37554949e-17  -3.46497252e-18
  2.96000000e-06   3.59311616e-04   2.70262858e-04  -4.40213273e-03  -7.72218222e-17   4.11432118e-17  -3.77708186e-18
  3.04000000e-06   3.62687316e-04   2.72616822e-04  -4.40380844e-03  -7.85619304e-17   3.84834614e-17  -4.08786553e-18
  3.12000000e-06   3.65865837e-04   2.74819093e-04  -4.40548863e-03  -7.98134772e-17   3.57791095e-17  -4.39638911e-18
  3.20000000e-06   3.68843570e-04   2.76867090e-04  -4.40716647e-03  -8.09748090e-17   3.30331038e-17  -4.70171900e-18
  3.28000000e-06   3.71617131e-04   2.78758411e-04  -4.40883508e-03  -8.20443662e-17   3.02484712e-17  -5.00292612e-18
  3.36000000e-06   3.74183366e-04   2.80490827e-04  -4.41048762e-03  -8.30206879e-17   2.74283157e-17  -5.29908970e-18
  3.44000000e-06   3.76539360e-04   2.82062292e-04  -4.41211725e-03  -8.39024163e-17   2.45758153e-17  -5.58930100e-18
  3.52000000e-06   3.78682433e-04   2.83470942e-04  -4.41371714e-03  -8.46883008e-17   2.16942192e-17  -5.87266701e-18
  3.60000000e-06   3.80955147e-04   2.84009564e-04  -4.41500643e-03  -8.53795800e-17   1.87814359e-17  -6.15892263e-18
  3.68000000e-06   3.82596077e-04   2.85237564e-04  -4.41642436e-03  -8.59665103e-17   1.58521035e-17  -6.42348467e-18
  3.76000000e-06   3.84014915e-04   2.86299454e-04  -4.41779317e-03  -8.64545300e-17   1.29041289e-17  -6.67876081e-18
  3.84000000e-06   3.85210064e-04   2.87194139e-04  -4.41910636e-03  -8.68428778e-17   9.94100596e-18  -6.92396820e-18
  3.92000000e-06   3.86180187e-04   2.87920722e-04  -4.42035747e-03  -8.71309194e-17   6.96627748e-18  -7.15835750e-18
  4.00000000e-06   3.88930586e-04   2.89417608e-04  -4.42165902e-03  -8.73094435e-17   3.96059949e-18  -7.42052828e-18
  4.08000000e-06   3.89459183e-04   2.89683732e-04  -4.42280594e-03  -8.73967946e-17   9.73331887e-19  -7.63215169e-18
  4.16000000e-06   3.89754174e-04   2.89776190e-04  -4.42387126e-03  -8.73827634e-17  -2.01470505e-18  -7.83060994e-18
  4.24000000e-06   3.89815029e-04   2.89694754e-04  -4.42484893e-03  -8.72672529e-17  -4.99982140e-18  -8.01530387e-18
  4.32000000e-06   3.89641494e-04   2.89439397e-04  -4.42573300e-03  -8.70503072e-17  -7.97830660e-18  -8.18568314e-18
  4.40000000e-06   3.86960754e-04   2.87175292e-04  -4.42533890e-03  -8.67306071e-17  -1.09176130e-17  -8.29238406e-18
  4.48000000e-06   3.86281975e-04   2.86392883e-04  -4.42597456e-03  -8.63140980e-17  -1.38700396e-17  -8.43065417e-18
  4.56000000e-06   3.85375545e-04   2.85445025e-04  -4.42650607e-03  -8.57973090e-17  -1.68047577e-17  -8.55325140e-18
  4.64000000e-06   3.84242458e-04   2.84332731e-04  -4.42692806e-03  -8.51808545e-17  -1.97180637e-17  -8.65986329e-18
  4.72000000e-06   3.82883973e-04   2.83057207e-04  -4.42723532e-03  -8.44654932e-17  -2.26062669e-17  -8.75023521e-18
  4.80000000e-06   3.81301612e-04   2.81619852e-04  -4.42742277e-03  -8.36521286e-17  -2.54656971e-17  -8.82417137e-18
  4.88000000e-06   3.79497159e-04   2.80022251e-04  -4.42748552e-03  -8.27418084e-17  -2.82927110e-17  -8.88153550e-18
  4.96000000e-06   3.77472658e-04   2.78266177e-04  -4.42741882e-03  -8.17357241e-17  -3.10837001e-17  -8.92225133e-18
  5.04000000e-06   3.75230408e-04   2.76353588e-04  -4.42721810e-03  -8.06352099e-17  -3.38350978e-17  -8.94630274e-18
  5.12000000e-06   3.72772963e-04   2.74286625e-04  -4.42687897e-03  -7.94417412e-17  -3.65433862e-17  -8.95373367e-18
  5.20000000e-06   3.71609773e-04   2.73433722e-04  -4.42663911e-03  -7.81438639e-17  -3.92257440e-17  -8.98303739e-18
  5.28000000e-06   3.68783554e-04   2.71181692e-04  -4.42592578e-03  -7.67655103e-17  -4.18372937e-17  -8.95979005e-18
  5.36000000e-06   3.65466208e-04   2.68235408e-04  -4.42471744e-03  -7.53005773e-17  -4.43886711e-17  -8.91049660e-18
  5.44000000e-06   3.62904219e-04   2.66221031e-04  -4.42364924e-03  -7.37415778e-17  -4.68977224e-17  -8.87192622e-18
  5.52000000e-06   3.60139464e-04   2.64063021e-04  -4.42242432e-03  -7.20988374e-17  -4.93466317e-17  -8.81784615e-18
  5.60000000e-06   3.57175802e-04   2.61764414e-04  -4.42103944e-03  -7.03746535e-17  -5.17323176e-17  -8.74857682e-18
  5.68000000e-06   3.54017319e-04   2.59328404e-04  -4.41949155e-03  -6.85714453e-17  -5.40517963e-17  -8.66449113e-18
  5.76000000e-06   3.50668319e-04   2.56758339e-04  -4.41777782e-03  -6.66917485e-17  -5.63021876e-17  -8.56601239e-18
  5.84000000e-06   3.47133320e-04   2.54057717e-04  -4.41589564e-03  -6.47382113e-17  -5.84807214e-17  -8.45361208e-18
  5.92000000e-06   3.42638907e-04   2.52065936e-04  -4.41333553e-03  -6.26953208e-17  -6.05677159e-17  -8.32678911e-18
  6.00000000e-06   3.38603250e-04   2.49012766e-04  -4.41119313e-03  -6.06058315e-17  -6.25930470e-17  -8.18549501e-18
  6.08000000e-06   3.34400583e-04   2.45837711e-04  -4.40887768e-03  -5.84511258e-17  -6.45391820e-17  -8.03203398e-18
  6.16000000e-06   3.30945877e-04   2.41867141e-04  -4.40702033e-03  -5.62516514e-17  -6.64250150e-17  -7.86978002e-18
  6.24000000e-06   3.26460973e-04   2.38571561e-04  -4.40425942e-03  -5.39719634e-17  -6.82060297e-17  -7.69522305e-18
  6.32000000e-06   3.21819471e-04   2.35168057e-04  -4.40131872e-03  -5.16364263e-17  -6.99011061e-17  -7.51050238e-18
  6.40000000e-06   3.17027307e-04   2.31661045e-04  -4.39819708e-03  -4.92483203e-17  -7.15083856e-17  -7.31635466e-18
  6.48000000e-06   3.12090576e-04   2.28055048e-04  -4.39489360e-03  -4.68109906e-17  -7.30261553e-17  -7.11354022e-18
  6.56000000e-06   3.06331647e-04   2.24948596e-04  -4.39071911e-03  -4.43126686e-17  -7.44322716e-17  -6.90497548e-18
  6.64000000e-06   3.01375802e-04   2.21165129e-04  -4.38704544e-03  -4.17880239e-17  -7.57690900e-17  -6.69046632e-18
  6.72000000e-06   2.96301647e-04   2.17294988e-04  -4.38319311e-03  -3.92244970e-17  -7.70124107e-17  -6.46941469e-18
  6.80000000e-06   2.91115781e-04   2.13343171e-04  -4.37916203e-03  -3.66256067e-17  -7.81611300e-17  -6.24261793e-18
  6.88000000e-06   2.85824911e-04   2.09314750e-04  -4.37495232e-03  -3.39949016e-17  -7.92142985e-17  -6.01087941e-18
  6.96000000e-06   2.82569168e-04   2.05207333e-04  -4.37120702e-03  -3.13405908e-17  -8.02119796e-17  -5.79152874e-18
  7.04000000e-06   2.76696017e-04   2.00921516e-04  -4.36656366e-03  -2.86564152e-17  -8.10653982e-17  -5.54598548e-18
  7.12000000e-06   2.70732335e-04   1.96577649e-04  -4.36173997e-03  -2.59514522e-17  -8.18210926e-17  -5.29836612e-18
  7.20000000e-06   2.64685426e-04   1.92181093e-04  -4.35673696e-03  -2.32293127e-17  -8.24787543e-17  -5.04949412e-18
  7.28000000e-06   2.58562654e-04   1.87737245e-04  -4.35155584e-03  -2.04936020e-17  -8.30382294e-17  -4.80017936e-18
  7.36000000e-06   2.52371439e-04   1.83251530e-04  -4.34619799e-03  -1.77479121e-17  -8.34995177e-17  -4.55121476e-18
  7.44000000e-06   2.46119240e-04   1.78729395e-04  -4.34066498e-03  -1.49958154e-17  -8.38627704e-17  -4.30337310e-18
  7.52000000e-06   2.39813551e-04   1.74176304e-04  -4.33495856e-03  -1.22408581e-17  -8.41282881e-17  -4.05740393e-18
  7.60000000e-06   2.33461889e-04   1.69597726e-04  -4.32908067e-03  -9.48655362e-18  -8.42965183e-17  -3.81403069e-18
  7.68000000e-06   2.24654855e-04   1.63836875e-04  -4.32238269e-03  -6.75164848e-18  -8.43215997e-17  -3.54706631e-18
  7.76000000e-06   2.18282976e-04   1.59151910e-04  -4.31614886e-03  -4.01202885e-18  -8.42979229e-17  -3.31126973e-18
  7.84000000e-06   2.14849333e-04   1.57253995e-04  -4.30949403e-03  -1.24278620e-18  -8.42160923e-17  -3.13501506e-18
  7.92000000e-06   2.08042372e-04   1.52266823e-04  -4.30294633e-03   1.46859504e-18  -8.39969334e-17  -2.90136460e-18
  8.00000000e-06   2.01231391e-04   1.47278153e-04  -4.29624193e-03   4.16220409e-18  -8.36851258e-17  -2.67383095e-18
  8.08000000e-06   1.94423964e-04   1.42293543e-04  -4.28938365e-03   6.83487098e-18  -8.32819395e-17  -2.45294438e-18
  8.16000000e-06   1.87627618e-04   1.37318513e-04  -4.28237447e-03   9.48349796e-18  -8.27887638e-17  -2.23919320e-18
  8.24000000e-06   1.80849818e-04   1.32358540e-04  -4.27521748e-03   1.21050641e-17  -8.22071025e-17  -2.03302251e-18
  8.32000000e-06   1.74097965e-04   1.27419048e-04  -4.26791589e-03   1.46966293e-17  -8.15385688e-17  -1.83483315e-18
  8.40000000e-06   1.67379385e-04   1.22505408e-04  -4.26047303e-03   1.72553388e-17  -8.07848806e-17  -1.64498090e-18
  8.48000000e-06   1.60701317e-04   1.17622925e-04  -4.25289233e-03   1.97784262e-17  -7.99478551e-17  -1.46377593e-18
  8.56000000e-06   1.54070914e-04   1.12776837e-04  -4.24517733e-03   2.22632173e-17  -7.90294035e-17  -1.29148243e-18
  8.64000000e-06   1.47495226e-04   1.07972308e-04  -4.23733167e-03   2.47071332e-17  -7.80315259e-17  -1.12831852e-18
  8.72000000e-06   1.39604479e-04   1.02167239e-04  -4.22970618e-03   2.70944167e-17  -7.69428946e-17  -9.64261108e-19
  8.80000000e-06   1.37089915e-04   1.00995571e-04  -4.22032376e-03   2.94915783e-17  -7.58267605e-17  -8.56609395e-19
  8.88000000e-06   1.30537402e-04   9.61291828e-05  -4.21222761e-03   3.17962674e-17  -7.46021899e-17  -7.17161016e-19
  8.96000000e-06   1.24068703e-04   9.13249073e-05  -4.20401617e-03   3.40508732e-17  -7.33070146e-17  -5.87559262e-19
  9.04000000e-06   1.17690305e-04   8.65875301e-05  -4.19569337e-03   3.62533295e-17  -7.19435855e-17  -4.67801571e-19
  9.12000000e-06   1.11408554e-04   8.19217322e-05  -4.18726320e-03   3.84016766e-17  -7.05143090e-17  -3.57842103e-19
  9.20000000e-06   1.05229646e-04   7.73320848e-05  -4.17872972e-03   4.04940628e-17  -6.90216419e-17  -2.57593006e-19
  9.28000000e-06   9.91596250e-05   7.28230454e-05  -4.17009703e-03   4.25287455e-17  -6.74680853e-17  -1.66925848e-19
  9.36000000e-06   9.32043751e-05   6.83989542e-05  -4.16136928e-03   4.45040912e-17  -6.58561798e-17  -8.56731984e-20
  9.44000000e-06   8.73696181e-05   6.40640304e-05  -4.15255066e-03   4.64185766e-17  -6.41885002e-17  -1.36303502e-20
  9.52000000e-06   8.16609078e-05   5.98223690e-05  -4.14364542e-03   4.82707878e-17  -6.24676497e-17   4.94428311e-20
  9.60000000e-06   7.60836257e-05   5.56779375e-05  -4.13465780e-03   5.00594210e-17  -6.06962555e-17   1.03819941e-19
