       time             b_x              b_y              b_z              F_x              F_y              F_z
  0.00000000e+00  -6.20037595e-02  -2.99307426e-02  -1.08678731e-01   2.95926855e-14  -7.72909361e-14   4.40304515e-15
  8.00000000e-08  -3.59261311e-02  -1.73144094e-02  -7.20624271e-02   2.30744719e-14  -2.69957042e-14  -5.01734181e-15
  1.60000000e-07  -2.50184949e-02  -1.20098469e-02  -5.61261573e-02   1.57671398e-14  -6.71520401e-15  -5.59135971e-15
  2.40000000e-07  -1.92422491e-02  -9.20487919e-03  -4.60152583e-02   1.09838844e-14   1.38099569e-15  -4.86939653e-15
  3.20000000e-07  -1.56277674e-02  -7.45008296e-03  -3.91764874e-02   7.44238251e-15   5.28025025e-15  -3.97294743e-15
  4.00000000e-07  -1.31123638e-02  -6.22312179e-03  -3.43040378e-02   4.61898505e-15   7.44627438e-15  -3.11639363e-15
  4.80000000e-07  -1.12340629e-02  -5.31065474e-03  -3.07296088e-02   2.27285930e-15   8.84630746e-15  -2.35971533e-15
  5.60000000e-07  -9.75858909e-03  -4.59026749e-03  -2.79833715e-02   2.49349250e-16   9.78518548e-15  -1.69207330e-15
  6.40000000e-07  -8.59095770e-03  -4.02333382e-03  -2.57325339e-02  -1.42000999e-15   1.02117762e-14  -1.12255322e-15
  7.20000000e-07  -7.56114564e-03  -3.51884613e-03  -2.40700014e-02  -3.11248792e-15   1.08825845e-14  -6.13218328e-16
  8.00000000e-07  -6.67961278e-03  -3.09742747e-03  -2.28058442e-02  -4.69753643e-15   1.15274059e-14  -1.89757469e-16
  8.80000000e-07  -5.91568930e-03  -2.72867992e-03  -2.17111523e-02  -6.15556806e-15   1.19395909e-14   1.76642227e-16
  9.60000000e-07  -5.22671370e-03  -2.39711682e-03  -2.08236724e-02  -7.57839925e-15   1.23253080e-14   4.83340305e-16
  1.04000000e-06  -4.59986790e-03  -2.10240210e-03  -2.01346708e-02  -8.97914272e-15   1.27211943e-14   7.23021748e-16
  1.12000000e-06  -4.03697937e-03  -1.83194687e-03  -1.95163903e-02  -1.03146700e-14   1.29481349e-14   9.18193096e-16
  1.20000000e-06  -3.51302084e-03  -1.58141391e-03  -1.90965865e-02  -1.17250180e-14   1.32508531e-14   1.05962128e-15
  1.28000000e-06  -3.02050776e-03  -1.35480833e-03  -1.86866786e-02  -1.30403999e-14   1.34068501e-14   1.13583143e-15
  1.36000000e-06  -2.54972613e-03  -1.13715447e-03  -1.83589731e-02  -1.43781388e-14   1.35387248e-14   1.15827257e-15
  1.44000000e-06  -2.09941243e-03  -9.26153382e-04  -1.81383320e-02  -1.57848858e-14   1.36666370e-14   1.12918781e-15
  1.52000000e-06  -1.66533509e-03  -7.33569793e-04  -1.78856834e-02  -1.70789634e-14   1.36460400e-14   1.03053788e-15
  1.60000000e-06  -1.24407035e-03  -5.38371753e-04  -1.77723378e-02  -1.85153617e-14   1.36680986e-14   8.82038961e-16
  1.68000000e-06  -8.28381806e-04  -3.58763837e-04  -1.76258033e-02  -1.98486677e-14   1.35675035e-14   6.56693224e-16
  1.76000000e-06  -4.07558200e-04  -1.76721708e-04  -1.76269441e-02  -2.13533379e-14   1.35395269e-14   3.57974679e-16
  1.84000000e-06   6.62590188e-06   2.84755067e-06  -1.74695733e-02  -2.26368703e-14   1.32741950e-14  -6.42206521e-18
  1.92000000e-06   4.26660383e-04   1.82458370e-04  -1.74815100e-02  -2.41164274e-14   1.30765556e-14  -4.52111812e-16
  2.00000000e-06   8.61928642e-04   3.61902849e-04  -1.75078010e-02  -2.56014444e-14   1.28309951e-14  -9.95158927e-16
  2.08000000e-06   1.30831610e-03   5.41609876e-04  -1.74987334e-02  -2.70169323e-14   1.24974302e-14  -1.63314426e-15
  2.16000000e-06   1.76866215e-03   7.25740045e-04  -1.75243056e-02  -2.84697179e-14   1.21188963e-14  -2.37145740e-15
  2.24000000e-06   2.26271019e-03   9.14324666e-04  -1.75350183e-02  -2.98842101e-14   1.17293000e-14  -3.24464551e-15
  2.32000000e-06   2.78188505e-03   1.11551764e-03  -1.76119200e-02  -3.14098228e-14   1.13089791e-14  -4.24503124e-15
  2.40000000e-06   3.33626091e-03   1.32521069e-03  -1.76972205e-02  -3.29420682e-14   1.08498298e-14  -5.39774163e-15
  2.48000000e-06   3.93853656e-03   1.54610746e-03  -1.77821611e-02  -3.44694466e-14   1.03769157e-14  -6.73232842e-15
  2.56000000e-06   4.58379058e-03   1.78680197e-03  -1.78690523e-02  -3.60152288e-14   9.85713439e-15  -8.25301288e-15
  2.64000000e-06   5.29805159e-03   2.04662640e-03  -1.79932387e-02  -3.76295705e-14   9.33624198e-15  -1.00179634e-14
  2.72000000e-06   6.08066407e-03   2.32749968e-03  -1.80804774e-02  -3.91810294e-14   8.80723930e-15  -1.20432567e-14
  2.80000000e-06   6.94918538e-03   2.63142467e-03  -1.82423061e-02  -4.08571985e-14   8.22037497e-15  -1.43782780e-14
  2.88000000e-06   7.92341791e-03   2.96855457e-03  -1.84751923e-02  -4.26686614e-14   7.54757894e-15  -1.70864926e-14
  2.96000000e-06   8.98631970e-03   3.33908843e-03  -1.87052217e-02  -4.44535274e-14   6.71334511e-15  -2.01578555e-14
  3.04000000e-06   1.01945627e-02   3.74605895e-03  -1.90555156e-02  -4.64119517e-14   5.64529364e-15  -2.37202686e-14
  3.12000000e-06   1.15721460e-02   4.21297053e-03  -1.95197306e-02  -4.85454898e-14   4.23456375e-15  -2.78659277e-14
  3.20000000e-06   1.31149131e-02   4.72973630e-03  -2.00963544e-02  -5.07402566e-14   2.24872294e-15  -3.25839293e-14
  3.28000000e-06   1.48505924e-02   5.29899723e-03  -2.08928334e-02  -5.30871017e-14  -6.98501559e-16  -3.79113858e-14
  3.36000000e-06   1.68695694e-02   5.96367156e-03  -2.19917834e-02  -5.56586126e-14  -4.94931213e-15  -4.40370335e-14
  3.44000000e-06   1.91314910e-02   6.69594017e-03  -2.35236936e-02  -5.83248994e-14  -1.14254402e-14  -5.06870381e-14
  3.52000000e-06   2.17238422e-02   7.52396807e-03  -2.57076080e-02  -6.10393405e-14  -2.11710290e-14  -5.77766374e-14
  3.60000000e-06   2.45796843e-02   8.42480247e-03  -2.88459531e-02  -6.33709938e-14  -3.60326417e-14  -6.45222887e-14
  3.68000000e-06   2.75469437e-02   9.35323303e-03  -3.36394433e-02  -6.46611404e-14  -5.92626911e-14  -6.94278599e-14
  3.76000000e-06   2.99729937e-02   1.00906558e-02  -4.08370573e-02  -6.21194333e-14  -9.48646591e-14  -6.90341616e-14
  3.84000000e-06   3.05730971e-02   1.02448465e-02  -5.17415660e-02  -4.95682457e-14  -1.47500538e-13  -5.84940773e-14
  3.92000000e-06   2.56388374e-02   8.56517296e-03  -6.56131545e-02  -1.23243516e-14  -2.11606103e-13  -3.24389969e-14
  4.00000000e-06   1.12652327e-02   3.78332872e-03  -7.94440755e-02   6.34207481e-14  -2.63956786e-13  -3.57718055e-15
