       time             b_x              b_y              b_z              F_x              F_y              F_z
  0.00000000e+00   1.55931027e-04   1.09670695e-04  -1.25571148e-03   3.31644640e-16   6.52964745e-16   9.82110847e-17
  8.00000000e-08   2.03519741e-04   1.42913984e-04  -1.12745154e-03   4.13103660e-16   4.19756816e-16   1.27778325e-16
  1.60000000e-07   2.42860249e-04   1.72867790e-04  -9.95365742e-04   4.87051879e-16   2.05104454e-16   1.54457289e-16
  2.40000000e-07   2.81825027e-04   1.99067865e-04  -8.61951326e-04   5.51998592e-16  -9.84905299e-18   1.78207729e-16
  3.20000000e-07   3.25045604e-04   2.28563059e-04  -7.35163519e-04   6.26544406e-16  -2.30613168e-16   2.05322830e-16
  4.00000000e-07   3.67438920e-04   2.59258181e-04  -6.03889323e-04   7.04478248e-16  -4.53320908e-16   2.34025619e-16
  4.80000000e-07   4.04002294e-04   2.85972717e-04  -4.71430762e-04   7.71783764e-16  -6.62073394e-16   2.59778305e-16
  5.60000000e-07   4.51837288e-04   3.21040625e-04  -3.40306806e-04   8.60852415e-16  -8.99997647e-16   2.93938914e-16
  6.40000000e-07   5.01464599e-04   3.53703191e-04  -2.06309041e-04   9.42741436e-16  -1.14573783e-15   3.27180670e-16
