       time             b_x              b_y              b_z              F_x              F_y              F_z
  0.00000000e+00   1.73232189e-04   1.13994878e-04  -1.04563828e-03   4.20985547e-17  -5.58340266e-16  -5.38954120e-17
  8.00000000e-08   1.63188811e-04   1.09560310e-04  -9.36177384e-04   5.50672775e-17  -5.16395260e-16  -5.08344488e-17
  1.60000000e-07   1.57743151e-04   1.03905310e-04  -8.22369035e-04   6.57412448e-17  -4.83069297e-16  -4.84250163e-17
  2.40000000e-07   1.46227392e-04   9.59871901e-05  -7.05929856e-04   7.16716451e-17  -4.36773149e-16  -4.45430509e-17
  3.20000000e-07   1.32577083e-04   8.79090892e-05  -5.91968812e-04   7.63146747e-17  -3.86601972e-16  -4.03201144e-17
  4.00000000e-07   1.21428250e-04   7.95227102e-05  -4.80999165e-04   7.93451146e-17  -3.42207053e-16  -3.65457887e-17
  4.80000000e-07   1.14176955e-04   7.46244520e-05  -3.68807453e-04   8.93995907e-17  -3.05650489e-16  -3.41685808e-17
  5.60000000e-07   1.04633611e-04   6.79396708e-05  -2.53285931e-04   9.60326238e-17  -2.63800189e-16  -3.10884138e-17
  6.40000000e-07   9.28521582e-05   6.10920626e-05  -1.37063220e-04   1.02173439e-16  -2.17285060e-16  -2.76322720e-17
