       time             b_x              b_y              b_z              F_x              F_y              F_z
  0.00000000e+00  -8.13215231e-02  -3.08828008e-02  -4.77302237e-02   1.29098070e-14  -1.53284344e-13   7.71838975e-14
  8.00000000e-08  -1.64087924e-01  -6.14501618e-02  -1.29845478e-01   1.68037641e-13  -2.69856065e-13  -8.46409822e-14
  1.60000000e-07  -9.41740614e-02  -3.54282060e-02  -1.02006576e-01   1.42883658e-13  -3.58192850e-14  -1.19471918e-13
  2.40000000e-07  -7.62778223e-02  -2.89246138e-02  -8.18384093e-02   9.97534843e-14   4.24688029e-14  -1.07985631e-13
  3.20000000e-07  -6.58028004e-02  -2.50472274e-02  -6.39738428e-02   5.74506709e-14   6.90876611e-14  -8.61425412e-14
  4.00000000e-07  -5.80237329e-02  -2.21328290e-02  -4.90718478e-02   2.64870978e-14   7.17397566e-14  -6.36756959e-14
  4.80000000e-07  -5.19382530e-02  -1.98147362e-02  -3.84974109e-02   7.49072382e-15   6.65425107e-14  -4.43556427e-14
  5.60000000e-07  -4.84194616e-02  -1.84537865e-02  -3.12550158e-02  -3.55342852e-15   5.95341904e-14  -2.96456783e-14
  6.40000000e-07  -4.41893474e-02  -1.67882936e-02  -2.54849266e-02  -9.60676372e-15   5.12837107e-14  -1.71257849e-14
  7.20000000e-07  -4.05428741e-02  -1.53305913e-02  -2.10953255e-02  -1.24572977e-14   4.33721385e-14  -7.57826066e-15
  8.00000000e-07  -3.77971669e-02  -1.42255106e-02  -1.75218835e-02  -1.32636052e-14   3.58420577e-14  -4.87668507e-16
  8.80000000e-07  -3.49437317e-02  -1.30605480e-02  -1.50245788e-02  -1.31924344e-14   2.97765239e-14   4.79848203e-15
  9.60000000e-07  -3.24193185e-02  -1.20268112e-02  -1.30817243e-02  -1.25573955e-14   2.45084335e-14   8.58785123e-15
  1.04000000e-06  -3.01621844e-02  -1.10982395e-02  -1.15783890e-02  -1.16795506e-14   2.00160043e-14   1.12397632e-14
  1.12000000e-06  -2.81436110e-02  -1.02636767e-02  -1.04141798e-02  -1.07373603e-14   1.62140357e-14   1.30372698e-14
  1.20000000e-06  -2.63186209e-02  -9.50691530e-03  -9.50392993e-03  -9.81965083e-15   1.29990611e-14   1.41897821e-14
  1.28000000e-06  -2.46612713e-02  -8.81868404e-03  -8.82676035e-03  -9.02078703e-15   1.03518814e-14   1.48609569e-14
  1.36000000e-06  -2.32137103e-02  -8.21499317e-03  -8.21542562e-03  -8.20640441e-15   7.97703342e-15   1.52116062e-14
  1.44000000e-06  -2.17964413e-02  -7.63072344e-03  -7.82844308e-03  -7.63218889e-15   6.16867531e-15   1.52371424e-14
  1.52000000e-06  -2.04947364e-02  -7.08920708e-03  -7.54230653e-03  -7.17455507e-15   4.68819578e-15   1.50888888e-14
  1.60000000e-06  -1.92929076e-02  -6.58679863e-03  -7.33710208e-03  -6.82530441e-15   3.48744464e-15   1.48163227e-14
  1.68000000e-06  -1.81799668e-02  -6.13103936e-03  -7.20936273e-03  -6.58524583e-15   2.54389878e-15   1.44427200e-14
  1.76000000e-06  -1.71534907e-02  -5.71568399e-03  -7.07255671e-03  -6.34487019e-15   1.70522127e-15   1.40105156e-14
  1.84000000e-06  -1.61635969e-02  -5.31425277e-03  -7.05877317e-03  -6.29483157e-15   1.17962035e-15   1.35261917e-14
  1.92000000e-06  -1.52492529e-02  -4.94753815e-03  -7.05030528e-03  -6.26939856e-15   7.48820543e-16   1.30347300e-14
  2.00000000e-06  -1.43563682e-02  -4.59130059e-03  -7.09826577e-03  -6.34855726e-15   5.05440535e-16   1.25131404e-14
  2.08000000e-06  -1.35209753e-02  -4.25748146e-03  -7.15781872e-03  -6.46535668e-15   3.45640274e-16   1.20073411e-14
  2.16000000e-06  -1.27338840e-02  -3.94714008e-03  -7.25209825e-03  -6.64677119e-15   2.92579889e-16   1.15117524e-14
  2.24000000e-06  -1.19741671e-02  -3.65168950e-03  -7.35211986e-03  -6.85846911e-15   3.08929398e-16   1.10167329e-14
  2.32000000e-06  -1.12388260e-02  -3.36776198e-03  -7.48828525e-03  -7.14230614e-15   4.26601914e-16   1.05277029e-14
  2.40000000e-06  -1.05470530e-02  -3.10311133e-03  -7.64237009e-03  -7.46566912e-15   5.93366277e-16   1.00622615e-14
  2.48000000e-06  -9.89391835e-03  -2.85416041e-03  -7.79921859e-03  -7.81037345e-15   7.80310034e-16   9.62251107e-15
  2.56000000e-06  -9.27172058e-03  -2.61903026e-03  -7.98900952e-03  -8.21689487e-15   1.02250600e-15   9.20098779e-15
  2.64000000e-06  -8.65892603e-03  -2.39143320e-03  -8.16801425e-03  -8.63115928e-15   1.27687140e-15   8.77606416e-15
  2.72000000e-06  -8.06787776e-03  -2.17997496e-03  -8.36627210e-03  -9.08426425e-15   1.56081612e-15   8.35356448e-15
  2.80000000e-06  -7.51220729e-03  -1.97627090e-03  -8.59900825e-03  -9.60442249e-15   1.86793653e-15   7.96125112e-15
  2.88000000e-06  -6.98312528e-03  -1.78658877e-03  -8.81121731e-03  -1.01092410e-14   2.13456324e-15   7.57903336e-15
  2.96000000e-06  -6.47504332e-03  -1.60791779e-03  -9.04760075e-03  -1.06618455e-14   2.40957309e-15   7.20207690e-15
  3.04000000e-06  -5.98958258e-03  -1.44073495e-03  -9.29712229e-03  -1.12460322e-14   2.66989597e-15   6.83140697e-15
  3.12000000e-06  -5.51803578e-03  -1.28213403e-03  -9.56707774e-03  -1.18729335e-14   2.92539753e-15   6.45594421e-15
  3.20000000e-06  -5.07820178e-03  -1.13141110e-03  -9.83611090e-03  -1.25128292e-14   3.12549831e-15   6.10062744e-15
  3.28000000e-06  -4.66051548e-03  -9.95752565e-04  -1.01075273e-02  -1.31595314e-14   3.27790135e-15   5.74484928e-15
  3.36000000e-06  -4.26830079e-03  -8.65953014e-04  -1.03948395e-02  -1.38414994e-14   3.38331812e-15   5.40170805e-15
  3.44000000e-06  -3.88891329e-03  -7.42751371e-04  -1.06965063e-02  -1.45527933e-14   3.44762404e-15   5.05153951e-15
  3.52000000e-06  -3.52902344e-03  -6.29669239e-04  -1.09865977e-02  -1.52488043e-14   3.43609757e-15   4.70116265e-15
  3.60000000e-06  -3.20638663e-03  -5.36877407e-04  -1.13075962e-02  -1.59745522e-14   3.35044419e-15   4.37067365e-15
  3.68000000e-06  -2.90096615e-03  -4.42164512e-04  -1.16108290e-02  -1.66834762e-14   3.17502532e-15   4.04745571e-15
  3.76000000e-06  -2.61815734e-03  -3.63022721e-04  -1.19209337e-02  -1.73829065e-14   2.91686821e-15   3.72892726e-15
  3.84000000e-06  -2.35406355e-03  -2.89475840e-04  -1.22246067e-02  -1.80605208e-14   2.56894152e-15   3.41703975e-15
  3.92000000e-06  -2.11277780e-03  -2.21386464e-04  -1.25549256e-02  -1.87608701e-14   2.13640095e-15   3.11945931e-15
  4.00000000e-06  -1.90352403e-03  -1.77243506e-04  -1.28925117e-02  -1.94236002e-14   1.58969237e-15   2.84595646e-15
  4.08000000e-06  -1.71927924e-03  -1.26782949e-04  -1.32179709e-02  -2.00520540e-14   9.29518364e-16   2.59928195e-15
  4.16000000e-06  -1.54415832e-03  -8.55236264e-05  -1.35601182e-02  -2.06615498e-14   1.83527951e-16   2.35167625e-15
  4.24000000e-06  -1.39703595e-03  -5.48192503e-05  -1.39106766e-02  -2.12286252e-14  -6.82333665e-16   2.13465948e-15
  4.32000000e-06  -1.26967468e-03  -2.42369077e-05  -1.42628091e-02  -2.17475619e-14  -1.65579584e-15   1.93878076e-15
  4.40000000e-06  -1.15344288e-03  -6.29898324e-06  -1.45518465e-02  -2.20924837e-14  -2.72092041e-15   1.75232450e-15
  4.48000000e-06  -1.06987547e-03   6.41702831e-06  -1.48830697e-02  -2.24246829e-14  -3.90551485e-15   1.61032346e-15
  4.56000000e-06  -9.98571789e-04   1.37774095e-05  -1.51805164e-02  -2.26192116e-14  -5.17038554e-15   1.48319540e-15
  4.64000000e-06  -9.42975745e-04   1.85866947e-05  -1.55592550e-02  -2.28411661e-14  -6.54483523e-15   1.37648099e-15
  4.72000000e-06  -9.01081054e-04   1.51202426e-05  -1.58298354e-02  -2.27930992e-14  -7.96519538e-15   1.28984248e-15
  4.80000000e-06  -8.73779140e-04   1.13775939e-05  -1.61588208e-02  -2.27217297e-14  -9.47800912e-15   1.22199118e-15
  4.88000000e-06  -8.60859099e-04   9.39708144e-07  -1.64386060e-02  -2.24548262e-14  -1.10284366e-14   1.17528688e-15
  4.96000000e-06  -8.43815434e-04  -9.96119867e-06  -1.67395613e-02  -2.20928351e-14  -1.26142406e-14   1.12117205e-15
  5.04000000e-06  -8.41131487e-04  -2.12463438e-05  -1.70280799e-02  -2.15825979e-14  -1.42349933e-14   1.08387113e-15
  5.12000000e-06  -8.26376047e-04  -2.77977400e-05  -1.73680498e-02  -2.10026366e-14  -1.58935432e-14   1.02474835e-15
  5.20000000e-06  -8.35370947e-04  -3.62488353e-05  -1.75938035e-02  -2.01394539e-14  -1.74862418e-14   9.92268137e-16
  5.28000000e-06  -8.28624417e-04  -5.00591981e-05  -1.78427330e-02  -1.91544460e-14  -1.90548365e-14   9.43000801e-16
  5.36000000e-06  -8.16308833e-04  -6.03666149e-05  -1.81290109e-02  -1.80698499e-14  -2.06187085e-14   8.82301840e-16
  5.44000000e-06  -8.11304230e-04  -6.77810030e-05  -1.83767050e-02  -1.68023474e-14  -2.21077502e-14   8.23341341e-16
  5.52000000e-06  -7.91037596e-04  -7.39231702e-05  -1.86226876e-02  -1.53914202e-14  -2.35095389e-14   7.47104392e-16
  5.60000000e-06  -7.56743368e-04  -7.63720116e-05  -1.88879199e-02  -1.38580372e-14  -2.48387692e-14   6.55655287e-16
  5.68000000e-06  -7.08372663e-04  -7.97804204e-05  -1.91451979e-02  -1.21738853e-14  -2.60488534e-14   5.58982783e-16
  5.76000000e-06  -6.55365529e-04  -7.49704804e-05  -1.93675546e-02  -1.03508180e-14  -2.70987349e-14   4.55151653e-16
  5.84000000e-06  -5.84850821e-04  -6.92088517e-05  -1.95832577e-02  -8.41002152e-15  -2.79900280e-14   3.50083005e-16
  5.92000000e-06  -4.97038142e-04  -6.00043233e-05  -1.98561496e-02  -6.38286022e-15  -2.88015835e-14   2.46812429e-16
  6.00000000e-06  -3.99922383e-04  -4.95742942e-05  -2.00418575e-02  -4.22148946e-15  -2.93287954e-14   1.56782995e-16
  6.08000000e-06  -2.85362391e-04  -3.85980558e-05  -2.02687812e-02  -1.99411814e-15  -2.97261176e-14   8.46827764e-17
  6.16000000e-06  -1.58435100e-04  -2.05857102e-05  -2.04338286e-02   2.96337927e-16  -2.98430676e-14   2.77672101e-17
