       time             b_x              b_y              b_z              F_x              F_y              F_z
  0.00000000e+00  -9.91308193e-06  -8.61398581e-05  -7.27968234e-03   1.67334230e-16  -3.40086452e-17   1.74554587e-19
  8.00000000e-08  -8.82931051e-06  -8.41943719e-05  -7.29238337e-03   1.69272466e-16  -2.46578396e-17   7.97396577e-20
  1.60000000e-07  -8.34537810e-06  -7.88969311e-05  -7.29649998e-03   1.70495399e-16  -1.51717292e-17  -3.09526068e-20
  2.40000000e-07  -7.85470107e-06  -7.35673209e-05  -7.30074944e-03   1.71190093e-16  -5.62134602e-18  -1.27534803e-19
  3.20000000e-07  -7.35887342e-06  -6.82224054e-05  -7.30512030e-03   1.71352575e-16   3.96423224e-18  -2.09635338e-19
  4.00000000e-07  -6.85950730e-06  -6.28791247e-05  -7.30960069e-03   1.70980431e-16   1.35556208e-17  -2.77061248e-19
  4.80000000e-07  -6.35822818e-06  -5.75544430e-05  -7.31417835e-03   1.70072844e-16   2.31232080e-17  -3.29798535e-19
  5.60000000e-07  -5.85666980e-06  -5.22652960e-05  -7.31884070e-03   1.68630612e-16   3.26372392e-17  -3.68010303e-19
  6.40000000e-07  -5.35646926e-06  -4.70285392e-05  -7.32357481e-03   1.66656174e-16   4.20679028e-17  -3.92032684e-19
