       time             b_x              b_y              b_z              F_x              F_y              F_z
  0.00000000e+00   8.22358297e-06  -8.53501394e-05  -1.75577031e-03   7.26780886e-18   1.74986860e-18  -5.10226761e-20
  8.00000000e-08   8.18046251e-06  -8.49253888e-05  -1.75273478e-03   7.22457877e-18   1.84356501e-18  -5.56074313e-20
  1.60000000e-07   8.16227394e-06  -8.42558874e-05  -1.74793099e-03   7.16920825e-18   1.93500780e-18  -5.97957003e-20
  2.40000000e-07   8.14453659e-06  -8.35895519e-05  -1.74312731e-03   7.11283621e-18   2.02518483e-18  -6.38814713e-20
  3.20000000e-07   8.12726273e-06  -8.29265337e-05  -1.73832375e-03   7.05549326e-18   2.11408943e-18  -6.78655290e-20
  4.00000000e-07   8.11046444e-06  -8.22669817e-05  -1.73352032e-03   6.99720986e-18   2.20171552e-18  -7.17487226e-20
  4.80000000e-07   8.09415359e-06  -8.16110428e-05  -1.72871702e-03   6.93801629e-18   2.28805753e-18  -7.55319639e-20
  5.60000000e-07   7.82584567e-06  -8.12450399e-05  -1.71966560e-03   6.87243089e-18   2.36178068e-18  -8.03065330e-20
  6.40000000e-07   7.78231788e-06  -8.07044342e-05  -1.71455283e-03   6.81337333e-18   2.44418763e-18  -8.41227757e-20
  7.20000000e-07   7.73922580e-06  -8.01679521e-05  -1.70943912e-03   6.75352536e-18   2.52528829e-18  -8.78534549e-20
  8.00000000e-07   7.69658071e-06  -7.96357287e-05  -1.70432449e-03   6.69291699e-18   2.60507965e-18  -9.14995008e-20
  8.80000000e-07   7.65439368e-06  -7.91078967e-05  -1.69920894e-03   6.63157802e-18   2.68355922e-18  -9.50618919e-20
  9.60000000e-07   7.61267559e-06  -7.85845869e-05  -1.69409248e-03   6.56953801e-18   2.76072501e-18  -9.85416530e-20
  1.04000000e-06   7.57143712e-06  -7.80659276e-05  -1.68897510e-03   6.50682628e-18   2.83657553e-18  -1.01939853e-19
  1.12000000e-06   7.53068873e-06  -7.75520451e-05  -1.68385683e-03   6.44347193e-18   2.91110974e-18  -1.05257602e-19
  1.20000000e-06   7.49044071e-06  -7.70430635e-05  -1.67873766e-03   6.37950380e-18   2.98432712e-18  -1.08496053e-19
  1.28000000e-06   7.33624026e-06  -7.76072135e-05  -1.67716010e-03   6.34948024e-18   3.06005692e-18  -1.13824064e-19
  1.36000000e-06   7.29604008e-06  -7.70838062e-05  -1.67215553e-03   6.28396624e-18   3.13143305e-18  -1.16935718e-19
  1.44000000e-06   7.25632957e-06  -7.65659024e-05  -1.66715109e-03   6.21791444e-18   3.20149582e-18  -1.19968838e-19
  1.52000000e-06   7.21711867e-06  -7.60536202e-05  -1.66214677e-03   6.15135253e-18   3.27024638e-18  -1.22924785e-19
  1.60000000e-06   7.17841712e-06  -7.55470756e-05  -1.65714257e-03   6.08430793e-18   3.33768632e-18  -1.25804951e-19
  1.68000000e-06   7.14023448e-06  -7.50463822e-05  -1.65213851e-03   6.01680777e-18   3.40381763e-18  -1.28610755e-19
  1.76000000e-06   7.10258012e-06  -7.45516515e-05  -1.64713457e-03   5.94887889e-18   3.46864273e-18  -1.31343643e-19
  1.84000000e-06   7.06546319e-06  -7.40629926e-05  -1.64213077e-03   5.88054787e-18   3.53216441e-18  -1.34005084e-19
  1.92000000e-06   6.41380360e-06  -7.28356403e-05  -1.63359741e-03   5.78569183e-18   3.57248645e-18  -1.36567337e-19
  2.00000000e-06   6.33335910e-06  -7.22468097e-05  -1.62842966e-03   5.71397791e-18   3.63152241e-18  -1.38892849e-19
  2.08000000e-06   6.25332756e-06  -7.16641414e-05  -1.62326109e-03   5.64196541e-18   3.68921696e-18  -1.41137805e-19
  2.16000000e-06   6.17371683e-06  -7.10877330e-05  -1.61809171e-03   5.56968029e-18   3.74557520e-18  -1.43303880e-19
  2.24000000e-06   6.09453457e-06  -7.05176794e-05  -1.61292152e-03   5.49714816e-18   3.80060257e-18  -1.45392761e-19
  2.32000000e-06   6.01578828e-06  -6.99540737e-05  -1.60775054e-03   5.42439433e-18   3.85430491e-18  -1.47406153e-19
  2.40000000e-06   5.93748530e-06  -6.93970063e-05  -1.60257876e-03   5.35144373e-18   3.90668837e-18  -1.49345770e-19
  2.48000000e-06   5.85963281e-06  -6.88465658e-05  -1.59740620e-03   5.27832098e-18   3.95775945e-18  -1.51213338e-19
  2.56000000e-06   5.78223780e-06  -6.83028383e-05  -1.59223287e-03   5.20505034e-18   4.00752497e-18  -1.53010590e-19
  2.64000000e-06   7.16269430e-06  -6.79229355e-05  -1.59098709e-03   5.14369124e-18   4.09989053e-18  -1.51876727e-19
  2.72000000e-06   7.13720185e-06  -6.74899881e-05  -1.58602336e-03   5.07226602e-18   4.14909888e-18  -1.53730931e-19
  2.80000000e-06   7.11256317e-06  -6.70640910e-05  -1.58105983e-03   5.00073124e-18   4.19707301e-18  -1.55531667e-19
  2.88000000e-06   7.08878476e-06  -6.66453247e-05  -1.57609650e-03   4.92910917e-18   4.24382009e-18  -1.57280582e-19
  2.96000000e-06   7.06587289e-06  -6.62337675e-05  -1.57113337e-03   4.85742180e-18   4.28934752e-18  -1.58979324e-19
  3.04000000e-06   7.04383363e-06  -6.58294959e-05  -1.56617045e-03   4.78569076e-18   4.33366301e-18  -1.60629542e-19
  3.12000000e-06   7.02267284e-06  -6.54325841e-05  -1.56120775e-03   4.71393736e-18   4.37677452e-18  -1.62232879e-19
  3.20000000e-06   7.00239615e-06  -6.50431043e-05  -1.55624525e-03   4.64218259e-18   4.41869025e-18  -1.63790976e-19
  3.28000000e-06   7.07957713e-06  -6.36009907e-05  -1.54782624e-03   4.53886984e-18   4.45201790e-18  -1.62175485e-19
  3.36000000e-06   7.02176103e-06  -6.31351792e-05  -1.54273240e-03   4.46500170e-18   4.48977302e-18  -1.63418133e-19
  3.44000000e-06   6.96489067e-06  -6.26767367e-05  -1.53763797e-03   4.39121650e-18   4.52632725e-18  -1.64610320e-19
  3.52000000e-06   6.90897113e-06  -6.22257255e-05  -1.53254295e-03   4.31753417e-18   4.56169042e-18  -1.65753773e-19
  3.60000000e-06   6.85400728e-06  -6.17822061e-05  -1.52744735e-03   4.24397431e-18   4.59587254e-18  -1.66850212e-19
  3.68000000e-06   6.80000376e-06  -6.13462369e-05  -1.52235118e-03   4.17055614e-18   4.62888387e-18  -1.67901344e-19
  3.76000000e-06   6.74696500e-06  -6.09178742e-05  -1.51725444e-03   4.09729855e-18   4.66073483e-18  -1.68908867e-19
  3.84000000e-06   6.69489523e-06  -6.04971726e-05  -1.51215714e-03   4.02422008e-18   4.69143605e-18  -1.69874465e-19
  3.92000000e-06   5.89689536e-06  -6.13216821e-05  -1.50874587e-03   3.98324357e-18   4.70900284e-18  -1.75824974e-19
  4.00000000e-06   6.18642836e-06  -6.04756702e-05  -1.50454838e-03   3.90175876e-18   4.74848785e-18  -1.74823248e-19
  4.08000000e-06   6.14315787e-06  -6.00022284e-05  -1.49935889e-03   3.82731479e-18   4.77599085e-18  -1.75447184e-19
  4.16000000e-06   6.10080616e-06  -5.95365173e-05  -1.49416935e-03   3.75312270e-18   4.80235691e-18  -1.76029934e-19
  4.24000000e-06   6.05937606e-06  -5.90785831e-05  -1.48897975e-03   3.67919970e-18   4.82759795e-18  -1.76573248e-19
  4.32000000e-06   6.01887020e-06  -5.86284701e-05  -1.48379010e-03   3.60556263e-18   4.85172600e-18  -1.77078859e-19
  4.40000000e-06   5.97929105e-06  -5.81862207e-05  -1.47860040e-03   3.53222794e-18   4.87475325e-18  -1.77548477e-19
  4.48000000e-06   5.94064086e-06  -5.77518756e-05  -1.47341065e-03   3.45921177e-18   4.89669203e-18  -1.77983792e-19
  4.56000000e-06   5.90292173e-06  -5.73254735e-05  -1.46822084e-03   3.38652987e-18   4.91755478e-18  -1.78386472e-19
  4.64000000e-06   5.54002988e-06  -5.70046165e-05  -1.46277277e-03   3.31613372e-18   4.92889309e-18  -1.79520830e-19
  4.72000000e-06   5.50275179e-06  -5.67312964e-05  -1.45813539e-03   3.24818974e-18   4.94947316e-18  -1.80309763e-19
  4.80000000e-06   5.46621563e-06  -5.64660966e-05  -1.45349780e-03   3.18056275e-18   4.96908162e-18  -1.81079738e-19
  4.88000000e-06   5.43042326e-06  -5.62090488e-05  -1.44885999e-03   3.11326637e-18   4.98772930e-18  -1.81832038e-19
  4.96000000e-06   5.39537637e-06  -5.59601832e-05  -1.44422197e-03   3.04631391e-18   5.00542715e-18  -1.82567926e-19
  5.04000000e-06   5.36107655e-06  -5.57195282e-05  -1.43958372e-03   2.97971838e-18   5.02218620e-18  -1.83288643e-19
  5.12000000e-06   5.32752525e-06  -5.54871110e-05  -1.43494526e-03   2.91349252e-18   5.03801757e-18  -1.83995406e-19
  5.20000000e-06   5.29472381e-06  -5.52629569e-05  -1.43030656e-03   2.84764877e-18   5.05293248e-18  -1.84689411e-19
  5.28000000e-06   5.26267342e-06  -5.50470900e-05  -1.42566764e-03   2.78219926e-18   5.06694220e-18  -1.85371829e-19
  5.36000000e-06   5.15042115e-06  -5.47626183e-05  -1.42043090e-03   2.71477471e-18   5.07607215e-18  -1.85856819e-19
  5.44000000e-06   5.10567816e-06  -5.45392463e-05  -1.41515672e-03   2.64904894e-18   5.08570248e-18  -1.86442381e-19
  5.52000000e-06   5.06167849e-06  -5.43242030e-05  -1.40988231e-03   2.58382928e-18   5.09442524e-18  -1.87017084e-19
  5.60000000e-06   5.01842351e-06  -5.41175032e-05  -1.40460764e-03   2.51912689e-18   5.10225389e-18  -1.87582060e-19
  5.68000000e-06   4.97591445e-06  -5.39191600e-05  -1.39933274e-03   2.45495259e-18   5.10920194e-18  -1.88138414e-19
  5.76000000e-06   4.93415240e-06  -5.37291852e-05  -1.39405760e-03   2.39131689e-18   5.11528292e-18  -1.88687226e-19
  5.84000000e-06   4.89313834e-06  -5.35475892e-05  -1.38878223e-03   2.32822997e-18   5.12051038e-18  -1.89229549e-19
  5.92000000e-06   4.85287312e-06  -5.33743808e-05  -1.38350662e-03   2.26570171e-18   5.12489788e-18  -1.89766413e-19
  6.00000000e-06   4.81335744e-06  -5.32095677e-05  -1.37823078e-03   2.20374165e-18   5.12845901e-18  -1.90298820e-19
  6.08000000e-06   4.91551487e-06  -5.33848837e-05  -1.37451518e-03   2.15105643e-18   5.14028054e-18  -1.91951121e-19
  6.16000000e-06   4.95150633e-06  -5.32624781e-05  -1.36992491e-03   2.09110223e-18   5.14659585e-18  -1.92540730e-19
  6.24000000e-06   4.98821517e-06  -5.31485691e-05  -1.36533446e-03   2.03164597e-18   5.15215315e-18  -1.93136032e-19
  6.32000000e-06   5.02564148e-06  -5.30431647e-05  -1.36074381e-03   1.97269627e-18   5.15696396e-18  -1.93737882e-19
  6.40000000e-06   5.06378526e-06  -5.29462715e-05  -1.35615296e-03   1.91426154e-18   5.16103980e-18  -1.94347108e-19
  6.48000000e-06   5.10264642e-06  -5.28578954e-05  -1.35156190e-03   1.85634989e-18   5.16439222e-18  -1.94964512e-19
  6.56000000e-06   5.14222477e-06  -5.27780405e-05  -1.34697064e-03   1.79896922e-18   5.16703278e-18  -1.95590871e-19
  6.64000000e-06   5.18252003e-06  -5.27067103e-05  -1.34237917e-03   1.74212716e-18   5.16897302e-18  -1.96226938e-19
  6.72000000e-06   4.91582602e-06  -5.24754881e-05  -1.33529841e-03   1.68110553e-18   5.15364139e-18  -1.96342498e-19
  6.80000000e-06   4.84904176e-06  -5.23885341e-05  -1.32997494e-03   1.62467440e-18   5.14883298e-18  -1.96892205e-19
  6.88000000e-06   4.78299893e-06  -5.23100545e-05  -1.32465080e-03   1.56891329e-18   5.14333523e-18  -1.97443760e-19
  6.96000000e-06   4.71769731e-06  -5.22400397e-05  -1.31932602e-03   1.51382829e-18   5.13716183e-18  -1.97997880e-19
  7.04000000e-06   4.65313656e-06  -5.21784792e-05  -1.31400058e-03   1.45942522e-18   5.13032636e-18  -1.98555256e-19
  7.12000000e-06   4.58931623e-06  -5.21253611e-05  -1.30867450e-03   1.40570962e-18   5.12284239e-18  -1.99116559e-19
  7.20000000e-06   4.52623578e-06  -5.20806727e-05  -1.30334778e-03   1.35268676e-18   5.11472341e-18  -1.99682434e-19
  7.28000000e-06   4.46389456e-06  -5.20444002e-05  -1.29802043e-03   1.30036164e-18   5.10598285e-18  -2.00253503e-19
  7.36000000e-06   4.40229182e-06  -5.20165287e-05  -1.29269244e-03   1.24873902e-18   5.09663409e-18  -2.00830368e-19
  7.44000000e-06   5.38234695e-06  -5.20778739e-05  -1.29052945e-03   1.19941920e-18   5.12321348e-18  -2.01739197e-19
  7.52000000e-06   5.42789898e-06  -5.21314053e-05  -1.28599152e-03   1.15017173e-18   5.11826931e-18  -2.02629295e-19
  7.60000000e-06   5.47446436e-06  -5.21933038e-05  -1.28145332e-03   1.10152606e-18   5.11278514e-18  -2.03536781e-19
  7.68000000e-06   5.52204082e-06  -5.22635600e-05  -1.27691484e-03   1.05348662e-18   5.10677192e-18  -2.04462096e-19
  7.76000000e-06   5.57062603e-06  -5.23421633e-05  -1.27237608e-03   1.00605768e-18   5.10024057e-18  -2.05405664e-19
  7.84000000e-06   5.62021755e-06  -5.24291024e-05  -1.26783705e-03   9.59243278e-19   5.09320193e-18  -2.06367884e-19
  7.92000000e-06   5.67081287e-06  -5.25243652e-05  -1.26329774e-03   9.13047260e-19   5.08566682e-18  -2.07349141e-19
  8.00000000e-06   5.72240940e-06  -5.26279386e-05  -1.25875815e-03   8.67473288e-19   5.07764601e-18  -2.08349796e-19
  8.08000000e-06   4.89136974e-06  -5.23159857e-05  -1.25116627e-03   8.13687657e-19   5.03655075e-18  -2.07416133e-19
  8.16000000e-06   4.93804422e-06  -5.24912657e-05  -1.24572327e-03   7.71427916e-19   5.02377997e-18  -2.08629982e-19
  8.24000000e-06   4.98551709e-06  -5.26747608e-05  -1.24027960e-03   7.29901824e-19   5.01056064e-18  -2.09864893e-19
  8.32000000e-06   4.99526307e-06  -5.26240247e-05  -1.23540132e-03   6.83215170e-19   4.99823020e-18  -2.10145599e-19
  8.40000000e-06   5.00394473e-06  -5.27457630e-05  -1.23023435e-03   6.41177189e-19   4.98424824e-18  -2.11089507e-19
  8.48000000e-06   5.01352299e-06  -5.28756867e-05  -1.22506622e-03   5.99858121e-19   4.96983879e-18  -2.12050771e-19
  8.56000000e-06   5.02399489e-06  -5.30137718e-05  -1.21989694e-03   5.59259738e-19   4.95501349e-18  -2.13029665e-19
  8.64000000e-06   5.03535740e-06  -5.31599937e-05  -1.21472653e-03   5.19383620e-19   4.93978388e-18  -2.14026443e-19
  8.72000000e-06   5.04760746e-06  -5.33143269e-05  -1.20955499e-03   4.80231155e-19   4.92416141e-18  -2.15041345e-19
  8.80000000e-06   5.32057107e-06  -5.35942816e-05  -1.20532596e-03   4.43864541e-19   4.91796962e-18  -2.16716012e-19
  8.88000000e-06   5.43782331e-06  -5.37305122e-05  -1.20028178e-03   4.05135134e-19   4.90453043e-18  -2.17715443e-19
  8.96000000e-06   5.55608290e-06  -5.38749460e-05  -1.19523700e-03   3.67100633e-19   4.89072753e-18  -2.18741589e-19
  9.04000000e-06   5.67534616e-06  -5.40275603e-05  -1.19019164e-03   3.29762209e-19   4.87657163e-18  -2.19794650e-19
  9.12000000e-06   5.79560937e-06  -5.41883321e-05  -1.18514569e-03   2.93120863e-19   4.86207338e-18  -2.20874812e-19
  9.20000000e-06   5.91686874e-06  -5.43572376e-05  -1.18009918e-03   2.57177433e-19   4.84724328e-18  -2.21982248e-19
  9.28000000e-06   6.03912043e-06  -5.45342525e-05  -1.17505210e-03   2.21932593e-19   4.83209176e-18  -2.23117114e-19
  9.36000000e-06   6.16236054e-06  -5.47193521e-05  -1.17000447e-03   1.87386862e-19   4.81662914e-18  -2.24279554e-19
  9.44000000e-06   6.28658515e-06  -5.49125109e-05  -1.16495628e-03   1.53540601e-19   4.80086564e-18  -2.25469698e-19
  9.52000000e-06   5.70380357e-06  -5.51161601e-05  -1.15947497e-03   1.21019118e-19   4.76661611e-18  -2.25987896e-19
  9.60000000e-06   5.64852688e-06  -5.53676763e-05  -1.15438006e-03   8.97997522e-20   4.74589028e-18  -2.27188333e-19
  9.68000000e-06   5.59407806e-06  -5.56270812e-05  -1.14928450e-03   5.93182518e-20   4.72490130e-18  -2.28403531e-19
  9.76000000e-06   5.54045410e-06  -5.58943401e-05  -1.14418828e-03   2.95736376e-20   4.70365919e-18  -2.29633600e-19
  9.84000000e-06   5.48765196e-06  -5.61694180e-05  -1.13909144e-03   5.64790958e-22   4.68217389e-18  -2.30878641e-19
  9.92000000e-06   5.43566852e-06  -5.64522794e-05  -1.13399396e-03  -2.77095432e-20   4.66045517e-18  -2.32138748e-19
  1.00000000e-05   5.38450061e-06  -5.67428884e-05  -1.12889586e-03  -5.52507527e-20   4.63851271e-18  -2.33414008e-19
  1.00800000e-05   5.33414502e-06  -5.70412089e-05  -1.12379715e-03  -8.20603551e-20   4.61635604e-18  -2.34704502e-19
  1.01600000e-05   5.80165413e-06  -5.69069294e-05  -1.11984895e-03  -1.19901577e-19   4.61058154e-18  -2.34915312e-19
  1.02400000e-05   5.89077753e-06  -5.72029392e-05  -1.11483680e-03  -1.45974173e-19   4.59147421e-18  -2.36362597e-19
  1.03200000e-05   5.98076011e-06  -5.75064869e-05  -1.10982435e-03  -1.71356133e-19   4.57217668e-18  -2.37834625e-19
  1.04000000e-05   6.07159799e-06  -5.78175416e-05  -1.10481161e-03  -1.96048856e-19   4.55269770e-18  -2.39331407e-19
  1.04800000e-05   6.16328727e-06  -5.81360720e-05  -1.09979859e-03  -2.20053850e-19   4.53304586e-18  -2.40852951e-19
  1.05600000e-05   6.25582401e-06  -5.84620466e-05  -1.09478529e-03  -2.43372733e-19   4.51322968e-18  -2.42399258e-19
  1.06400000e-05   6.34920424e-06  -5.87954336e-05  -1.08977171e-03  -2.66007225e-19   4.49325752e-18  -2.43970324e-19
  1.07200000e-05   6.44342398e-06  -5.91362008e-05  -1.08475787e-03  -2.87959149e-19   4.47313764e-18  -2.45566144e-19
  1.08000000e-05   6.53847923e-06  -5.94843159e-05  -1.07974377e-03  -3.09230429e-19   4.45287818e-18  -2.47186708e-19
  1.08800000e-05   6.11180804e-06  -6.00633359e-05  -1.07337347e-03  -3.22362176e-19   4.41500089e-18  -2.48888113e-19
  1.09600000e-05   6.15289130e-06  -6.02744702e-05  -1.06817091e-03  -3.45295304e-19   4.39249930e-18  -2.49847783e-19
  1.10400000e-05   6.19469504e-06  -6.04929708e-05  -1.06296797e-03  -3.67522988e-19   4.36985547e-18  -2.50828095e-19
  1.11200000e-05   6.23721566e-06  -6.07188006e-05  -1.05776468e-03  -3.89047708e-19   4.34707776e-18  -2.51829095e-19
  1.12000000e-05   6.28044954e-06  -6.09519223e-05  -1.05256104e-03  -4.09872038e-19   4.32417439e-18  -2.52850820e-19
  1.12800000e-05   6.32439306e-06  -6.11922981e-05  -1.04735705e-03  -4.29998643e-19   4.30115345e-18  -2.53893305e-19
  1.13600000e-05   6.36904254e-06  -6.14398901e-05  -1.04215273e-03  -4.49430282e-19   4.27802289e-18  -2.54956580e-19
  1.14400000e-05   6.41439432e-06  -6.16946604e-05  -1.03694809e-03  -4.68169798e-19   4.25479053e-18  -2.56040669e-19
  1.15200000e-05   6.49308450e-06  -6.33459157e-05  -1.03409599e-03  -4.58365222e-19   4.24154760e-18  -2.62703775e-19
  1.16000000e-05   6.54594165e-06  -6.37876956e-05  -1.02918254e-03  -4.72440255e-19   4.21965308e-18  -2.64534716e-19
  1.16800000e-05   6.59944620e-06  -6.42365895e-05  -1.02426909e-03  -4.85862202e-19   4.19770041e-18  -2.66387399e-19
  1.17600000e-05   6.65359475e-06  -6.46925600e-05  -1.01935564e-03  -4.98634064e-19   4.17569616e-18  -2.68261803e-19
  1.18400000e-05   6.70838386e-06  -6.51555695e-05  -1.01444220e-03  -5.10758904e-19   4.15364679e-18  -2.70157913e-19
  1.19200000e-05   6.76381013e-06  -6.56255804e-05  -1.00952878e-03  -5.22239845e-19   4.13155864e-18  -2.72075716e-19
  1.20000000e-05   6.81987011e-06  -6.61025552e-05  -1.00461537e-03  -5.33080066e-19   4.10943791e-18  -2.74015202e-19
  1.20800000e-05   6.87656039e-06  -6.65864561e-05  -9.99701985e-04  -5.43282802e-19   4.08729071e-18  -2.75976366e-19
  1.21600000e-05   6.93387752e-06  -6.70772455e-05  -9.94788634e-04  -5.52851339e-19   4.06512300e-18  -2.77959204e-19
  1.22400000e-05   7.62137204e-06  -6.62729074e-05  -9.86699272e-04  -5.85162277e-19   4.04501009e-18  -2.76208087e-19
  1.23200000e-05   7.70059146e-06  -6.68071202e-05  -9.81528539e-04  -5.92130693e-19   4.02213194e-18  -2.78409438e-19
  1.24000000e-05   7.42384372e-06  -6.77503511e-05  -9.79482215e-04  -5.96067356e-19   4.00322838e-18  -2.81419341e-19
  1.24800000e-05   7.44239049e-06  -6.83784063e-05  -9.74568438e-04  -6.00589000e-19   3.97995416e-18  -2.83831007e-19
  1.25600000e-05   7.46156515e-06  -6.90131571e-05  -9.69655095e-04  -6.04486959e-19   3.95670977e-18  -2.86262046e-19
  1.26400000e-05   7.48136413e-06  -6.96545641e-05  -9.64742190e-04  -6.07765151e-19   3.93350018e-18  -2.88712524e-19
  1.27200000e-05   7.50178387e-06  -7.03025878e-05  -9.59829729e-04  -6.10427529e-19   3.91033028e-18  -2.91182514e-19
  1.28000000e-05   7.52282083e-06  -7.09571891e-05  -9.54917716e-04  -6.12478071e-19   3.88720481e-18  -2.93672099e-19
  1.28800000e-05   7.54447142e-06  -7.16183286e-05  -9.50006155e-04  -6.13920783e-19   3.86412841e-18  -2.96181371e-19
  1.29600000e-05   7.80487994e-06  -7.18933016e-05  -9.40993650e-04  -6.13863619e-19   3.83072600e-18  -2.97764678e-19
  1.30400000e-05   7.84538155e-06  -7.24331030e-05  -9.35646564e-04  -6.15943865e-19   3.80649755e-18  -2.99844786e-19
  1.31200000e-05   7.88653128e-06  -7.29793042e-05  -9.30299206e-04  -6.17393319e-19   3.78232058e-18  -3.01946099e-19
  1.32000000e-05   7.92832508e-06  -7.35318647e-05  -9.24951584e-04  -6.18216357e-19   3.75819968e-18  -3.04068727e-19
  1.32800000e-05   7.97075889e-06  -7.40907440e-05  -9.19603708e-04  -6.18417383e-19   3.73413933e-18  -3.06212790e-19
  1.33600000e-05   8.01382867e-06  -7.46559015e-05  -9.14255588e-04  -6.18000820e-19   3.71014388e-18  -3.08378415e-19
  1.34400000e-05   8.05753037e-06  -7.52272971e-05  -9.08907233e-04  -6.16971109e-19   3.68621754e-18  -3.10565738e-19
  1.35200000e-05   8.10185996e-06  -7.58048905e-05  -9.03558651e-04  -6.15332711e-19   3.66236438e-18  -3.12774904e-19
  1.36000000e-05   8.06285920e-06  -7.69708068e-05  -9.03329572e-04  -6.13207212e-19   3.65630876e-18  -3.17019666e-19
  1.36800000e-05   8.09165805e-06  -7.75658070e-05  -8.98464766e-04  -6.11815285e-19   3.63405312e-18  -3.19243307e-19
  1.37600000e-05   8.12102262e-06  -7.81669775e-05  -8.93600544e-04  -6.09862399e-19   3.61186965e-18  -3.21487763e-19
  1.38400000e-05   8.15094950e-06  -7.87742805e-05  -8.88736908e-04  -6.07352562e-19   3.58976190e-18  -3.23753192e-19
  1.39200000e-05   8.18143525e-06  -7.93876785e-05  -8.83873863e-04  -6.04289789e-19   3.56773330e-18  -3.26039759e-19
  1.40000000e-05   8.21247649e-06  -8.00071340e-05  -8.79011410e-04  -6.00678107e-19   3.54578715e-18  -3.28347641e-19
  1.40800000e-05   8.24406985e-06  -8.06326099e-05  -8.74149554e-04  -5.96521548e-19   3.52392668e-18  -3.30677021e-19
  1.41600000e-05   8.27621197e-06  -8.12640691e-05  -8.69288297e-04  -5.91824150e-19   3.50215497e-18  -3.33028095e-19
  1.42400000e-05   8.30889952e-06  -8.19014745e-05  -8.64427643e-04  -5.86589955e-19   3.48047503e-18  -3.35401067e-19
  1.43200000e-05   8.45789910e-06  -8.10571742e-05  -8.55321879e-04  -6.02888473e-19   3.44536161e-18  -3.32471848e-19
  1.44000000e-05   8.49836800e-06  -8.16762169e-05  -8.50182830e-04  -5.96261960e-19   3.42284421e-18  -3.34789424e-19
  1.44800000e-05   8.53939606e-06  -8.23008862e-05  -8.45043882e-04  -5.89094300e-19   3.40043166e-18  -3.37129295e-19
  1.45600000e-05   8.58097968e-06  -8.29311450e-05  -8.39905041e-04  -5.81389803e-19   3.37812654e-18  -3.39491707e-19
  1.46400000e-05   8.62311529e-06  -8.35669569e-05  -8.34766315e-04  -5.73152772e-19   3.35593134e-18  -3.41876914e-19
  1.47200000e-05   8.66579931e-06  -8.42082852e-05  -8.29627710e-04  -5.64387508e-19   3.33384840e-18  -3.44285181e-19
  1.48000000e-05   8.70902821e-06  -8.48550937e-05  -8.24489232e-04  -5.55098305e-19   3.31188000e-18  -3.46716783e-19
  1.48800000e-05   8.75279848e-06  -8.55073462e-05  -8.19350888e-04  -5.45289450e-19   3.29002825e-18  -3.49172006e-19
  1.49600000e-05   1.00058566e-05  -8.55738208e-05  -8.19084255e-04  -5.63783137e-19   3.31454574e-18  -3.53174261e-19
  1.50400000e-05   9.65738942e-06  -8.62992919e-05  -8.09492592e-04  -5.37849002e-19   3.26697061e-18  -3.54705491e-19
  1.51200000e-05   9.66982709e-06  -8.70288885e-05  -8.04041795e-04  -5.24232498e-19   3.24346368e-18  -3.57374802e-19
  1.52000000e-05   9.68285819e-06  -8.77638713e-05  -7.98591006e-04  -5.10082008e-19   3.22009957e-18  -3.60068488e-19
  1.52800000e-05   9.69647867e-06  -8.85042015e-05  -7.93140232e-04  -4.95402367e-19   3.19687968e-18  -3.62786970e-19
  1.53600000e-05   9.71068453e-06  -8.92498405e-05  -7.87689480e-04  -4.80198385e-19   3.17380531e-18  -3.65530682e-19
  1.54400000e-05   9.72547178e-06  -9.00007500e-05  -7.82238753e-04  -4.64474853e-19   3.15087762e-18  -3.68300068e-19
  1.55200000e-05   9.74083648e-06  -9.07568919e-05  -7.76788059e-04  -4.48236539e-19   3.12809769e-18  -3.71095590e-19
  1.56000000e-05   9.75677472e-06  -9.15182282e-05  -7.71337401e-04  -4.31488188e-19   3.10546647e-18  -3.73917719e-19
  1.56800000e-05   9.89935084e-06  -9.21713341e-05  -7.70544463e-04  -4.32349730e-19   3.10325235e-18  -3.76760725e-19
  1.57600000e-05   1.00092913e-05  -9.30125527e-05  -7.65613609e-04  -4.14967637e-19   3.08487986e-18  -3.80199724e-19
  1.58400000e-05   1.01198073e-05  -9.38589482e-05  -7.60682663e-04  -3.97132623e-19   3.06665408e-18  -3.83670939e-19
  1.59200000e-05   1.02308956e-05  -9.47104898e-05  -7.55751634e-04  -3.78848483e-19   3.04857556e-18  -3.87174873e-19
  1.60000000e-05   1.03425531e-05  -9.55671468e-05  -7.50820531e-04  -3.60118993e-19   3.03064476e-18  -3.90712042e-19
  1.60800000e-05   1.04547766e-05  -9.64288889e-05  -7.45889361e-04  -3.40947903e-19   3.01286207e-18  -3.94282975e-19
  1.61600000e-05   1.05675630e-05  -9.72956859e-05  -7.40958132e-04  -3.21338939e-19   2.99522777e-18  -3.97888217e-19
  1.62400000e-05   1.06809092e-05  -9.81675079e-05  -7.36026854e-04  -3.01295806e-19   2.97774208e-18  -4.01528328e-19
  1.63200000e-05   1.07948122e-05  -9.90443252e-05  -7.31095534e-04  -2.80822181e-19   2.96040511e-18  -4.05203882e-19
  1.64000000e-05   1.06993945e-05  -9.90840063e-05  -7.23048254e-04  -2.68291682e-19   2.92680477e-18  -4.05049177e-19
  1.64800000e-05   1.07662699e-05  -9.98921186e-05  -7.17839541e-04  -2.47623055e-19   2.90758729e-18  -4.08323887e-19
  1.65600000e-05   1.12063303e-05  -1.00973201e-04  -7.13883424e-04  -2.24821034e-19   2.90174645e-18  -4.13958411e-19
  1.66400000e-05   1.13136318e-05  -1.01818994e-04  -7.09039559e-04  -2.04048335e-19   2.88508264e-18  -4.17557436e-19
  1.67200000e-05   1.14215090e-05  -1.02669583e-04  -7.04195758e-04  -1.82869221e-19   2.86856045e-18  -4.21193319e-19
  1.68000000e-05   1.15299596e-05  -1.03524941e-04  -6.99352027e-04  -1.61287109e-19   2.85217967e-18  -4.24866668e-19
  1.68800000e-05   1.16389809e-05  -1.04385040e-04  -6.94508373e-04  -1.39305392e-19   2.83593999e-18  -4.28578104e-19
  1.69600000e-05   1.17485705e-05  -1.05249853e-04  -6.89664802e-04  -1.16927434e-19   2.81984104e-18  -4.32328262e-19
  1.70400000e-05   1.18587259e-05  -1.06119354e-04  -6.84821321e-04  -9.41565748e-20   2.80388237e-18  -4.36117791e-19
  1.71200000e-05   1.17624456e-05  -1.06865447e-04  -6.80780211e-04  -7.69328787e-20   2.78623191e-18  -4.38697884e-19
  1.72000000e-05   1.18059361e-05  -1.07776813e-04  -6.75611572e-04  -5.14150842e-20   2.76776420e-18  -4.42425530e-19
  1.72800000e-05   1.18499590e-05  -1.08692733e-04  -6.70443343e-04  -2.54887709e-20   2.74944687e-18  -4.46192717e-19
  1.73600000e-05   1.18945119e-05  -1.09613178e-04  -6.65275531e-04   8.42209223e-22   2.73127889e-18  -4.50000230e-19
  1.74400000e-05   1.19395921e-05  -1.10538118e-04  -6.60108139e-04   2.75740366e-20   2.71325913e-18  -4.53848872e-19
  1.75200000e-05   1.19851973e-05  -1.11467522e-04  -6.54941175e-04   5.47029244e-20   2.69538641e-18  -4.57739456e-19
  1.76000000e-05   1.20313251e-05  -1.12401361e-04  -6.49774642e-04   8.22251185e-20   2.67765943e-18  -4.61672812e-19
  1.76800000e-05   1.20779730e-05  -1.13339606e-04  -6.44608548e-04   1.10136898e-19   2.66007684e-18  -4.65649783e-19
  1.77600000e-05   1.21683751e-05  -1.13777191e-04  -6.38559539e-04   1.30259289e-19   2.64036191e-18  -4.67971897e-19
  1.78400000e-05   1.23395229e-05  -1.14610942e-04  -6.33534698e-04   1.55809929e-19   2.62637405e-18  -4.72095033e-19
  1.79200000e-05   1.25111808e-05  -1.15448977e-04  -6.28510106e-04   1.81718292e-19   2.61251012e-18  -4.76266184e-19
  1.80000000e-05   1.26833467e-05  -1.16291271e-04  -6.23485768e-04   2.07981431e-19   2.59876880e-18  -4.80486071e-19
  1.80800000e-05   1.28560182e-05  -1.17137804e-04  -6.18461694e-04   2.34596428e-19   2.58514870e-18  -4.84755430e-19
  1.81600000e-05   1.30291931e-05  -1.17988550e-04  -6.13437889e-04   2.61560389e-19   2.57164835e-18  -4.89075007e-19
  1.82400000e-05   1.32028695e-05  -1.18843488e-04  -6.08414362e-04   2.88870451e-19   2.55826625e-18  -4.93445562e-19
  1.83200000e-05   1.33770449e-05  -1.19702596e-04  -6.03391118e-04   3.16523773e-19   2.54500080e-18  -4.97867867e-19
  1.84000000e-05   1.35517175e-05  -1.20565850e-04  -5.98368167e-04   3.44517544e-19   2.53185035e-18  -5.02342706e-19
  1.84800000e-05   1.30799831e-05  -1.21737145e-04  -5.95279309e-04   3.71968340e-19   2.51113475e-18  -5.05364507e-19
  1.85600000e-05   1.31929085e-05  -1.22560243e-04  -5.90135091e-04   4.00024319e-19   2.49631847e-18  -5.09496757e-19
  1.86400000e-05   1.33062680e-05  -1.23387449e-04  -5.84991458e-04   4.28425439e-19   2.48160915e-18  -5.13680455e-19
  1.87200000e-05   1.34200590e-05  -1.24218737e-04  -5.79848415e-04   4.57168685e-19   2.46700492e-18  -5.17916401e-19
  1.88000000e-05   1.35342795e-05  -1.25054083e-04  -5.74705968e-04   4.86251065e-19   2.45250386e-18  -5.22205405e-19
  1.88800000e-05   1.36489270e-05  -1.25893463e-04  -5.69564124e-04   5.15669616e-19   2.43810397e-18  -5.26548289e-19
  1.89600000e-05   1.37639993e-05  -1.26736852e-04  -5.64422889e-04   5.45421400e-19   2.42380322e-18  -5.30945886e-19
  1.90400000e-05   1.38794941e-05  -1.27584228e-04  -5.59282269e-04   5.75503502e-19   2.40959947e-18  -5.35399039e-19
  1.91200000e-05   1.39954092e-05  -1.28435565e-04  -5.54142269e-04   6.05913036e-19   2.39549054e-18  -5.39908604e-19
  1.92000000e-05   1.41645848e-05  -1.28911106e-04  -5.48673037e-04   6.29338897e-19   2.38142918e-18  -5.43271354e-19
  1.92800000e-05   1.45745495e-05  -1.30525785e-04  -5.44336355e-04   6.74303180e-19   2.37721230e-18  -5.51974592e-19
  1.93600000e-05   1.47066113e-05  -1.31500739e-04  -5.39821824e-04   7.05516498e-19   2.36608741e-18  -5.57158809e-19
  1.94400000e-05   1.48391552e-05  -1.32479656e-04  -5.35308214e-04   7.37012670e-19   2.35505620e-18  -5.62405697e-19
  1.95200000e-05   1.49721799e-05  -1.33462519e-04  -5.30795529e-04   7.68789461e-19   2.34411655e-18  -5.67716247e-19
  1.96000000e-05   1.51056846e-05  -1.34449311e-04  -5.26283776e-04   8.00844657e-19   2.33326629e-18  -5.73091462e-19
  1.96800000e-05   1.52396680e-05  -1.35440015e-04  -5.21772960e-04   8.33176064e-19   2.32250320e-18  -5.78532359e-19
  1.97600000e-05   1.53741294e-05  -1.36434614e-04  -5.17263088e-04   8.65781511e-19   2.31182501e-18  -5.84039966e-19
  1.98400000e-05   1.55090677e-05  -1.37433090e-04  -5.12754164e-04   8.98658845e-19   2.30122943e-18  -5.89615321e-19
  1.99200000e-05   1.53415697e-05  -1.37173521e-04  -5.05043989e-04   9.17081793e-19   2.27154846e-18  -5.89110716e-19
  2.00000000e-05   1.54157019e-05  -1.38087767e-04  -4.99816630e-04   9.51725669e-19   2.25687854e-18  -5.94169500e-19
  2.00800000e-05   1.54902650e-05  -1.39005681e-04  -4.94590019e-04   9.86673348e-19   2.24227707e-18  -5.99295193e-19
  2.01600000e-05   1.55652574e-05  -1.39927241e-04  -4.89364158e-04   1.02192197e-18   2.22774099e-18  -6.04488838e-19
  2.02400000e-05   1.56406776e-05  -1.40852420e-04  -4.84139053e-04   1.05746871e-18   2.21326716e-18  -6.09751490e-19
  2.03200000e-05   1.57165238e-05  -1.41781195e-04  -4.78914707e-04   1.09331073e-18   2.19885239e-18  -6.15084214e-19
  2.04000000e-05   1.57927947e-05  -1.42713541e-04  -4.73691123e-04   1.12944524e-18   2.18449344e-18  -6.20488085e-19
  2.04800000e-05   1.58694887e-05  -1.43649434e-04  -4.68468307e-04   1.16586948e-18   2.17018701e-18  -6.25964188e-19
  2.05600000e-05   1.63821093e-05  -1.44677218e-04  -4.66112784e-04   1.19157847e-18   2.17696201e-18  -6.33829941e-19
  2.06400000e-05   1.65958365e-05  -1.45525973e-04  -4.61400276e-04   1.22397158e-18   2.16781230e-18  -6.39705212e-19
  2.07200000e-05   1.68100380e-05  -1.46378286e-04  -4.56688718e-04   1.25661559e-18   2.15870085e-18  -6.45654605e-19
  2.08000000e-05   1.70247128e-05  -1.47234142e-04  -4.51978118e-04   1.28950868e-18   2.14962498e-18  -6.51679060e-19
  2.08800000e-05   1.69185328e-05  -1.48777170e-04  -4.46416603e-04   1.34220720e-18   2.12996146e-18  -6.58984141e-19
  2.09600000e-05   1.71134958e-05  -1.49754331e-04  -4.41552818e-04   1.37896493e-18   2.11993365e-18  -6.65538355e-19
  2.10400000e-05   1.73088552e-05  -1.50735070e-04  -4.36690039e-04   1.41597399e-18   2.10993799e-18  -6.72176451e-19
  2.11200000e-05   1.75046098e-05  -1.51719368e-04  -4.31828275e-04   1.45323242e-18   2.09997117e-18  -6.78899577e-19
  2.12000000e-05   1.77007585e-05  -1.52707212e-04  -4.26967535e-04   1.49073824e-18   2.09002987e-18  -6.85708892e-19
  2.12800000e-05   1.81243469e-05  -1.53349513e-04  -4.21997907e-04   1.52103558e-18   2.08484483e-18  -6.92283443e-19
  2.13600000e-05   1.82915641e-05  -1.54271507e-04  -4.17121863e-04   1.55744017e-18   2.07416893e-18  -6.98829708e-19
  2.14400000e-05   1.84592417e-05  -1.55196935e-04  -4.12246844e-04   1.59408968e-18   2.06350525e-18  -7.05460840e-19
  2.15200000e-05   1.86273791e-05  -1.56125780e-04  -4.07372857e-04   1.63098210e-18   2.05285049e-18  -7.12177941e-19
  2.16000000e-05   1.87959756e-05  -1.57058024e-04  -4.02499912e-04   1.66811539e-18   2.04220127e-18  -7.18982121e-19
  2.16800000e-05   1.89650308e-05  -1.57993649e-04  -3.97628017e-04   1.70548757e-18   2.03155420e-18  -7.25874499e-19
  2.17600000e-05   1.91345439e-05  -1.58932638e-04  -3.92757180e-04   1.74309661e-18   2.02090583e-18  -7.32856201e-19
  2.18400000e-05   1.93045144e-05  -1.59874971e-04  -3.87887412e-04   1.78094052e-18   2.01025269e-18  -7.39928364e-19
  2.19200000e-05   1.94749417e-05  -1.60820632e-04  -3.83018721e-04   1.81901731e-18   1.99959125e-18  -7.47092132e-19
  2.20000000e-05   2.00231766e-05  -1.62227868e-04  -3.76922972e-04   1.87367197e-18   1.99252674e-18  -7.58050109e-19
  2.20800000e-05   2.02010495e-05  -1.63300173e-04  -3.71936396e-04   1.91552252e-18   1.98152590e-18  -7.65958806e-19
  2.21600000e-05   2.03794191e-05  -1.64375760e-04  -3.66950825e-04   1.95760311e-18   1.97051039e-18  -7.73971084e-19
  2.22400000e-05   2.05582850e-05  -1.65454609e-04  -3.61966269e-04   1.99991159e-18   1.95947603e-18  -7.82088309e-19
  2.23200000e-05   2.07376464e-05  -1.66536700e-04  -3.56982741e-04   2.04244582e-18   1.94841865e-18  -7.90311858e-19
  2.24000000e-05   2.09175028e-05  -1.67622015e-04  -3.52000250e-04   2.08520367e-18   1.93733400e-18  -7.98643112e-19
  2.24800000e-05   2.10978536e-05  -1.68710534e-04  -3.47018808e-04   2.12818299e-18   1.92621782e-18  -8.07083465e-19
  2.25600000e-05   2.12786981e-05  -1.69802237e-04  -3.42038427e-04   2.17138165e-18   1.91506578e-18  -8.15634318e-19
  2.26400000e-05   2.14600358e-05  -1.70897105e-04  -3.37059118e-04   2.21479750e-18   1.90387356e-18  -8.24297078e-19
  2.27200000e-05   2.11852629e-05  -1.71691206e-04  -3.34213981e-04   2.24095526e-18   1.89123574e-18  -8.29508440e-19
  2.28000000e-05   2.12828324e-05  -1.72777499e-04  -3.28749670e-04   2.28687117e-18   1.87596296e-18  -8.37880971e-19
  2.28800000e-05   2.13728246e-05  -1.73898943e-04  -3.23727570e-04   2.33154607e-18   1.86231853e-18  -8.46463275e-19
  2.29600000e-05   2.14632528e-05  -1.75023488e-04  -3.18706786e-04   2.37643592e-18   1.84861867e-18  -8.55161088e-19
  2.30400000e-05   2.15541161e-05  -1.76151109e-04  -3.13687332e-04   2.42153818e-18   1.83485878e-18  -8.63975897e-19
  2.31200000e-05   2.16454134e-05  -1.77281782e-04  -3.08669222e-04   2.46685027e-18   1.82103424e-18  -8.72909193e-19
  2.32000000e-05   2.17371436e-05  -1.78415483e-04  -3.03652470e-04   2.51236963e-18   1.80714037e-18  -8.81962475e-19
  2.32800000e-05   2.18293057e-05  -1.79552187e-04  -2.98637089e-04   2.55809367e-18   1.79317249e-18  -8.91137248e-19
  2.33600000e-05   2.19218986e-05  -1.80691870e-04  -2.93623096e-04   2.60401981e-18   1.77912586e-18  -9.00435022e-19
  2.34400000e-05   2.25591611e-05  -1.81162036e-04  -2.90514974e-04   2.62519283e-18   1.78562598e-18  -9.09644989e-19
  2.35200000e-05   2.27924212e-05  -1.82271757e-04  -2.85935404e-04   2.66843213e-18   1.77645335e-18  -9.19708580e-19
  2.36000000e-05   2.30261448e-05  -1.83384274e-04  -2.81357373e-04   2.71184193e-18   1.76720061e-18  -9.29897566e-19
  2.36800000e-05   2.32603321e-05  -1.84499571e-04  -2.76780900e-04   2.75542039e-18   1.75786365e-18  -9.40213347e-19
  2.37600000e-05   2.34949835e-05  -1.85617629e-04  -2.72206003e-04   2.79916565e-18   1.74843836e-18  -9.50657327e-19
  2.38400000e-05   2.37300991e-05  -1.86738431e-04  -2.67632703e-04   2.84307585e-18   1.73892057e-18  -9.61230916e-19
  2.39200000e-05   2.39656791e-05  -1.87861960e-04  -2.63061017e-04   2.88714909e-18   1.72930612e-18  -9.71935530e-19
  2.40000000e-05   2.42017236e-05  -1.88988198e-04  -2.58490966e-04   2.93138347e-18   1.71959081e-18  -9.82772587e-19
  2.40800000e-05   2.47000642e-05  -1.90111762e-04  -2.51814181e-04   2.98660445e-18   1.70607406e-18  -9.95080668e-19
  2.41600000e-05   2.48657006e-05  -1.91150637e-04  -2.47004326e-04   3.03036304e-18   1.69338846e-18  -1.00540823e-18
  2.42400000e-05   2.50318692e-05  -1.92192180e-04  -2.42195939e-04   3.07429189e-18   1.68057670e-18  -1.01586520e-18
  2.43200000e-05   2.51985700e-05  -1.93236367e-04  -2.37389036e-04   3.11838870e-18   1.66763434e-18  -1.02645291e-18
  2.44000000e-05   2.53658029e-05  -1.94283178e-04  -2.32583634e-04   3.16265111e-18   1.65455692e-18  -1.03717268e-18
  2.44800000e-05   2.55335678e-05  -1.95332589e-04  -2.27779751e-04   3.20707678e-18   1.64133996e-18  -1.04802587e-18
  2.45600000e-05   2.57018647e-05  -1.96384578e-04  -2.22977403e-04   3.25166329e-18   1.62797894e-18  -1.05901380e-18
  2.46400000e-05   2.52267706e-05  -1.99567883e-04  -2.17818744e-04   3.34627299e-18   1.59831241e-18  -1.07684104e-18
  2.47200000e-05   2.52997864e-05  -2.00883295e-04  -2.13070106e-04   3.39672828e-18   1.58279985e-18  -1.08894463e-18
  2.48000000e-05   2.57974213e-05  -2.00838519e-04  -2.08312110e-04   3.41670565e-18   1.57662283e-18  -1.09693287e-18
  2.48800000e-05   2.58939249e-05  -2.01848415e-04  -2.03445406e-04   3.46111516e-18   1.56067420e-18  -1.10790292e-18
  2.49600000e-05   2.59909455e-05  -2.02860647e-04  -1.98580011e-04   3.50567740e-18   1.54455089e-18  -1.11900851e-18
  2.50400000e-05   2.60884817e-05  -2.03875186e-04  -1.93715941e-04   3.55038958e-18   1.52824825e-18  -1.13025093e-18
  2.51200000e-05   2.61865323e-05  -2.04892005e-04  -1.88853213e-04   3.59524885e-18   1.51176158e-18  -1.14163142e-18
  2.52000000e-05   2.62850959e-05  -2.05911076e-04  -1.83991843e-04   3.64025233e-18   1.49508618e-18  -1.15315125e-18
  2.52800000e-05   2.63841712e-05  -2.06932371e-04  -1.79131847e-04   3.68539711e-18   1.47821733e-18  -1.16481169e-18
  2.53600000e-05   2.64837568e-05  -2.07955861e-04  -1.74273242e-04   3.73068026e-18   1.46115027e-18  -1.17661398e-18
  2.54400000e-05   2.65838512e-05  -2.08981517e-04  -1.69416045e-04   3.77609877e-18   1.44388022e-18  -1.18855940e-18
  2.55200000e-05   2.68481145e-05  -2.11092679e-04  -1.67297963e-04   3.83113590e-18   1.44384797e-18  -1.20698996e-18
  2.56000000e-05   2.70169606e-05  -2.12214932e-04  -1.62496727e-04   3.87852596e-18   1.42803586e-18  -1.22011411e-18
  2.56800000e-05   2.71862796e-05  -2.13339492e-04  -1.57697424e-04   3.92603967e-18   1.41201198e-18  -1.23339685e-18
  2.57600000e-05   2.73560698e-05  -2.14466331e-04  -1.52900075e-04   3.97367409e-18   1.39577139e-18  -1.24683956e-18
  2.58400000e-05   2.73415773e-05  -2.15713931e-04  -1.48146413e-04   4.02385523e-18   1.37538693e-18  -1.26004788e-18
  2.59200000e-05   2.74555900e-05  -2.16880476e-04  -1.43396861e-04   4.07227530e-18   1.35766143e-18  -1.27369271e-18
  2.60000000e-05   2.75700514e-05  -2.18049160e-04  -1.38649099e-04   4.12080629e-18   1.33970701e-18  -1.28750313e-18
  2.60800000e-05   2.76849597e-05  -2.19219954e-04  -1.33903145e-04   4.16944493e-18   1.32151866e-18  -1.30148059e-18
  2.61600000e-05   2.78003137e-05  -2.20392826e-04  -1.29159023e-04   4.21818793e-18   1.30309135e-18  -1.31562653e-18
  2.62400000e-05   2.79990578e-05  -2.21282045e-04  -1.25321833e-04   4.25566401e-18   1.29107465e-18  -1.32887504e-18
  2.63200000e-05   2.82271475e-05  -2.22457044e-04  -1.20858112e-04   4.30302432e-18   1.27614876e-18  -1.34394105e-18
  2.64000000e-05   2.84556445e-05  -2.23633943e-04  -1.16396450e-04   4.35046689e-18   1.26098458e-18  -1.35917903e-18
  2.64800000e-05   2.86845472e-05  -2.24812716e-04  -1.11936870e-04   4.39798884e-18   1.24557748e-18  -1.37459032e-18
  2.65600000e-05   2.89138538e-05  -2.25993338e-04  -1.07479397e-04   4.44558726e-18   1.22992283e-18  -1.39017625e-18
  2.66400000e-05   2.91435626e-05  -2.27175780e-04  -1.03024055e-04   4.49325918e-18   1.21401599e-18  -1.40593814e-18
  2.67200000e-05   2.93736718e-05  -2.28360018e-04  -9.85708694e-05   4.54100159e-18   1.19785231e-18  -1.42187733e-18
  2.68000000e-05   2.96041795e-05  -2.29546023e-04  -9.41198648e-05   4.58881141e-18   1.18142715e-18  -1.43799512e-18
  2.68800000e-05   2.98350838e-05  -2.30733767e-04  -8.96710665e-05   4.63668554e-18   1.16473585e-18  -1.45429282e-18
  2.69600000e-05   3.02939966e-05  -2.31579588e-04  -8.29781882e-05   4.68952867e-18   1.14022202e-18  -1.47011623e-18
  2.70400000e-05   3.04804279e-05  -2.32675448e-04  -7.79712669e-05   4.73858260e-18   1.11871700e-18  -1.48598270e-18
  2.71200000e-05   3.06673386e-05  -2.33772886e-04  -7.29664897e-05   4.78770498e-18   1.09689256e-18  -1.50202608e-18
  2.72000000e-05   3.08547267e-05  -2.34871865e-04  -6.79638835e-05   4.83689166e-18   1.07474332e-18  -1.51824752e-18
  2.72800000e-05   3.10425902e-05  -2.35972347e-04  -6.29634755e-05   4.88613845e-18   1.05226387e-18  -1.53464815e-18
  2.73600000e-05   3.12309270e-05  -2.37074292e-04  -5.79652932e-05   4.93544104e-18   1.02944881e-18  -1.55122910e-18
  2.74400000e-05   3.14197349e-05  -2.38177661e-04  -5.29693646e-05   4.98479511e-18   1.00629274e-18  -1.56799146e-18
  2.75200000e-05   3.16090117e-05  -2.39282415e-04  -4.79757179e-05   5.03419623e-18   9.82790253e-19  -1.58493632e-18
  2.76000000e-05   3.17987552e-05  -2.40388513e-04  -4.29843816e-05   5.08363991e-18   9.58935933e-19  -1.60206474e-18
  2.76800000e-05   2.99899664e-05  -2.33371884e-04  -3.98775885e-05   4.94257636e-18   9.01658313e-19  -1.55962291e-18
  2.77600000e-05   2.72278745e-05  -2.10845825e-04  -3.50057651e-05   4.46865006e-18   8.12425399e-19  -1.41761395e-18
  2.78400000e-05   2.44677737e-05  -1.88332579e-04  -3.01360707e-05   3.99580040e-18   7.22878574e-19  -1.27333276e-18
  2.79200000e-05   2.17094586e-05  -1.65830830e-04  -2.52682897e-05   3.52391777e-18   6.33056596e-19  -1.12702342e-18
  2.80000000e-05   1.89527212e-05  -1.43339248e-04  -2.04022034e-05   3.05289056e-18   5.42997725e-19  -9.78928679e-19
  2.80800000e-05   1.61973522e-05  -1.20856485e-04  -1.55375898e-05   2.58260537e-18   4.52739777e-19  -8.29290101e-19
  2.81600000e-05   1.34431403e-05  -9.83811813e-05  -1.06742247e-05   2.11294727e-18   3.62320187e-19  -6.78348216e-19
  2.82400000e-05   1.06898731e-05  -7.59119654e-05  -5.81188131e-06   1.64380007e-18   2.71776067e-19  -5.26342685e-19
  2.83200000e-05   7.93733686e-06  -5.34474576e-05  -9.50331460e-07   1.17504651e-18   1.81144269e-19  -3.73512455e-19
  2.84000000e-05   0.00000000e+00   0.00000000e+00   0.00000000e+00   0.00000000e+00   0.00000000e+00   0.00000000e+00
  2.84800000e-05   0.00000000e+00   0.00000000e+00   0.00000000e+00   0.00000000e+00   0.00000000e+00   0.00000000e+00
  2.85600000e-05   0.00000000e+00   0.00000000e+00   0.00000000e+00   0.00000000e+00   0.00000000e+00   0.00000000e+00
  2.86400000e-05   0.00000000e+00   0.00000000e+00   0.00000000e+00   0.00000000e+00   0.00000000e+00   0.00000000e+00
  2.87200000e-05   0.00000000e+00   0.00000000e+00   0.00000000e+00   0.00000000e+00   0.00000000e+00   0.00000000e+00
  2.88000000e-05   0.00000000e+00   0.00000000e+00   0.00000000e+00   0.00000000e+00   0.00000000e+00   0.00000000e+00
  2.88800000e-05   0.00000000e+00   0.00000000e+00   0.00000000e+00   0.00000000e+00   0.00000000e+00   0.00000000e+00
  2.89600000e-05   0.00000000e+00   0.00000000e+00   0.00000000e+00   0.00000000e+00   0.00000000e+00   0.00000000e+00
  2.90400000e-05   0.00000000e+00   0.00000000e+00   0.00000000e+00   0.00000000e+00   0.00000000e+00   0.00000000e+00
