       time             b_x              b_y              b_z              F_x              F_y              F_z
  0.00000000e+00   1.60609710e-05  -8.09841904e-05  -2.06369810e-03  -1.31006706e-17   7.12121903e-18  -3.81410269e-19
  8.00000000e-08   1.63978647e-05  -8.25397853e-05  -2.05961087e-03  -1.31474971e-17   6.90812903e-18  -3.81521760e-19
  1.60000000e-07   1.67366986e-05  -8.41060249e-05  -2.05552312e-03  -1.31902973e-17   6.69519490e-18  -3.81347333e-19
  2.40000000e-07   1.70774094e-05  -8.56825809e-05  -2.05143494e-03  -1.32291020e-17   6.48248296e-18  -3.80882009e-19
  3.20000000e-07   1.74199336e-05  -8.72691249e-05  -2.04734643e-03  -1.32639430e-17   6.27005851e-18  -3.80121076e-19
  4.00000000e-07   1.77642080e-05  -8.88653292e-05  -2.04325769e-03  -1.32948533e-17   6.05798582e-18  -3.79060090e-19
  4.80000000e-07   1.78474796e-05  -8.99488312e-05  -2.02928841e-03  -1.32589311e-17   5.81459637e-18  -3.74345335e-19
  5.60000000e-07   1.80822628e-05  -9.14638103e-05  -2.02339960e-03  -1.32697118e-17   5.59836810e-18  -3.71649028e-19
  6.40000000e-07   1.83186668e-05  -9.29876599e-05  -2.01751631e-03  -1.32764944e-17   5.38325000e-18  -3.68662942e-19
  7.20000000e-07   1.85566294e-05  -9.45200495e-05  -2.01163864e-03  -1.32793344e-17   5.16930167e-18  -3.65384878e-19
  8.00000000e-07   1.87960888e-05  -9.60606503e-05  -2.00576669e-03  -1.32782876e-17   4.95658111e-18  -3.61812908e-19
  8.80000000e-07   1.90369834e-05  -9.76091352e-05  -1.99990054e-03  -1.32734104e-17   4.74514471e-18  -3.57945383e-19
  9.60000000e-07   1.92792520e-05  -9.91651793e-05  -1.99404029e-03  -1.32647596e-17   4.53504727e-18  -3.53780925e-19
  1.04000000e-06   1.95228340e-05  -1.00728459e-04  -1.98818602e-03  -1.32523927e-17   4.32634199e-18  -3.49318434e-19
  1.12000000e-06   1.97676689e-05  -1.02298655e-04  -1.98233781e-03  -1.32363675e-17   4.11908053e-18  -3.44557080e-19
  1.20000000e-06   2.15272597e-05  -1.04512309e-04  -1.98813993e-03  -1.32944670e-17   3.96678786e-18  -3.52475997e-19
  1.28000000e-06   2.18889551e-05  -1.06048104e-04  -1.98394827e-03  -1.32864979e-17   3.76534487e-18  -3.47859493e-19
  1.36000000e-06   2.22513273e-05  -1.07589891e-04  -1.97975767e-03  -1.32751116e-17   3.56491813e-18  -3.42939956e-19
  1.44000000e-06   2.26143122e-05  -1.09137360e-04  -1.97556820e-03  -1.32603505e-17   3.36555655e-18  -3.37716340e-19
  1.52000000e-06   2.29778462e-05  -1.10690197e-04  -1.97137994e-03  -1.32422574e-17   3.16730796e-18  -3.32187866e-19
  1.60000000e-06   2.33418661e-05  -1.12248092e-04  -1.96719294e-03  -1.32208757e-17   2.97021909e-18  -3.26354027e-19
  1.68000000e-06   2.37063094e-05  -1.13810738e-04  -1.96300728e-03  -1.31962494e-17   2.77433559e-18  -3.20214579e-19
  1.76000000e-06   2.40711138e-05  -1.15377828e-04  -1.95882302e-03  -1.31684226e-17   2.57970199e-18  -3.13769546e-19
  1.84000000e-06   2.44362179e-05  -1.16949057e-04  -1.95464023e-03  -1.31374401e-17   2.38636175e-18  -3.07019213e-19
  1.92000000e-06   2.38120037e-05  -1.16972073e-04  -1.93959782e-03  -1.30499459e-17   2.16361383e-18  -2.90693127e-19
  2.00000000e-06   2.45721003e-05  -1.19599738e-04  -1.94001872e-03  -1.30261628e-17   1.98695275e-18  -2.87481353e-19
  2.08000000e-06   2.47708162e-05  -1.20968639e-04  -1.93565864e-03  -1.29888847e-17   1.79516449e-18  -2.78408532e-19
  2.16000000e-06   2.50088104e-05  -1.22502802e-04  -1.93132546e-03  -1.29451940e-17   1.60568783e-18  -2.69475638e-19
  2.24000000e-06   2.52471399e-05  -1.24040103e-04  -1.92699099e-03  -1.28985214e-17   1.41774719e-18  -2.60254607e-19
  2.32000000e-06   2.54857504e-05  -1.25580254e-04  -1.92265525e-03  -1.28489147e-17   1.23138095e-18  -2.50747691e-19
  2.40000000e-06   2.57245883e-05  -1.27122967e-04  -1.91831829e-03  -1.27964220e-17   1.04662639e-18  -2.40957375e-19
  2.48000000e-06   2.59636006e-05  -1.28667958e-04  -1.91398013e-03  -1.27410916e-17   8.63519693e-19  -2.30886373e-19
  2.56000000e-06   2.62027346e-05  -1.30214946e-04  -1.90964080e-03  -1.26829721e-17   6.82095946e-19  -2.20537620e-19
  2.64000000e-06   2.65566242e-05  -1.32284003e-04  -1.90439556e-03  -1.26032139e-17   5.05080841e-19  -2.10834838e-19
  2.72000000e-06   2.68046818e-05  -1.34036066e-04  -1.89930498e-03  -1.25291174e-17   3.27863471e-19  -1.99959742e-19
  2.80000000e-06   2.70527337e-05  -1.35788563e-04  -1.89421829e-03  -1.24524472e-17   1.52721272e-19  -1.88790565e-19
  2.88000000e-06   2.73007269e-05  -1.37541219e-04  -1.88913548e-03  -1.23732596e-17  -2.03198936e-20  -1.77331993e-19
  2.96000000e-06   2.75486091e-05  -1.39293762e-04  -1.88405659e-03  -1.22916108e-17  -1.91235340e-19  -1.65588918e-19
  3.04000000e-06   2.77963285e-05  -1.41045921e-04  -1.87898160e-03  -1.22075568e-17  -3.60001553e-19  -1.53566438e-19
  3.12000000e-06   2.80438341e-05  -1.42797432e-04  -1.87391052e-03  -1.21211537e-17  -5.26596167e-19  -1.41269842e-19
  3.20000000e-06   2.82910756e-05  -1.44548032e-04  -1.86884335e-03  -1.20324571e-17  -6.90997960e-19  -1.28704613e-19
  3.28000000e-06   2.85037033e-05  -1.45785394e-04  -1.87322685e-03  -1.20297933e-17  -8.61821949e-19  -1.15977735e-19
  3.36000000e-06   2.86815821e-05  -1.47602646e-04  -1.85728486e-03  -1.18464041e-17  -1.01523160e-18  -1.02258272e-19
  3.44000000e-06   2.90021949e-05  -1.49228114e-04  -1.85191866e-03  -1.17513085e-17  -1.17082443e-18  -8.96874254e-20
  3.52000000e-06   2.93222033e-05  -1.50852083e-04  -1.84655740e-03  -1.16541785e-17  -1.32410307e-18  -7.68903716e-20
  3.60000000e-06   2.96415639e-05  -1.52474311e-04  -1.84120108e-03  -1.15550704e-17  -1.47505322e-18  -6.38727821e-20
  3.68000000e-06   2.99602342e-05  -1.54094561e-04  -1.83584969e-03  -1.14540401e-17  -1.62366162e-18  -5.06404746e-20
  3.76000000e-06   3.02781722e-05  -1.55712599e-04  -1.83050323e-03  -1.13511432e-17  -1.76991610e-18  -3.71994059e-20
  3.84000000e-06   3.05953367e-05  -1.57328194e-04  -1.82516169e-03  -1.12464348e-17  -1.91380550e-18  -2.35556652e-20
  3.92000000e-06   3.09116875e-05  -1.58941119e-04  -1.81982505e-03  -1.11399699e-17  -2.05531972e-18  -9.71546778e-21
  4.00000000e-06   3.12271847e-05  -1.60551152e-04  -1.81449331e-03  -1.10318029e-17  -2.19444963e-18   4.31485152e-21
  4.08000000e-06   3.21927532e-05  -1.62962755e-04  -1.82093437e-03  -1.09985419e-17  -2.33692123e-18   1.46945319e-20
  4.16000000e-06   3.25846088e-05  -1.64403565e-04  -1.81668143e-03  -1.08989894e-17  -2.47353475e-18   2.83586454e-20
  4.24000000e-06   3.29752934e-05  -1.65840942e-04  -1.81242922e-03  -1.07977748e-17  -2.60806403e-18   4.21886835e-20
  4.32000000e-06   3.33647695e-05  -1.67274675e-04  -1.80817771e-03  -1.06949439e-17  -2.74049697e-18   5.61788812e-20
  4.40000000e-06   3.37530005e-05  -1.68704558e-04  -1.80392687e-03  -1.05905424e-17  -2.87082227e-18   7.03233703e-20
  4.48000000e-06   3.41399504e-05  -1.70130389e-04  -1.79967666e-03  -1.04846160e-17  -2.99902943e-18   8.46161857e-20
  4.56000000e-06   3.45255837e-05  -1.71551966e-04  -1.79542706e-03  -1.03772098e-17  -3.12510878e-18   9.90512702e-20
  4.64000000e-06   3.49098660e-05  -1.72969093e-04  -1.79117803e-03  -1.02683690e-17  -3.24905141e-18   1.13622481e-19
  4.72000000e-06   3.52927634e-05  -1.74381577e-04  -1.78692953e-03  -1.01581385e-17  -3.37084919e-18   1.28323594e-19
  4.80000000e-06   3.49559635e-05  -1.76125089e-04  -1.77833586e-03  -1.00051077e-17  -3.49578843e-18   1.49554352e-19
  4.88000000e-06   3.52018025e-05  -1.77717168e-04  -1.77366960e-03  -9.88479907e-18  -3.61426392e-18   1.65957631e-19
  4.96000000e-06   3.54464425e-05  -1.79303932e-04  -1.76900550e-03  -9.76326237e-18  -3.73041592e-18   1.82478418e-19
  5.04000000e-06   3.56898505e-05  -1.80885197e-04  -1.76434352e-03  -9.64054462e-18  -3.84424212e-18   1.99109127e-19
  5.12000000e-06   3.59319947e-05  -1.82460785e-04  -1.75968364e-03  -9.51669237e-18  -3.95574100e-18   2.15842131e-19
  5.20000000e-06   3.61728434e-05  -1.84030518e-04  -1.75502584e-03  -9.39175178e-18  -4.06491178e-18   2.32669767e-19
  5.28000000e-06   3.64123662e-05  -1.85594223e-04  -1.75037008e-03  -9.26576863e-18  -4.17175444e-18   2.49584343e-19
  5.36000000e-06   3.66505329e-05  -1.87151733e-04  -1.74571633e-03  -9.13878824e-18  -4.27626966e-18   2.66578144e-19
  5.44000000e-06   3.68873142e-05  -1.88702881e-04  -1.74106457e-03  -9.01085554e-18  -4.37845887e-18   2.83643439e-19
  5.52000000e-06   3.71391654e-05  -1.90809691e-04  -1.74215045e-03  -8.91275289e-18  -4.49559576e-18   3.02379759e-19
  5.60000000e-06   3.73873354e-05  -1.92525254e-04  -1.73798331e-03  -8.78227383e-18  -4.59511526e-18   3.20100838e-19
  5.68000000e-06   3.76339775e-05  -1.94233826e-04  -1.73381631e-03  -8.65089942e-18  -4.69235812e-18   3.37894453e-19
  5.76000000e-06   3.78790677e-05  -1.95935250e-04  -1.72964941e-03  -8.51867165e-18  -4.78732563e-18   3.55752155e-19
  5.84000000e-06   3.81225828e-05  -1.97629376e-04  -1.72548256e-03  -8.38563214e-18  -4.88001973e-18   3.73665495e-19
  5.92000000e-06   3.83645000e-05  -1.99316055e-04  -1.72131575e-03  -8.25182215e-18  -4.97044295e-18   3.91626029e-19
  6.00000000e-06   3.86047975e-05  -2.00995144e-04  -1.71714891e-03  -8.11728254e-18  -5.05859848e-18   4.09625325e-19
  6.08000000e-06   3.88434538e-05  -2.02666501e-04  -1.71298203e-03  -7.98205378e-18  -5.14449011e-18   4.27654967e-19
  6.16000000e-06   4.03279036e-05  -2.03719352e-04  -1.69658866e-03  -7.77158618e-18  -5.15636060e-18   4.34423901e-19
  6.24000000e-06   3.99741059e-05  -2.05854817e-04  -1.69720347e-03  -7.66026556e-18  -5.26653190e-18   4.58359123e-19
  6.32000000e-06   4.01967734e-05  -2.07336953e-04  -1.69301903e-03  -7.52762851e-18  -5.34479443e-18   4.75828682e-19
  6.40000000e-06   4.04177996e-05  -2.08810631e-04  -1.68883601e-03  -7.39449232e-18  -5.42088489e-18   4.93280153e-19
  6.48000000e-06   4.06371655e-05  -2.10275729e-04  -1.68465437e-03  -7.26089428e-18  -5.49481033e-18   5.10705994e-19
  6.56000000e-06   4.08548525e-05  -2.11732127e-04  -1.68047409e-03  -7.12687127e-18  -5.56657836e-18   5.28098712e-19
  6.64000000e-06   4.10708427e-05  -2.13179711e-04  -1.67629515e-03  -6.99245973e-18  -5.63619707e-18   5.45450872e-19
  6.72000000e-06   4.12851189e-05  -2.14618368e-04  -1.67211751e-03  -6.85769565e-18  -5.70367502e-18   5.62755095e-19
  6.80000000e-06   4.14976643e-05  -2.16047989e-04  -1.66794114e-03  -6.72261460e-18  -5.76902129e-18   5.80004069e-19
  6.88000000e-06   4.17084630e-05  -2.17468469e-04  -1.66376601e-03  -6.58725167e-18  -5.83224539e-18   5.97190549e-19
  6.96000000e-06   4.20696707e-05  -2.18074479e-04  -1.65425134e-03  -6.43320633e-18  -5.86795000e-18   6.09947985e-19
  7.04000000e-06   4.23641463e-05  -2.19580421e-04  -1.64931576e-03  -6.29051098e-18  -5.92130866e-18   6.26751617e-19
  7.12000000e-06   4.26567811e-05  -2.21077513e-04  -1.64438430e-03  -6.14778508e-18  -5.97243772e-18   6.43479116e-19
  7.20000000e-06   4.29475649e-05  -2.22565669e-04  -1.63945687e-03  -6.00506300e-18  -6.02135365e-18   6.60123357e-19
  7.28000000e-06   4.32364881e-05  -2.24044808e-04  -1.63453340e-03  -5.86237851e-18  -6.06807327e-18   6.76677303e-19
  7.36000000e-06   4.35235418e-05  -2.25514852e-04  -1.62961382e-03  -5.71976478e-18  -6.11261379e-18   6.93134015e-19
  7.44000000e-06   4.38087177e-05  -2.26975724e-04  -1.62469805e-03  -5.57725439e-18  -6.15499273e-18   7.09486646e-19
  7.52000000e-06   4.40920081e-05  -2.28427354e-04  -1.61978601e-03  -5.43487932e-18  -6.19522799e-18   7.25728453e-19
  7.60000000e-06   4.43734058e-05  -2.29869674e-04  -1.61487764e-03  -5.29267096e-18  -6.23333778e-18   7.41852794e-19
  7.68000000e-06   4.50308029e-05  -2.31205913e-04  -1.61561462e-03  -5.18887564e-18  -6.28649937e-18   7.55017053e-19
  7.76000000e-06   4.51841159e-05  -2.32617645e-04  -1.61161314e-03  -5.05254576e-18  -6.32800322e-18   7.71717705e-19
  7.84000000e-06   4.53353024e-05  -2.34019836e-04  -1.60761241e-03  -4.91627455e-18  -6.36755718e-18   7.88283225e-19
  7.92000000e-06   4.54843544e-05  -2.35412421e-04  -1.60361239e-03  -4.78009061e-18  -6.40517482e-18   8.04707161e-19
  8.00000000e-06   4.56312647e-05  -2.36795340e-04  -1.59961306e-03  -4.64402212e-18  -6.44087002e-18   8.20983168e-19
  8.08000000e-06   4.57760266e-05  -2.38168532e-04  -1.59561438e-03  -4.50809678e-18  -6.47465697e-18   8.37105007e-19
  8.16000000e-06   4.59186340e-05  -2.39531943e-04  -1.59161631e-03  -4.37234188e-18  -6.50655017e-18   8.53066550e-19
  8.24000000e-06   4.60590814e-05  -2.40885520e-04  -1.58761882e-03  -4.23678425e-18  -6.53656439e-18   8.68861783e-19
  8.32000000e-06   4.61973639e-05  -2.42229212e-04  -1.58362188e-03  -4.10145027e-18  -6.56471472e-18   8.84484805e-19
  8.40000000e-06   4.59077523e-05  -2.44735364e-04  -1.57919849e-03  -3.93760126e-18  -6.59836207e-18   9.08110115e-19
  8.48000000e-06   4.60322394e-05  -2.45897571e-04  -1.57469899e-03  -3.80335538e-18  -6.62024012e-18   9.22604263e-19
  8.56000000e-06   4.66734338e-05  -2.46908572e-04  -1.56346705e-03  -3.63328567e-18  -6.59574430e-18   9.33161901e-19
  8.64000000e-06   4.69063191e-05  -2.48012205e-04  -1.55790132e-03  -3.49543980e-18  -6.60555751e-18   9.46337646e-19
  8.72000000e-06   4.71370961e-05  -2.49105987e-04  -1.55233806e-03  -3.35824522e-18  -6.61348201e-18   9.59301377e-19
  8.80000000e-06   4.73657670e-05  -2.50189898e-04  -1.54677720e-03  -3.22172534e-18  -6.61954318e-18   9.72049074e-19
  8.88000000e-06   4.75923341e-05  -2.51263923e-04  -1.54121869e-03  -3.08590291e-18  -6.62376656e-18   9.84576852e-19
  8.96000000e-06   4.78168005e-05  -2.52328050e-04  -1.53566250e-03  -2.95080004e-18  -6.62617779e-18   9.96880960e-19
  9.04000000e-06   4.80391698e-05  -2.53382268e-04  -1.53010855e-03  -2.81643819e-18  -6.62680262e-18   1.00895778e-18
  9.12000000e-06   4.80871494e-05  -2.55261529e-04  -1.53297751e-03  -2.71025530e-18  -6.67220124e-18   1.02599537e-18
  9.20000000e-06   4.82693450e-05  -2.56381622e-04  -1.52904100e-03  -2.58325977e-18  -6.67884817e-18   1.03832511e-18
  9.28000000e-06   4.84496113e-05  -2.57491330e-04  -1.52510509e-03  -2.45679300e-18  -6.68389320e-18   1.05042852e-18
  9.36000000e-06   4.86279505e-05  -2.58590641e-04  -1.52116978e-03  -2.33087461e-18  -6.68735415e-18   1.06230189e-18
  9.44000000e-06   4.88043656e-05  -2.59679549e-04  -1.51723507e-03  -2.20552380e-18  -6.68924896e-18   1.07394167e-18
  9.52000000e-06   4.89788596e-05  -2.60758049e-04  -1.51330097e-03  -2.08075931e-18  -6.68959575e-18   1.08534439e-18
  9.60000000e-06   4.91514363e-05  -2.61826137e-04  -1.50936746e-03  -1.95659946e-18  -6.68841276e-18   1.09650675e-18
  9.68000000e-06   4.93220996e-05  -2.62883814e-04  -1.50543455e-03  -1.83306213e-18  -6.68571833e-18   1.10742553e-18
  9.76000000e-06   4.94908539e-05  -2.63931081e-04  -1.50150224e-03  -1.71016479e-18  -6.68153096e-18   1.11809768e-18
  9.84000000e-06   5.01346041e-05  -2.64402908e-04  -1.49022414e-03  -1.56384080e-18  -6.62681709e-18   1.12315129e-18
  9.92000000e-06   5.03607901e-05  -2.65477910e-04  -1.48458219e-03  -1.43365970e-18  -6.60898950e-18   1.13320805e-18
  1.00000000e-05   5.05848572e-05  -2.66542715e-04  -1.47894156e-03  -1.30445886e-18  -6.58960934e-18   1.14299750e-18
  1.00800000e-05   5.08068157e-05  -2.67597345e-04  -1.47330220e-03  -1.17625281e-18  -6.56870420e-18   1.15251722e-18
  1.01600000e-05   5.10266761e-05  -2.68641828e-04  -1.46766405e-03  -1.04905545e-18  -6.54630162e-18   1.16176493e-18
  1.02400000e-05   5.12444498e-05  -2.69676191e-04  -1.46202705e-03  -9.22880128e-19  -6.52242913e-18   1.17073850e-18
  1.03200000e-05   5.14601483e-05  -2.70700465e-04  -1.45639115e-03  -7.97739576e-19  -6.49711419e-18   1.17943592e-18
  1.04000000e-05   5.16737835e-05  -2.71714682e-04  -1.45075628e-03  -6.73645959e-19  -6.47038424e-18   1.18785532e-18
  1.04800000e-05   5.18853679e-05  -2.72718878e-04  -1.44512238e-03  -5.50610867e-19  -6.44226662e-18   1.19599495e-18
  1.05600000e-05   5.16594196e-05  -2.74566338e-04  -1.44738318e-03  -4.45322487e-19  -6.46431607e-18   1.21037643e-18
  1.06400000e-05   5.18105436e-05  -2.75698338e-04  -1.44349278e-03  -3.27969865e-19  -6.44419175e-18   1.21902977e-18
  1.07200000e-05   5.19597623e-05  -2.76820199e-04  -1.43960232e-03  -2.11420756e-19  -6.42279074e-18   1.22740344e-18
  1.08000000e-05   5.21070851e-05  -2.77931952e-04  -1.43571180e-03  -9.56871856e-20  -6.40013231e-18   1.23549537e-18
  1.08800000e-05   5.22525219e-05  -2.79033631e-04  -1.43182123e-03   1.92192128e-20  -6.37623578e-18   1.24330358e-18
  1.09600000e-05   5.23960828e-05  -2.80125272e-04  -1.42793061e-03   1.33287193e-19  -6.35112048e-18   1.25082624e-18
  1.10400000e-05   5.25377782e-05  -2.81206913e-04  -1.42403992e-03   2.46505896e-19  -6.32480577e-18   1.25806162e-18
  1.11200000e-05   5.26776190e-05  -2.82278595e-04  -1.42014918e-03   3.58864845e-19  -6.29731100e-18   1.26500812e-18
  1.12000000e-05   5.28156163e-05  -2.83340358e-04  -1.41625838e-03   4.70353941e-19  -6.26865553e-18   1.27166424e-18
  1.12800000e-05   5.32077383e-05  -2.83549454e-04  -1.40473306e-03   5.93239401e-19  -6.19277009e-18   1.27249906e-18
  1.13600000e-05   5.33490427e-05  -2.84339546e-04  -1.39917373e-03   7.03166445e-19  -6.15281978e-18   1.27718467e-18
  1.14400000e-05   5.34885125e-05  -2.85119937e-04  -1.39361489e-03   8.11938628e-19  -6.11179645e-18   1.28157673e-18
  1.15200000e-05   5.27938740e-05  -2.87939910e-04  -1.38983490e-03   9.59034629e-19  -6.09775256e-18   1.29973530e-18
  1.16000000e-05   5.28601481e-05  -2.88846784e-04  -1.38482167e-03   1.06708182e-18  -6.05865687e-18   1.30444930e-18
  1.16800000e-05   5.29247507e-05  -2.89743869e-04  -1.37980943e-03   1.17404536e-18  -6.01854226e-18   1.30885595e-18
  1.17600000e-05   5.29876968e-05  -2.90631232e-04  -1.37479814e-03   1.27992009e-18  -5.97743217e-18   1.31295529e-18
  1.18400000e-05   5.30490013e-05  -2.91508938e-04  -1.36978778e-03   1.38470125e-18  -5.93534993e-18   1.31674746e-18
  1.19200000e-05   5.44948399e-05  -2.89746119e-04  -1.37058801e-03   1.40660582e-18  -5.89142773e-18   1.30139113e-18
  1.20000000e-05   5.40428544e-05  -2.91548077e-04  -1.36347762e-03   1.53869054e-18  -5.84866852e-18   1.31158977e-18
  1.20800000e-05   5.41270812e-05  -2.92276534e-04  -1.35864316e-03   1.63690968e-18  -5.80458197e-18   1.31391693e-18
  1.21600000e-05   5.42097066e-05  -2.92995854e-04  -1.35380766e-03   1.73405063e-18  -5.75962816e-18   1.31595470e-18
  1.22400000e-05   5.42907469e-05  -2.93706107e-04  -1.34897109e-03   1.83011012e-18  -5.71382881e-18   1.31770390e-18
  1.23200000e-05   5.43702186e-05  -2.94407363e-04  -1.34413342e-03   1.92508530e-18  -5.66720550e-18   1.31916543e-18
  1.24000000e-05   5.44481385e-05  -2.95099695e-04  -1.33929463e-03   2.01897364e-18  -5.61977970e-18   1.32034027e-18
  1.24800000e-05   5.45245236e-05  -2.95783177e-04  -1.33445469e-03   2.11177302e-18  -5.57157273e-18   1.32122950e-18
  1.25600000e-05   5.45993909e-05  -2.96457883e-04  -1.32961357e-03   2.20348164e-18  -5.52260579e-18   1.32183426e-18
  1.26400000e-05   5.49310259e-05  -2.97123565e-04  -1.32729400e-03   2.28555015e-18  -5.47980739e-18   1.32128038e-18
  1.27200000e-05   5.50051543e-05  -2.97964338e-04  -1.32306697e-03   2.37738818e-18  -5.43247606e-18   1.32227073e-18
  1.28000000e-05   5.50777248e-05  -2.98796497e-04  -1.31883779e-03   2.46821996e-18  -5.38439559e-18   1.32296973e-18
  1.28800000e-05   5.51487562e-05  -2.99620120e-04  -1.31460645e-03   2.55804321e-18  -5.33558485e-18   1.32337816e-18
  1.29600000e-05   5.52182677e-05  -3.00435281e-04  -1.31037295e-03   2.64685600e-18  -5.28606259e-18   1.32349687e-18
  1.30400000e-05   5.52862785e-05  -3.01242058e-04  -1.30613728e-03   2.73465667e-18  -5.23584746e-18   1.32332679e-18
  1.31200000e-05   5.53528081e-05  -3.02040531e-04  -1.30189944e-03   2.82144389e-18  -5.18495801e-18   1.32286892e-18
  1.32000000e-05   5.54178762e-05  -3.02830778e-04  -1.29765943e-03   2.90721661e-18  -5.13341267e-18   1.32212434e-18
  1.32800000e-05   5.54815023e-05  -3.03612880e-04  -1.29341725e-03   2.99197409e-18  -5.08122976e-18   1.32109419e-18
  1.33600000e-05   5.58902157e-05  -3.03680466e-04  -1.28660540e-03   3.06723584e-18  -5.00796237e-18   1.31528191e-18
  1.34400000e-05   5.59710267e-05  -3.04260632e-04  -1.28179465e-03   3.14705236e-18  -4.95151333e-18   1.31276436e-18
  1.35200000e-05   5.60505209e-05  -3.04832827e-04  -1.27698249e-03   3.22577360e-18  -4.89454063e-18   1.30998112e-18
  1.36000000e-05   5.61287218e-05  -3.05397137e-04  -1.27216892e-03   3.30340176e-18  -4.83706335e-18   1.30693416e-18
  1.36800000e-05   5.62056530e-05  -3.05953647e-04  -1.26735392e-03   3.37993931e-18  -4.77910040e-18   1.30362551e-18
  1.37600000e-05   5.62813384e-05  -3.06502444e-04  -1.26253747e-03   3.45538904e-18  -4.72067051e-18   1.30005723e-18
  1.38400000e-05   5.63558016e-05  -3.07043615e-04  -1.25771957e-03   3.52975396e-18  -4.66179220e-18   1.29623143e-18
  1.39200000e-05   5.64290666e-05  -3.07577247e-04  -1.25290020e-03   3.60303740e-18  -4.60248383e-18   1.29215028e-18
  1.40000000e-05   5.65011571e-05  -3.08103430e-04  -1.24807934e-03   3.67524291e-18  -4.54276358e-18   1.28781598e-18
  1.40800000e-05   5.66588405e-05  -3.09420127e-04  -1.24659639e-03   3.75579541e-18  -4.49614059e-18   1.28669987e-18
  1.41600000e-05   5.67469200e-05  -3.10016555e-04  -1.24224041e-03   3.82683020e-18  -4.43719982e-18   1.28217229e-18
  1.42400000e-05   5.68340125e-05  -3.10605730e-04  -1.23788222e-03   3.89684524e-18  -4.37785608e-18   1.27739174e-18
  1.43200000e-05   5.69201430e-05  -3.11187747e-04  -1.23352185e-03   3.96584380e-18  -4.31812584e-18   1.27236031e-18
  1.44000000e-05   5.70053366e-05  -3.11762701e-04  -1.22915928e-03   4.03382936e-18  -4.25802544e-18   1.26708014e-18
  1.44800000e-05   5.70896183e-05  -3.12330688e-04  -1.22479454e-03   4.10080564e-18  -4.19757103e-18   1.26155337e-18
  1.45600000e-05   5.71730130e-05  -3.12891804e-04  -1.22042762e-03   4.16677656e-18  -4.13677861e-18   1.25578221e-18
  1.46400000e-05   5.72555459e-05  -3.13446146e-04  -1.21605853e-03   4.23174630e-18  -4.07566401e-18   1.24976888e-18
  1.47200000e-05   5.73372419e-05  -3.13993810e-04  -1.21168729e-03   4.29571921e-18  -4.01424289e-18   1.24351565e-18
  1.48000000e-05   5.71389663e-05  -3.14663630e-04  -1.20740262e-03   4.36149668e-18  -3.95936287e-18   1.23826044e-18
  1.48800000e-05   5.72844989e-05  -3.15259339e-04  -1.20317993e-03   4.42460418e-18  -3.89649485e-18   1.23162595e-18
  1.49600000e-05   5.74292432e-05  -3.15848673e-04  -1.19895475e-03   4.48673197e-18  -3.83334359e-18   1.22475524e-18
  1.50400000e-05   5.75732210e-05  -3.16431733e-04  -1.19472710e-03   4.54788492e-18  -3.76992403e-18   1.21765044e-18
  1.51200000e-05   5.77164542e-05  -3.17008620e-04  -1.19049698e-03   4.60806808e-18  -3.70625097e-18   1.21031375e-18
  1.52000000e-05   5.78589648e-05  -3.17579436e-04  -1.18626439e-03   4.66728670e-18  -3.64233900e-18   1.20274735e-18
  1.52800000e-05   5.80007744e-05  -3.18144283e-04  -1.18202933e-03   4.72554622e-18  -3.57820257e-18   1.19495345e-18
  1.53600000e-05   5.81419051e-05  -3.18703264e-04  -1.17779182e-03   4.78285224e-18  -3.51385596e-18   1.18693429e-18
  1.54400000e-05   5.78077815e-05  -3.18301526e-04  -1.16253434e-03   4.84102150e-18  -3.41524657e-18   1.17581637e-18
  1.55200000e-05   5.78360133e-05  -3.18775037e-04  -1.15756301e-03   4.89568450e-18  -3.35055779e-18   1.16729806e-18
  1.56000000e-05   5.78636405e-05  -3.19243082e-04  -1.15258955e-03   4.94938319e-18  -3.28577016e-18   1.15856397e-18
  1.56800000e-05   5.78906836e-05  -3.19705762e-04  -1.14761392e-03   5.00212564e-18  -3.22089810e-18   1.14961672e-18
  1.57600000e-05   5.79171629e-05  -3.20163178e-04  -1.14263611e-03   5.05392006e-18  -3.15595583e-18   1.14045893e-18
  1.58400000e-05   5.79430989e-05  -3.20615431e-04  -1.13765608e-03   5.10477481e-18  -3.09095734e-18   1.13109323e-18
  1.59200000e-05   5.79685118e-05  -3.21062623e-04  -1.13267382e-03   5.15469842e-18  -3.02591642e-18   1.12152222e-18
  1.60000000e-05   5.79934220e-05  -3.21504854e-04  -1.12768929e-03   5.20369953e-18  -2.96084667e-18   1.11174854e-18
  1.60800000e-05   5.80178496e-05  -3.21942226e-04  -1.12270247e-03   5.25178693e-18  -2.89576147e-18   1.10177479e-18
  1.61600000e-05   5.83021157e-05  -3.22357938e-04  -1.12935697e-03   5.27590925e-18  -2.86827339e-18   1.09106988e-18
  1.62400000e-05   5.83147994e-05  -3.22690910e-04  -1.12507125e-03   5.31920075e-18  -2.80579350e-18   1.08045796e-18
  1.63200000e-05   5.83269620e-05  -3.23019154e-04  -1.12078325e-03   5.36164268e-18  -2.74330177e-18   1.06966922e-18
  1.64000000e-05   5.83386240e-05  -3.23342766e-04  -1.11649299e-03   5.40324261e-18  -2.68080962e-18   1.05870627e-18
  1.64800000e-05   5.83498053e-05  -3.23661847e-04  -1.11220048e-03   5.44400826e-18  -2.61832828e-18   1.04757173e-18
  1.65600000e-05   5.83605261e-05  -3.23976492e-04  -1.10790573e-03   5.48394742e-18  -2.55586881e-18   1.03626819e-18
  1.66400000e-05   5.83708064e-05  -3.24286801e-04  -1.10360876e-03   5.52306804e-18  -2.49344211e-18   1.02479823e-18
  1.67200000e-05   5.83806662e-05  -3.24592872e-04  -1.09930957e-03   5.56137814e-18  -2.43105889e-18   1.01316442e-18
  1.68000000e-05   5.83901253e-05  -3.24894803e-04  -1.09500818e-03   5.59888584e-18  -2.36872969e-18   1.00136933e-18
  1.68800000e-05   5.85696403e-05  -3.25727513e-04  -1.07948601e-03   5.66775586e-18  -2.26451706e-18   9.90817784e-19
  1.69600000e-05   5.85830715e-05  -3.26075158e-04  -1.07448740e-03   5.70561854e-18  -2.20012942e-18   9.78755275e-19
  1.70400000e-05   5.85962312e-05  -3.26418994e-04  -1.06948647e-03   5.74267313e-18  -2.13587446e-18   9.66528350e-19
  1.71200000e-05   5.86091403e-05  -3.26759125e-04  -1.06448322e-03   5.77892987e-18  -2.07176289e-18   9.54139549e-19
  1.72000000e-05   5.86218195e-05  -3.27095653e-04  -1.05947763e-03   5.81439905e-18  -2.00780523e-18   9.41591388e-19
  1.72800000e-05   5.86342894e-05  -3.27428680e-04  -1.05446969e-03   5.84909106e-18  -1.94401180e-18   9.28886361e-19
  1.73600000e-05   5.86465708e-05  -3.27758307e-04  -1.04945938e-03   5.88301634e-18  -1.88039271e-18   9.16026935e-19
  1.74400000e-05   5.86586840e-05  -3.28084636e-04  -1.04444670e-03   5.91618540e-18  -1.81695789e-18   9.03015555e-19
  1.75200000e-05   5.87019701e-05  -3.29597409e-04  -1.05057362e-03   5.95800869e-18  -1.78645255e-18   8.93375738e-19
  1.76000000e-05   5.87584680e-05  -3.29969412e-04  -1.04620308e-03   5.99027323e-18  -1.72369799e-18   8.80084286e-19
  1.76800000e-05   5.88148489e-05  -3.30338566e-04  -1.04183072e-03   6.02182734e-18  -1.66109155e-18   8.66643155e-19
  1.77600000e-05   5.88711325e-05  -3.30704974e-04  -1.03745657e-03   6.05268030e-18  -1.59864198e-18   8.53054502e-19
  1.78400000e-05   5.89273387e-05  -3.31068738e-04  -1.03308063e-03   6.08284145e-18  -1.53635785e-18   8.39320460e-19
  1.79200000e-05   5.89834871e-05  -3.31429961e-04  -1.02870294e-03   6.11232017e-18  -1.47424758e-18   8.25443133e-19
  1.80000000e-05   5.90395973e-05  -3.31788746e-04  -1.02432350e-03   6.14112591e-18  -1.41231941e-18   8.11424600e-19
  1.80800000e-05   5.90956889e-05  -3.32145194e-04  -1.01994234e-03   6.16926813e-18  -1.35058142e-18   7.97266910e-19
  1.81600000e-05   5.91517812e-05  -3.32499408e-04  -1.01555947e-03   6.19675638e-18  -1.28904151e-18   7.82972085e-19
  1.82400000e-05   5.97692006e-05  -3.32756906e-04  -1.00077960e-03   6.23732156e-18  -1.18759438e-18   7.67381704e-19
  1.83200000e-05   5.98891899e-05  -3.33140975e-04  -9.95771574e-04   6.26487602e-18  -1.12378429e-18   7.52759931e-19
  1.84000000e-05   6.00092460e-05  -3.33523165e-04  -9.90761245e-04   6.29178475e-18  -1.06024530e-18   7.37999827e-19
  1.84800000e-05   6.01293897e-05  -3.33903579e-04  -9.85748610e-04   6.31805906e-18  -9.96985346e-19   7.23103237e-19
  1.85600000e-05   6.02496419e-05  -3.34282322e-04  -9.80733667e-04   6.34371025e-18  -9.34012147e-19   7.08071970e-19
  1.86400000e-05   5.97381071e-05  -3.33501433e-04  -9.83354321e-04   6.33011666e-18  -9.04206543e-19   6.91209008e-19
  1.87200000e-05   5.97714129e-05  -3.33741523e-04  -9.79298244e-04   6.35021851e-18  -8.46023482e-19   6.75907162e-19
  1.88000000e-05   5.98047162e-05  -3.33979756e-04  -9.75242332e-04   6.36975151e-18  -7.88093570e-19   6.60500943e-19
  1.88800000e-05   5.99682234e-05  -3.34423728e-04  -9.69492996e-04   6.39612022e-18  -7.23630225e-19   6.45247657e-19
  1.89600000e-05   5.99838625e-05  -3.34772864e-04  -9.64065393e-04   6.41920927e-18  -6.63701003e-19   6.29872265e-19
  1.90400000e-05   5.99997690e-05  -3.35120711e-04  -9.58635824e-04   6.44173812e-18  -6.04133791e-19   6.14373603e-19
  1.91200000e-05   6.00159617e-05  -3.35467363e-04  -9.53204306e-04   6.46371862e-18  -5.44935427e-19   5.98753422e-19
  1.92000000e-05   6.00324592e-05  -3.35812917e-04  -9.47770858e-04   6.48516263e-18  -4.86112569e-19   5.83013433e-19
  1.92800000e-05   6.00492802e-05  -3.36157466e-04  -9.42335496e-04   6.50608198e-18  -4.27671705e-19   5.67155306e-19
  1.93600000e-05   6.00664430e-05  -3.36501105e-04  -9.36898238e-04   6.52648847e-18  -3.69619148e-19   5.51180671e-19
  1.94400000e-05   6.00839659e-05  -3.36843927e-04  -9.31459102e-04   6.54639389e-18  -3.11961044e-19   5.35091116e-19
  1.95200000e-05   6.01018669e-05  -3.37186024e-04  -9.26018108e-04   6.56581001e-18  -2.54703372e-19   5.18888187e-19
  1.96000000e-05   6.01310709e-05  -3.37593309e-04  -9.22475811e-04   6.58351935e-18  -2.00927094e-19   5.02675198e-19
  1.96800000e-05   6.01443209e-05  -3.37984197e-04  -9.18346006e-04   6.60127228e-18  -1.46765959e-19   4.86345681e-19
  1.97600000e-05   6.01580060e-05  -3.38374532e-04  -9.14216520e-04   6.61858283e-18  -9.28970177e-20   4.69904800e-19
  1.98400000e-05   6.01721433e-05  -3.38764404e-04  -9.10087385e-04   6.63545974e-18  -3.93246349e-20   4.53353852e-19
  1.99200000e-05   6.01867501e-05  -3.39153897e-04  -9.05958631e-04   6.65191175e-18   1.39469431e-20   4.36694101e-19
  2.00000000e-05   6.02018431e-05  -3.39543099e-04  -9.01830289e-04   6.66794756e-18   6.69135891e-20   4.19926775e-19
  2.00800000e-05   5.99712867e-05  -3.40055529e-04  -8.90386511e-04   6.69718168e-18   1.24406808e-19   4.03570107e-19
  2.01600000e-05   5.99633392e-05  -3.40472374e-04  -8.85324114e-04   6.71441609e-18   1.77211863e-19   3.86618934e-19
  2.02400000e-05   6.02808431e-05  -3.40495905e-04  -8.88960523e-04   6.70924417e-18   2.25552511e-19   3.68564385e-19
  2.03200000e-05   6.04060314e-05  -3.40901776e-04  -8.84500088e-04   6.72457139e-18   2.80180375e-19   3.51261336e-19
  2.04000000e-05   6.05317544e-05  -3.41307703e-04  -8.80039818e-04   6.73950661e-18   3.34456120e-19   3.33850472e-19
  2.04800000e-05   6.06580286e-05  -3.41713772e-04  -8.75579741e-04   6.75405930e-18   3.88375884e-19   3.16332735e-19
  2.05600000e-05   6.07848704e-05  -3.42120065e-04  -8.71119882e-04   6.76823890e-18   4.41935920e-19   2.98709034e-19
  2.06400000e-05   6.09122959e-05  -3.42526668e-04  -8.66660269e-04   6.78205480e-18   4.95132600e-19   2.80980239e-19
  2.07200000e-05   6.10403213e-05  -3.42933662e-04  -8.62200929e-04   6.79551636e-18   5.47962408e-19   2.63147184e-19
  2.08000000e-05   6.11689624e-05  -3.43341130e-04  -8.57741888e-04   6.80863289e-18   6.00421941e-19   2.45210668e-19
  2.08800000e-05   6.12982352e-05  -3.43749154e-04  -8.53283174e-04   6.82141368e-18   6.52507909e-19   2.27171452e-19
  2.09600000e-05   6.14252433e-05  -3.45313647e-04  -8.40048809e-04   6.87422348e-18   7.12021777e-19   2.09964006e-19
  2.10400000e-05   6.14412375e-05  -3.45604489e-04  -8.34978141e-04   6.88450163e-18   7.60947215e-19   1.91628401e-19
  2.11200000e-05   6.14579390e-05  -3.45896460e-04  -8.29905592e-04   6.89450897e-18   8.09412036e-19   1.73211935e-19
  2.12000000e-05   6.14753624e-05  -3.46189637e-04  -8.24831183e-04   6.90425558e-18   8.57413365e-19   1.54715286e-19
  2.12800000e-05   6.14935221e-05  -3.46484099e-04  -8.19754937e-04   6.91375152e-18   9.04948432e-19   1.36139088e-19
  2.13600000e-05   6.15124324e-05  -3.46779920e-04  -8.14676878e-04   6.92300673e-18   9.52014568e-19   1.17483938e-19
  2.14400000e-05   6.15321074e-05  -3.47077178e-04  -8.09597029e-04   6.93203112e-18   9.98609204e-19   9.87503860e-20
  2.15200000e-05   6.15525612e-05  -3.47375946e-04  -8.04515413e-04   6.94083450e-18   1.04472987e-18   7.99389445e-20
  2.16000000e-05   6.17904932e-05  -3.47675931e-04  -8.07666020e-04   6.93660641e-18   1.09174771e-18   6.07205578e-20
  2.16800000e-05   6.18950989e-05  -3.48043093e-04  -8.03117187e-04   6.94560740e-18   1.13900726e-18   4.16818964e-20
  2.17600000e-05   6.20005695e-05  -3.48411981e-04  -7.98568905e-04   6.95438735e-18   1.18584851e-18   2.25555333e-20
  2.18400000e-05   6.21069192e-05  -3.48782670e-04  -7.94021206e-04   6.96295507e-18   1.23226954e-18   3.34175815e-21
  2.19200000e-05   6.22141620e-05  -3.49155234e-04  -7.89474119e-04   6.97131926e-18   1.27826852e-18  -1.59591773e-20
  2.20000000e-05   6.23223120e-05  -3.49529748e-04  -7.84927677e-04   6.97948858e-18   1.32384369e-18  -3.53470588e-20
  2.20800000e-05   6.24313830e-05  -3.49906283e-04  -7.80381908e-04   6.98747161e-18   1.36899338e-18  -5.48217097e-20
  2.21600000e-05   6.25413887e-05  -3.50284914e-04  -7.75836845e-04   6.99527686e-18   1.41371602e-18  -7.43829906e-20
  2.22400000e-05   6.26523427e-05  -3.50665712e-04  -7.71292518e-04   7.00291276e-18   1.45801008e-18  -9.40307989e-20
  2.23200000e-05   6.16955508e-05  -3.49114479e-04  -7.59584880e-04   6.97670506e-18   1.47633918e-18  -1.11876534e-19
  2.24000000e-05   6.17281253e-05  -3.49339399e-04  -7.54617117e-04   6.98119675e-18   1.51725873e-18  -1.31327612e-19
  2.24800000e-05   6.17614182e-05  -3.49566182e-04  -7.49648267e-04   6.98556189e-18   1.55767985e-18  -1.50836058e-19
  2.25600000e-05   6.17954406e-05  -3.49794892e-04  -7.44678359e-04   6.98980920e-18   1.59760140e-18  -1.70401716e-19
  2.26400000e-05   6.18302032e-05  -3.50025592e-04  -7.39707419e-04   6.99394730e-18   1.63702228e-18  -1.90024469e-19
  2.27200000e-05   6.18657168e-05  -3.50258343e-04  -7.34735477e-04   6.99798474e-18   1.67594148e-18  -2.09704236e-19
  2.28000000e-05   6.19019919e-05  -3.50493207e-04  -7.29762560e-04   7.00192997e-18   1.71435803e-18  -2.29440972e-19
  2.28800000e-05   6.19390390e-05  -3.50730243e-04  -7.24788697e-04   7.00579132e-18   1.75227105e-18  -2.49234666e-19
  2.29600000e-05   6.27940602e-05  -3.51959885e-04  -7.27686816e-04   7.01913028e-18   1.81254754e-18  -2.70974173e-19
  2.30400000e-05   6.29601869e-05  -3.52259758e-04  -7.23204169e-04   7.02310079e-18   1.85318013e-18  -2.91238702e-19
  2.31200000e-05   6.31273204e-05  -3.52562283e-04  -7.18722736e-04   7.02697884e-18   1.89336582e-18  -3.11573602e-19
  2.32000000e-05   6.32954716e-05  -3.52867523e-04  -7.14242549e-04   7.03077206e-18   1.93310409e-18  -3.31979130e-19
  2.32800000e-05   6.34646514e-05  -3.53175543e-04  -7.09763641e-04   7.03448802e-18   1.97239445e-18  -3.52455574e-19
  2.33600000e-05   6.36348704e-05  -3.53486403e-04  -7.05286046e-04   7.03813419e-18   2.01123648e-18  -3.73003258e-19
  2.34400000e-05   6.38061393e-05  -3.53800165e-04  -7.00809795e-04   7.04171796e-18   2.04962981e-18  -3.93622536e-19
  2.35200000e-05   6.39784683e-05  -3.54116890e-04  -6.96334923e-04   7.04524664e-18   2.08757412e-18  -4.14313797e-19
  2.36000000e-05   6.41518678e-05  -3.54436638e-04  -6.91861463e-04   7.04872745e-18   2.12506913e-18  -4.35077459e-19
  2.36800000e-05   6.35255262e-05  -3.56465910e-04  -6.80879249e-04   7.10466033e-18   2.13732196e-18  -4.56108971e-19
  2.37600000e-05   6.35604334e-05  -3.56937403e-04  -6.76095324e-04   7.11232454e-18   2.17022866e-18  -4.77112237e-19
  2.38400000e-05   6.35962860e-05  -3.57412455e-04  -6.71311326e-04   7.12000141e-18   2.20266528e-18  -4.98210511e-19
  2.39200000e-05   6.36330934e-05  -3.57891116e-04  -6.66527284e-04   7.12769754e-18   2.23463122e-18  -5.19404421e-19
  2.40000000e-05   6.36708644e-05  -3.58373438e-04  -6.61743230e-04   7.13541947e-18   2.26612592e-18  -5.40694627e-19
  2.40800000e-05   6.37096080e-05  -3.58859470e-04  -6.56959192e-04   7.14317363e-18   2.29714883e-18  -5.62081822e-19
  2.41600000e-05   6.37493328e-05  -3.59349263e-04  -6.52175202e-04   7.15096637e-18   2.32769945e-18  -5.83566726e-19
  2.42400000e-05   6.37900476e-05  -3.59842863e-04  -6.47391290e-04   7.15880391e-18   2.35777731e-18  -6.05150090e-19
  2.43200000e-05   6.45785984e-05  -3.59261829e-04  -6.48145814e-04   7.13013328e-18   2.41254207e-18  -6.26834661e-19
  2.44000000e-05   6.46386995e-05  -3.59637544e-04  -6.43644510e-04   7.13432908e-18   2.44259836e-18  -6.48333536e-19
  2.44800000e-05   6.46999970e-05  -3.60016991e-04  -6.39144695e-04   7.13856776e-18   2.47220232e-18  -6.69910167e-19
  2.45600000e-05   6.49254401e-05  -3.59371503e-04  -6.32026976e-04   7.12414811e-18   2.50107018e-18  -6.90278918e-19
  2.46400000e-05   6.50049720e-05  -3.59636424e-04  -6.27006520e-04   7.12678432e-18   2.52906619e-18  -7.11743642e-19
  2.47200000e-05   6.50856179e-05  -3.59904920e-04  -6.21986636e-04   7.12950240e-18   2.55654220e-18  -7.33269849e-19
  2.48000000e-05   6.51673859e-05  -3.60177033e-04  -6.16967357e-04   7.13230855e-18   2.58349857e-18  -7.54858326e-19
  2.48800000e-05   6.52502837e-05  -3.60452807e-04  -6.11948718e-04   7.13520888e-18   2.60993565e-18  -7.76509885e-19
  2.49600000e-05   6.53343191e-05  -3.60732282e-04  -6.06930752e-04   7.13820936e-18   2.63585383e-18  -7.98225362e-19
  2.50400000e-05   6.54006136e-05  -3.62164028e-04  -6.04960033e-04   7.16153077e-18   2.66657795e-18  -8.22153660e-19
  2.51200000e-05   6.55024442e-05  -3.62609606e-04  -6.00615704e-04   7.16687013e-18   2.69338190e-18  -8.44464502e-19
  2.52000000e-05   6.56054035e-05  -3.63059179e-04  -5.96273499e-04   7.17228740e-18   2.71975155e-18  -8.66867228e-19
  2.52800000e-05   6.57094993e-05  -3.63512789e-04  -5.91933453e-04   7.17778742e-18   2.74568718e-18  -8.89362793e-19
  2.53600000e-05   6.58147389e-05  -3.63970478e-04  -5.87595601e-04   7.18337493e-18   2.77118913e-18  -9.11952176e-19
  2.54400000e-05   6.59211300e-05  -3.64432285e-04  -5.83259978e-04   7.18905459e-18   2.79625774e-18  -9.34636382e-19
  2.55200000e-05   6.60286798e-05  -3.64898252e-04  -5.78926621e-04   7.19483096e-18   2.82089334e-18  -9.57416436e-19
  2.56000000e-05   6.61373955e-05  -3.65368418e-04  -5.74595564e-04   7.20070850e-18   2.84509630e-18  -9.80293386e-19
  2.56800000e-05   6.67224167e-05  -3.66684439e-04  -5.66058937e-04   7.23633210e-18   2.87025842e-18  -1.00635022e-18
  2.57600000e-05   6.69369292e-05  -3.67240494e-04  -5.60974757e-04   7.24611409e-18   2.89411770e-18  -1.03000105e-18
  2.58400000e-05   6.71528976e-05  -3.67801002e-04  -5.55891488e-04   7.25604646e-18   2.91747541e-18  -1.05377731e-18
  2.59200000e-05   6.73703290e-05  -3.68366001e-04  -5.50809166e-04   7.26613406e-18   2.94033123e-18  -1.07768035e-18
  2.60000000e-05   6.75892302e-05  -3.68935528e-04  -5.45727829e-04   7.27638161e-18   2.96268486e-18  -1.10171158e-18
  2.60800000e-05   6.78096083e-05  -3.69509618e-04  -5.40647513e-04   7.28679373e-18   2.98453596e-18  -1.12587241e-18
  2.61600000e-05   6.80314697e-05  -3.70088308e-04  -5.35568255e-04   7.29737491e-18   3.00588422e-18  -1.15016426e-18
  2.62400000e-05   6.82548212e-05  -3.70671630e-04  -5.30490095e-04   7.30812954e-18   3.02672931e-18  -1.17458859e-18
  2.63200000e-05   6.84796690e-05  -3.71259619e-04  -5.25413068e-04   7.31906188e-18   3.04707088e-18  -1.19914688e-18
  2.64000000e-05   6.73895971e-05  -3.72543478e-04  -5.24158219e-04   7.33650604e-18   3.04699559e-18  -1.22240599e-18
  2.64800000e-05   6.74028788e-05  -3.73236347e-04  -5.19811882e-04   7.34813234e-18   3.06367485e-18  -1.24696945e-18
  2.65600000e-05   6.74173510e-05  -3.73934073e-04  -5.15467916e-04   7.35992033e-18   3.07993295e-18  -1.27167088e-18
  2.66400000e-05   6.74330193e-05  -3.74636681e-04  -5.11126356e-04   7.37187270e-18   3.09576989e-18  -1.29651174e-18
  2.67200000e-05   6.74498891e-05  -3.75344195e-04  -5.06787240e-04   7.38399205e-18   3.11118566e-18  -1.32149348e-18
  2.68000000e-05   6.74679657e-05  -3.76056641e-04  -5.02450605e-04   7.39628090e-18   3.12618025e-18  -1.34661758e-18
  2.68800000e-05   6.74872544e-05  -3.76774043e-04  -4.98116489e-04   7.40874166e-18   3.14075362e-18  -1.37188553e-18
  2.69600000e-05   6.75077602e-05  -3.77496422e-04  -4.93784929e-04   7.42137666e-18   3.15490574e-18  -1.39729885e-18
  2.70400000e-05   6.75294882e-05  -3.78223801e-04  -4.89455963e-04   7.43418814e-18   3.16863658e-18  -1.42285906e-18
  2.71200000e-05   6.89147204e-05  -3.77829616e-04  -4.78180983e-04   7.44035156e-18   3.19044525e-18  -1.44860415e-18
  2.72000000e-05   6.88894768e-05  -3.78726379e-04  -4.75410443e-04   7.45299613e-18   3.20700412e-18  -1.47481837e-18
  2.72800000e-05   6.89638335e-05  -3.79291508e-04  -4.70810343e-04   7.46312655e-18   3.21928985e-18  -1.50031428e-18
  2.73600000e-05   6.90396501e-05  -3.79861545e-04  -4.66212429e-04   7.47346072e-18   3.23111260e-18  -1.52593596e-18
  2.74400000e-05   6.91169313e-05  -3.80436509e-04  -4.61616737e-04   7.48400083e-18   3.24247246e-18  -1.55168493e-18
  2.75200000e-05   6.91956816e-05  -3.81016419e-04  -4.57023307e-04   7.49474898e-18   3.25336954e-18  -1.57756276e-18
  2.76000000e-05   6.92759056e-05  -3.81601291e-04  -4.52432178e-04   7.50570716e-18   3.26380390e-18  -1.60357100e-18
  2.76800000e-05   6.93576076e-05  -3.82191142e-04  -4.47843389e-04   7.51687727e-18   3.27377558e-18  -1.62971124e-18
  2.77600000e-05   6.98937563e-05  -3.82425795e-04  -4.41979344e-04   7.52374080e-18   3.28891920e-18  -1.65597113e-18
  2.78400000e-05   7.01234232e-05  -3.82946870e-04  -4.37227285e-04   7.53403877e-18   3.30057401e-18  -1.68249312e-18
  2.79200000e-05   7.03547919e-05  -3.83472758e-04  -4.32476981e-04   7.54455324e-18   3.31174091e-18  -1.70914750e-18
  2.80000000e-05   7.05878666e-05  -3.84003475e-04  -4.27728473e-04   7.55528631e-18   3.32241978e-18  -1.73593587e-18
  2.80800000e-05   7.08226512e-05  -3.84539039e-04  -4.22981801e-04   7.56623996e-18   3.33261042e-18  -1.76285985e-18
  2.81600000e-05   7.10591494e-05  -3.85079465e-04  -4.18237004e-04   7.57741607e-18   3.34231266e-18  -1.78992108e-18
  2.82400000e-05   7.12973651e-05  -3.85624768e-04  -4.13494124e-04   7.58881643e-18   3.35152629e-18  -1.81712119e-18
  2.83200000e-05   7.15373015e-05  -3.86174964e-04  -4.08753201e-04   7.60044268e-18   3.36025106e-18  -1.84446182e-18
  2.84000000e-05   7.17789622e-05  -3.86730066e-04  -4.04014275e-04   7.61229638e-18   3.36848671e-18  -1.87194463e-18
  2.84800000e-05   7.08442762e-05  -3.87478294e-04  -4.00495051e-04   7.62483889e-18   3.35438227e-18  -1.89658805e-18
  2.85600000e-05   7.10121907e-05  -3.88017037e-04  -3.95851027e-04   7.63629797e-18   3.36035072e-18  -1.92396389e-18
  2.86400000e-05   7.11813528e-05  -3.88560807e-04  -3.91209663e-04   7.64798817e-18   3.36583132e-18  -1.95147528e-18
  2.87200000e-05   7.13517645e-05  -3.89109613e-04  -3.86571000e-04   7.65991042e-18   3.37082396e-18  -1.97912384e-18
  2.88000000e-05   7.15234274e-05  -3.89663463e-04  -3.81935080e-04   7.67206557e-18   3.37532853e-18  -2.00691118e-18
  2.88800000e-05   7.16963429e-05  -3.90222366e-04  -3.77301947e-04   7.68445435e-18   3.37934490e-18  -2.03483893e-18
  2.89600000e-05   7.18705126e-05  -3.90786327e-04  -3.72671642e-04   7.69707739e-18   3.38287291e-18  -2.06290873e-18
  2.90400000e-05   7.20459378e-05  -3.91355353e-04  -3.68044207e-04   7.70993521e-18   3.38591235e-18  -2.09112220e-18
  2.91200000e-05   7.22226194e-05  -3.91929449e-04  -3.63419687e-04   7.72302822e-18   3.38846302e-18  -2.11948099e-18
  2.92000000e-05   7.27528694e-05  -3.93483105e-04  -3.57350203e-04   7.76360835e-18   3.39163864e-18  -2.15398708e-18
  2.92800000e-05   7.28910232e-05  -3.94122730e-04  -3.52731542e-04   7.77843928e-18   3.39225222e-18  -2.18292162e-18
  2.93600000e-05   7.30306045e-05  -3.94767722e-04  -3.48115414e-04   7.79351394e-18   3.39237992e-18  -2.21201656e-18
  2.94400000e-05   7.31716147e-05  -3.95418082e-04  -3.43501861e-04   7.80883214e-18   3.39202124e-18  -2.24127367e-18
  2.95200000e-05   7.32229623e-05  -3.95501469e-04  -3.40545062e-04   7.80546676e-18   3.39745707e-18  -2.26742346e-18
  2.96000000e-05   7.33644913e-05  -3.96056032e-04  -3.36145433e-04   7.81805863e-18   3.39719266e-18  -2.29635947e-18
  2.96800000e-05   7.35073609e-05  -3.96615818e-04  -3.31749257e-04   7.83087975e-18   3.39646097e-18  -2.32543955e-18
  2.97600000e-05   7.36515715e-05  -3.97180830e-04  -3.27356576e-04   7.84392972e-18   3.39526190e-18  -2.35466535e-18
  2.98400000e-05   7.40363570e-05  -3.97893108e-04  -3.21312946e-04   7.86648516e-18   3.39023937e-18  -2.38567099e-18
  2.99200000e-05   7.42137365e-05  -3.98613878e-04  -3.16603895e-04   7.88452514e-18   3.38698099e-18  -2.41613438e-18
  3.00000000e-05   7.43926151e-05  -3.99339972e-04  -3.11897958e-04   7.90280728e-18   3.38322461e-18  -2.44678205e-18
  3.00800000e-05   7.45729928e-05  -4.00071385e-04  -3.07195182e-04   7.92133045e-18   3.37896937e-18  -2.47761580e-18
  3.01600000e-05   7.47548695e-05  -4.00808110e-04  -3.02495614e-04   7.94009340e-18   3.37421433e-18  -2.50863744e-18
  3.02400000e-05   7.49382451e-05  -4.01550138e-04  -2.97799302e-04   7.95909478e-18   3.36895856e-18  -2.53984873e-18
  3.03200000e-05   7.51231192e-05  -4.02297462e-04  -2.93106294e-04   7.97833312e-18   3.36320107e-18  -2.57125146e-18
  3.04000000e-05   7.53094912e-05  -4.03050073e-04  -2.88416638e-04   7.99780685e-18   3.35694088e-18  -2.60284742e-18
  3.04800000e-05   7.54973606e-05  -4.03807960e-04  -2.83730381e-04   8.01751428e-18   3.35017694e-18  -2.63463837e-18
  3.05600000e-05   7.55307672e-05  -4.04112037e-04  -2.79967841e-04   8.02352526e-18   3.34478029e-18  -2.66331645e-18
  3.06400000e-05   7.57493865e-05  -4.04957604e-04  -2.75336471e-04   8.04523570e-18   3.33794916e-18  -2.69599672e-18
  3.07200000e-05   7.59693913e-05  -4.05807973e-04  -2.70708844e-04   8.06715467e-18   3.33061852e-18  -2.72889023e-18
  3.08000000e-05   7.61907804e-05  -4.06663131e-04  -2.66085011e-04   8.08928003e-18   3.32278708e-18  -2.76199864e-18
  3.08800000e-05   7.64135522e-05  -4.07523063e-04  -2.61465022e-04   8.11160953e-18   3.31445350e-18  -2.79532359e-18
  3.09600000e-05   7.66377051e-05  -4.08387754e-04  -2.56848927e-04   8.13414083e-18   3.30561642e-18  -2.82886670e-18
  3.10400000e-05   7.68632375e-05  -4.09257187e-04  -2.52236778e-04   8.15687145e-18   3.29627446e-18  -2.86262959e-18
  3.11200000e-05   7.70901473e-05  -4.10131345e-04  -2.47628626e-04   8.17979883e-18   3.28642623e-18  -2.89661388e-18
  3.12000000e-05   7.73184326e-05  -4.11010211e-04  -2.43024522e-04   8.20292028e-18   3.27607031e-18  -2.93082116e-18
  3.12800000e-05   7.76790684e-05  -4.12239638e-04  -2.40247721e-04   8.22644676e-18   3.27984545e-18  -2.96801808e-18
  3.13600000e-05   7.79247411e-05  -4.12962153e-04  -2.35739819e-04   8.24579523e-18   3.26947470e-18  -3.00168999e-18
  3.14400000e-05   7.81718038e-05  -4.13689585e-04  -2.31236929e-04   8.26533744e-18   3.25860176e-18  -3.03555871e-18
  3.15200000e-05   7.84202538e-05  -4.14421916e-04  -2.26739106e-04   8.28507066e-18   3.24722580e-18  -3.06962573e-18
  3.16000000e-05   7.86700883e-05  -4.15159128e-04  -2.22246402e-04   8.30499203e-18   3.23534594e-18  -3.10389250e-18
  3.16800000e-05   7.89213045e-05  -4.15901201e-04  -2.17758873e-04   8.32509859e-18   3.22296132e-18  -3.13836049e-18
  3.17600000e-05   7.95379021e-05  -4.16024279e-04  -2.12522401e-04   8.33475026e-18   3.21301298e-18  -3.17031454e-18
  3.18400000e-05   7.98346036e-05  -4.16755416e-04  -2.08026862e-04   8.35487756e-18   3.20036462e-18  -3.20516756e-18
  3.19200000e-05   8.01327274e-05  -4.17491076e-04  -2.03536313e-04   8.37517709e-18   3.18720300e-18  -3.24022291e-18
  3.20000000e-05   8.05392494e-05  -4.20185456e-04  -1.98182010e-04   8.44266744e-18   3.16983761e-18  -3.28967076e-18
  3.20800000e-05   8.07503735e-05  -4.21228430e-04  -1.93556363e-04   8.47046334e-18   3.15264053e-18  -3.32713806e-18
  3.21600000e-05   8.09349570e-05  -4.21584662e-04  -1.89624457e-04   8.48012694e-18   3.13919456e-18  -3.35978585e-18
  3.22400000e-05   8.11421032e-05  -4.22336254e-04  -1.85287234e-04   8.50038264e-18   3.12281333e-18  -3.39547603e-18
  3.23200000e-05   8.13506974e-05  -4.23092329e-04  -1.80955437e-04   8.52078928e-18   3.10593418e-18  -3.43136846e-18
  3.24000000e-05   8.15607362e-05  -4.23852859e-04  -1.76629122e-04   8.54134302e-18   3.08855627e-18  -3.46746434e-18
  3.24800000e-05   8.17722160e-05  -4.24617816e-04  -1.72308345e-04   8.56203990e-18   3.07067873e-18  -3.50376486e-18
  3.25600000e-05   8.19851331e-05  -4.25387170e-04  -1.67993161e-04   8.58287587e-18   3.05230072e-18  -3.54027118e-18
  3.26400000e-05   8.21994839e-05  -4.26160892e-04  -1.63683627e-04   8.60384677e-18   3.03342136e-18  -3.57698443e-18
  3.27200000e-05   8.26929151e-05  -4.27796348e-04  -1.58272123e-04   8.64876427e-18   3.01172400e-18  -3.62169273e-18
  3.28000000e-05   8.29521788e-05  -4.28887519e-04  -1.53571950e-04   8.67856262e-18   2.98962834e-18  -3.66153197e-18
  3.28800000e-05   8.32130091e-05  -4.29983353e-04  -1.48877202e-04   8.70848695e-18   2.96697880e-18  -3.70165534e-18
  3.29600000e-05   8.34754010e-05  -4.31083813e-04  -1.44187947e-04   8.73853157e-18   2.94377323e-18  -3.74206424e-18
  3.30400000e-05   8.37393494e-05  -4.32188855e-04  -1.39504251e-04   8.76869066e-18   2.92000947e-18  -3.78275999e-18
  3.31200000e-05   8.40048489e-05  -4.33298440e-04  -1.34826180e-04   8.79895832e-18   2.89568537e-18  -3.82374391e-18
  3.32000000e-05   8.42718940e-05  -4.34412523e-04  -1.30153804e-04   8.82932848e-18   2.87079876e-18  -3.86501726e-18
  3.32800000e-05   8.45404790e-05  -4.35531063e-04  -1.25487189e-04   8.85979500e-18   2.84534749e-18  -3.90658127e-18
  3.33600000e-05   8.48105979e-05  -4.36654014e-04  -1.20826405e-04   8.89035157e-18   2.81932940e-18  -3.94843714e-18
  3.34400000e-05   8.48927675e-05  -4.36166128e-04  -1.18312443e-04   8.87586570e-18   2.80617800e-18  -3.97644556e-18
  3.35200000e-05   8.51866080e-05  -4.37192013e-04  -1.14138764e-04   8.90206835e-18   2.78351266e-18  -4.01785054e-18
  3.36000000e-05   8.54818521e-05  -4.38221623e-04  -1.09971433e-04   8.92831671e-18   2.76033877e-18  -4.05951868e-18
  3.36800000e-05   8.57784940e-05  -4.39254920e-04  -1.05810515e-04   8.95460520e-18   2.73665498e-18  -4.10145075e-18
  3.37600000e-05   8.60765276e-05  -4.40291860e-04  -1.01656073e-04   8.98092814e-18   2.71245995e-18  -4.14364747e-18
  3.38400000e-05   8.63759468e-05  -4.41332404e-04  -9.75081720e-05   9.00727978e-18   2.68775235e-18  -4.18610951e-18
  3.39200000e-05   8.66767453e-05  -4.42376507e-04  -9.33668771e-05   9.03365426e-18   2.66253086e-18  -4.22883753e-18
  3.40000000e-05   8.69789165e-05  -4.43424127e-04  -8.92322536e-05   9.06004561e-18   2.63679418e-18  -4.27183212e-18
  3.40800000e-05   8.72824538e-05  -4.44475220e-04  -8.51043673e-05   9.08644779e-18   2.61054101e-18  -4.31509384e-18
  3.41600000e-05   8.79434523e-05  -4.45561714e-04  -7.97193035e-05   9.11977872e-18   2.58023652e-18  -4.36067259e-18
  3.42400000e-05   8.76951664e-05  -4.45766278e-04  -7.55495896e-05   9.12831548e-18   2.54053173e-18  -4.39412352e-18
  3.43200000e-05   8.78757900e-05  -4.46654916e-04  -7.13906605e-05   9.15139156e-18   2.50947040e-18  -4.43589576e-18
  3.44000000e-05   8.80576207e-05  -4.47546816e-04  -6.72384809e-05   9.17447657e-18   2.47788445e-18  -4.47789297e-18
  3.44800000e-05   8.82406508e-05  -4.48441929e-04  -6.30931140e-05   9.19756401e-18   2.44577306e-18  -4.52011540e-18
  3.45600000e-05   8.84248723e-05  -4.49340202e-04  -5.89546237e-05   9.22064730e-18   2.41313543e-18  -4.56256326e-18
  3.46400000e-05   8.86102774e-05  -4.50241583e-04  -5.48230742e-05   9.24371980e-18   2.37997078e-18  -4.60523674e-18
  3.47200000e-05   8.87968578e-05  -4.51146019e-04  -5.06985299e-05   9.26677474e-18   2.34627835e-18  -4.64813593e-18
  3.48000000e-05   8.89846052e-05  -4.52053455e-04  -4.65810557e-05   9.28980530e-18   2.31205742e-18  -4.69126091e-18
  3.48800000e-05   8.91735110e-05  -4.52963835e-04  -4.24707166e-05   9.31280457e-18   2.27730726e-18  -4.73461170e-18
  3.49600000e-05   8.79994538e-05  -4.41764530e-04  -3.86974707e-05   9.07974054e-18   2.21651840e-18  -4.65578236e-18
  3.50400000e-05   7.97806620e-05  -3.99194960e-04  -3.45665479e-05   8.19269128e-18   2.00415508e-18  -4.23618443e-18
  3.51200000e-05   6.91511957e-05  -3.46757671e-04  -3.04840988e-05   7.10313884e-18   1.74182876e-18  -3.70035344e-18
  3.52000000e-05   5.99956189e-05  -2.99977606e-04  -2.63375032e-05   6.13676949e-18   1.50989128e-18  -3.21800772e-18
  3.52800000e-05   5.08518137e-05  -2.53255699e-04  -2.21958922e-05   5.17515453e-18   1.27833828e-18  -2.72935457e-18
  3.53600000e-05   4.17179907e-05  -2.06583117e-04  -1.80585084e-05   4.21757496e-18   1.04711702e-18  -2.23539748e-18
  3.54400000e-05   3.25923425e-05  -1.59950935e-04  -1.39245866e-05   3.26330231e-18   8.16171877e-19  -1.73712789e-18
  3.55200000e-05   2.34730470e-05  -1.13350152e-04  -9.79335499e-06   2.31160049e-18   5.85444868e-19  -1.23552735e-18
  3.56000000e-05   1.43582708e-05  -6.67717113e-05  -5.66403665e-06   1.36172754e-18   3.54876193e-19  -7.31569761e-19
  3.56800000e-05   5.24617267e-06  -2.02065130e-05  -1.53585116e-06   4.12937375e-19   1.24404763e-19  -2.26223545e-19
  3.57600000e-05   0.00000000e+00   0.00000000e+00   0.00000000e+00   0.00000000e+00   0.00000000e+00   0.00000000e+00
  3.58400000e-05   0.00000000e+00   0.00000000e+00   0.00000000e+00   0.00000000e+00   0.00000000e+00   0.00000000e+00
  3.59200000e-05   0.00000000e+00   0.00000000e+00   0.00000000e+00   0.00000000e+00   0.00000000e+00   0.00000000e+00
  3.60000000e-05   0.00000000e+00   0.00000000e+00   0.00000000e+00   0.00000000e+00   0.00000000e+00   0.00000000e+00
  3.60800000e-05   0.00000000e+00   0.00000000e+00   0.00000000e+00   0.00000000e+00   0.00000000e+00   0.00000000e+00
  3.61600000e-05   0.00000000e+00   0.00000000e+00   0.00000000e+00   0.00000000e+00   0.00000000e+00   0.00000000e+00
  3.62400000e-05   0.00000000e+00   0.00000000e+00   0.00000000e+00   0.00000000e+00   0.00000000e+00   0.00000000e+00
  3.63200000e-05   0.00000000e+00   0.00000000e+00   0.00000000e+00   0.00000000e+00   0.00000000e+00   0.00000000e+00
  3.64000000e-05   0.00000000e+00   0.00000000e+00   0.00000000e+00   0.00000000e+00   0.00000000e+00   0.00000000e+00
