       time             b_x              b_y              b_z              F_x              F_y              F_z
  0.00000000e+00  -1.70247201e-05   7.59772443e-05  -2.54819660e-03  -2.81482031e-18   1.04515061e-17   3.30429042e-19
  8.00000000e-08  -1.71622642e-05   7.63302001e-05  -2.54353551e-03  -3.00146056e-18   1.03795745e-17   3.31737794e-19
  1.60000000e-07  -1.73030717e-05   7.66983158e-05  -2.53887198e-03  -3.18557060e-18   1.03043094e-17   3.32999592e-19
  2.40000000e-07  -1.74471153e-05   7.70814863e-05  -2.53420611e-03  -3.36709639e-18   1.02257802e-17   3.34212933e-19
  3.20000000e-07  -1.73077170e-05   7.75273928e-05  -2.52943121e-03  -3.54457505e-18   1.01370057e-17   3.34954404e-19
  4.00000000e-07  -1.74482457e-05   7.79732195e-05  -2.52477385e-03  -3.71989734e-18   1.00520182e-17   3.36146504e-19
  4.80000000e-07  -1.75919775e-05   7.84337542e-05  -2.52011429e-03  -3.89248511e-18   9.96399565e-18   3.37282360e-19
  5.60000000e-07  -1.77388849e-05   7.89088723e-05  -2.51545263e-03  -4.06229251e-18   9.87300969e-18   3.38360019e-19
  6.40000000e-07  -1.78889397e-05   7.93984451e-05  -2.51078896e-03  -4.22927565e-18   9.77913249e-18   3.39377456e-19
  7.20000000e-07  -1.80421125e-05   7.99023394e-05  -2.50612339e-03  -4.39339260e-18   9.68243663e-18   3.40332572e-19
  8.00000000e-07  -1.81983731e-05   8.04204179e-05  -2.50145603e-03  -4.55460334e-18   9.58299502e-18   3.41223202e-19
  8.80000000e-07  -1.83576904e-05   8.09525393e-05  -2.49678696e-03  -4.71286979e-18   9.48088091e-18   3.42047120e-19
  9.60000000e-07  -1.85200326e-05   8.14985582e-05  -2.49211630e-03  -4.86815578e-18   9.37616780e-18   3.42802044e-19
  1.04000000e-06  -1.89313655e-05   8.27152467e-05  -2.48769168e-03  -5.00602005e-18   9.27577267e-18   3.46513447e-19
  1.12000000e-06  -1.90327171e-05   8.32535270e-05  -2.48294401e-03  -5.15598224e-18   9.16452645e-18   3.46810681e-19
  1.20000000e-06  -1.91370684e-05   8.38054316e-05  -2.47819518e-03  -5.30282197e-18   9.05089664e-18   3.47024631e-19
  1.28000000e-06  -1.92443801e-05   8.43707891e-05  -2.47344529e-03  -5.44651113e-18   8.93495844e-18   3.47153110e-19
  1.36000000e-06  -1.93546117e-05   8.49494247e-05  -2.46869444e-03  -5.58702348e-18   8.81678707e-18   3.47193904e-19
  1.44000000e-06  -1.94677223e-05   8.55411603e-05  -2.46394272e-03  -5.72433463e-18   8.69645775e-18   3.47144775e-19
  1.52000000e-06  -1.95836700e-05   8.61458145e-05  -2.45919023e-03  -5.85842201e-18   8.57404564e-18   3.47003472e-19
  1.60000000e-06  -1.97024124e-05   8.67632032e-05  -2.45443707e-03  -5.98926488e-18   8.44962582e-18   3.46767730e-19
  1.68000000e-06  -2.01106417e-05   8.70726035e-05  -2.45013519e-03  -6.12581414e-18   8.33131812e-18   3.46357873e-19
  1.76000000e-06  -2.02381671e-05   8.77218866e-05  -2.44542969e-03  -6.25029486e-18   8.20314685e-18   3.45988287e-19
  1.84000000e-06  -2.03682573e-05   8.83832877e-05  -2.44072394e-03  -6.37148693e-18   8.07318242e-18   3.45516539e-19
  1.92000000e-06  -2.05008661e-05   8.90566146e-05  -2.43601805e-03  -6.48937624e-18   7.94149886e-18   3.44940317e-19
  2.00000000e-06  -2.06359465e-05   8.97416726e-05  -2.43131208e-03  -6.60395041e-18   7.80816995e-18   3.44257327e-19
  2.08000000e-06  -2.07734514e-05   9.04382643e-05  -2.42660613e-03  -6.71519875e-18   7.67326919e-18   3.43465300e-19
  2.16000000e-06  -2.09133331e-05   9.11461903e-05  -2.42190029e-03  -6.82311220e-18   7.53686975e-18   3.42561990e-19
  2.24000000e-06  -2.10555435e-05   9.18652487e-05  -2.41719463e-03  -6.92768336e-18   7.39904444e-18   3.41545189e-19
  2.32000000e-06  -2.12000340e-05   9.25952358e-05  -2.41248924e-03  -7.02890643e-18   7.25986567e-18   3.40412722e-19
  2.40000000e-06  -2.08828440e-05   9.23111041e-05  -2.40778107e-03  -7.15034995e-18   7.10838619e-18   3.34541471e-19
  2.48000000e-06  -2.10428888e-05   9.30512900e-05  -2.40310566e-03  -7.24502567e-18   6.96661970e-18   3.33197676e-19
  2.56000000e-06  -2.12051150e-05   9.38017260e-05  -2.39843075e-03  -7.33634855e-18   6.82371092e-18   3.31735230e-19
  2.64000000e-06  -2.13694752e-05   9.45622081e-05  -2.39375643e-03  -7.42431868e-18   6.67973039e-18   3.30152157e-19
  2.72000000e-06  -2.15359221e-05   9.53325305e-05  -2.38908277e-03  -7.50893761e-18   6.53474812e-18   3.28446540e-19
  2.80000000e-06  -2.17044077e-05   9.61124859e-05  -2.38440985e-03  -7.59020838e-18   6.38883357e-18   3.26616523e-19
  2.88000000e-06  -2.20095853e-05   9.73823930e-05  -2.37978981e-03  -7.65727153e-18   6.24539485e-18   3.26383811e-19
  2.96000000e-06  -2.21363410e-05   9.81187620e-05  -2.37511768e-03  -7.73335333e-18   6.09694404e-18   3.23947211e-19
  3.04000000e-06  -2.22650036e-05   9.88640889e-05  -2.37044662e-03  -7.80608891e-18   5.94773900e-18   3.21382641e-19
  3.12000000e-06  -2.25391731e-05   9.95953108e-05  -2.36576058e-03  -7.87599329e-18   5.80110927e-18   3.19255323e-19
  3.20000000e-06  -2.27219305e-05   1.00431050e-04  -2.36110313e-03  -7.94049029e-18   5.65179315e-18   3.16817498e-19
  3.28000000e-06  -2.29064536e-05   1.01275122e-04  -2.35644685e-03  -8.00169200e-18   5.50194948e-18   3.14244725e-19
  3.36000000e-06  -2.30926920e-05   1.02127310e-04  -2.35179181e-03  -8.05961093e-18   5.35164303e-18   3.11535663e-19
  3.44000000e-06  -2.32805947e-05   1.02987394e-04  -2.34713806e-03  -8.11426080e-18   5.20093787e-18   3.08689065e-19
  3.52000000e-06  -2.34701110e-05   1.03855155e-04  -2.34248570e-03  -8.16565656e-18   5.04989730e-18   3.05703781e-19
  3.60000000e-06  -2.36611899e-05   1.04730373e-04  -2.33783477e-03  -8.21381434e-18   4.89858386e-18   3.02578756e-19
  3.68000000e-06  -2.38537805e-05   1.05612827e-04  -2.33318534e-03  -8.25875141e-18   4.74705933e-18   2.99313040e-19
  3.76000000e-06  -2.41613160e-05   1.06880520e-04  -2.32859326e-03  -8.29202086e-18   4.59814736e-18   2.97088602e-19
  3.84000000e-06  -2.44491731e-05   1.07898074e-04  -2.32392560e-03  -8.32774489e-18   4.44865276e-18   2.94160681e-19
  3.92000000e-06  -2.47384773e-05   1.08922350e-04  -2.31925962e-03  -8.36034319e-18   4.29918091e-18   2.91083863e-19
  4.00000000e-06  -2.50291783e-05   1.09953129e-04  -2.31459536e-03  -8.38983812e-18   4.14978936e-18   2.87857261e-19
  4.08000000e-06  -2.53212255e-05   1.10990191e-04  -2.30993289e-03  -8.41625297e-18   4.00053481e-18   2.84480110e-19
  4.16000000e-06  -2.56145684e-05   1.12033315e-04  -2.30527226e-03  -8.43961204e-18   3.85147304e-18   2.80951766e-19
  4.24000000e-06  -2.59091567e-05   1.13082282e-04  -2.30061354e-03  -8.45994050e-18   3.70265899e-18   2.77271711e-19
  4.32000000e-06  -2.62049402e-05   1.14136872e-04  -2.29595677e-03  -8.47726447e-18   3.55414667e-18   2.73439553e-19
  4.40000000e-06  -2.65018686e-05   1.15196866e-04  -2.29130200e-03  -8.49161091e-18   3.40598920e-18   2.69455025e-19
  4.48000000e-06  -2.67873070e-05   1.16297042e-04  -2.28661455e-03  -8.50206475e-18   3.25795591e-18   2.65299657e-19
  4.56000000e-06  -2.70586595e-05   1.17446066e-04  -2.28190917e-03  -8.50843908e-18   3.11000151e-18   2.60958852e-19
  4.64000000e-06  -2.73309938e-05   1.18599915e-04  -2.27720601e-03  -8.51190686e-18   2.96259940e-18   2.56455898e-19
  4.72000000e-06  -2.76042604e-05   1.19758371e-04  -2.27250510e-03  -8.51249934e-18   2.81579899e-18   2.51791183e-19
  4.80000000e-06  -2.78784102e-05   1.20921213e-04  -2.26780650e-03  -8.51024848e-18   2.66964872e-18   2.46965232e-19
  4.88000000e-06  -2.81533944e-05   1.22088222e-04  -2.26311023e-03  -8.50518693e-18   2.52419602e-18   2.41978706e-19
  4.96000000e-06  -2.84291643e-05   1.23259181e-04  -2.25841635e-03  -8.49734801e-18   2.37948738e-18   2.36832402e-19
  5.04000000e-06  -2.87056716e-05   1.24433873e-04  -2.25372489e-03  -8.48676567e-18   2.23556829e-18   2.31527252e-19
  5.12000000e-06  -2.89828681e-05   1.25612083e-04  -2.24903588e-03  -8.47347449e-18   2.09248323e-18   2.26064322e-19
  5.20000000e-06  -2.91101596e-05   1.26531516e-04  -2.24445406e-03  -8.46404845e-18   1.94679444e-18   2.19528064e-19
  5.28000000e-06  -2.92758216e-05   1.27492936e-04  -2.23973596e-03  -8.45033553e-18   1.80272881e-18   2.13072305e-19
  5.36000000e-06  -2.94419893e-05   1.28457239e-04  -2.23502037e-03  -8.43397020e-18   1.65954604e-18   2.06482933e-19
  5.44000000e-06  -2.96086163e-05   1.29424210e-04  -2.23030732e-03  -8.41498840e-18   1.51728804e-18   1.99761694e-19
  5.52000000e-06  -2.97756565e-05   1.30393636e-04  -2.22559683e-03  -8.39342659e-18   1.37599572e-18   1.92910444e-19
  5.60000000e-06  -2.99430642e-05   1.31365307e-04  -2.22088893e-03  -8.36932174e-18   1.23570898e-18   1.85931148e-19
  5.68000000e-06  -3.01107941e-05   1.32339013e-04  -2.21618365e-03  -8.34271127e-18   1.09646674e-18   1.78825878e-19
  5.76000000e-06  -3.02788012e-05   1.33314545e-04  -2.21148101e-03  -8.31363303e-18   9.58306921e-19   1.71596813e-19
  5.84000000e-06  -3.08685242e-05   1.34282528e-04  -2.20657998e-03  -8.28134563e-18   8.30976779e-19   1.66419792e-19
  5.92000000e-06  -3.10216483e-05   1.35144657e-04  -2.20195256e-03  -8.25065351e-18   6.94735946e-19   1.58876594e-19
  6.00000000e-06  -3.11747402e-05   1.36007939e-04  -2.19732786e-03  -8.21760435e-18   5.59618545e-19   1.51226520e-19
  6.08000000e-06  -3.13277535e-05   1.36872173e-04  -2.19270591e-03  -8.18223631e-18   4.25658941e-19   1.43472020e-19
  6.16000000e-06  -3.14806427e-05   1.37737159e-04  -2.18808673e-03  -8.14458787e-18   2.92890534e-19   1.35615634e-19
  6.24000000e-06  -3.16333624e-05   1.38602698e-04  -2.18347034e-03  -8.10469784e-18   1.61345764e-19   1.27659990e-19
  6.32000000e-06  -3.17858680e-05   1.39468593e-04  -2.17885676e-03  -8.06260533e-18   3.10561088e-20   1.19607798e-19
  6.40000000e-06  -3.19381151e-05   1.40334651e-04  -2.17424600e-03  -8.01834972e-18  -9.79479056e-20   1.11461854e-19
  6.48000000e-06  -3.20900600e-05   1.41200677e-04  -2.16963809e-03  -7.97197065e-18  -2.25636707e-19   1.03225032e-19
  6.56000000e-06  -3.21333998e-05   1.42712870e-04  -2.16523852e-03  -7.90964875e-18  -3.54452534e-19   9.40214972e-20
  6.64000000e-06  -3.23242137e-05   1.43676062e-04  -2.16063315e-03  -7.85684014e-18  -4.78275548e-19   8.57384939e-20
  6.72000000e-06  -3.25146391e-05   1.44638475e-04  -2.15603060e-03  -7.80205157e-18  -6.00662128e-19   7.73653385e-20
  6.80000000e-06  -3.27046357e-05   1.45599923e-04  -2.15143088e-03  -7.74532398e-18  -7.21587052e-19   6.89052950e-20
  6.88000000e-06  -3.28941633e-05   1.46560224e-04  -2.14683399e-03  -7.68669840e-18  -8.41026026e-19   6.03617001e-20
  6.96000000e-06  -3.30831828e-05   1.47519197e-04  -2.14223995e-03  -7.62621599e-18  -9.58955685e-19   5.17379601e-20
  7.04000000e-06  -3.32716552e-05   1.48476664e-04  -2.13764876e-03  -7.56391801e-18  -1.07535358e-18   4.30375477e-20
  7.12000000e-06  -3.34595424e-05   1.49432447e-04  -2.13306043e-03  -7.49984578e-18  -1.19019818e-18   3.42639991e-20
  7.20000000e-06  -3.36468067e-05   1.50386375e-04  -2.12847496e-03  -7.43404065e-18  -1.30346886e-18   2.54209110e-20
  7.28000000e-06  -3.33178768e-05   1.49930451e-04  -2.12447985e-03  -7.40178536e-18  -1.42816800e-18   1.52912247e-20
  7.36000000e-06  -3.35622359e-05   1.51049782e-04  -2.11987806e-03  -7.32840556e-18  -1.53743150e-18   6.47630754e-21
  7.44000000e-06  -3.38060021e-05   1.52167174e-04  -2.11527891e-03  -7.25342102e-18  -1.64498747e-18  -2.41288680e-21
  7.52000000e-06  -3.40491421e-05   1.53282469e-04  -2.11068241e-03  -7.17687422e-18  -1.75081928e-18  -1.13723841e-20
  7.60000000e-06  -3.46642103e-05   1.55249988e-04  -2.10575639e-03  -7.07746035e-18  -1.84586482e-18  -1.95824726e-20
  7.68000000e-06  -3.48551272e-05   1.56222182e-04  -2.10122545e-03  -7.00155371e-18  -1.94912082e-18  -2.87717162e-20
  7.76000000e-06  -3.50450680e-05   1.57191390e-04  -2.09669731e-03  -6.92420482e-18  -2.05068049e-18  -3.80074353e-20
  7.84000000e-06  -3.52340005e-05   1.58157458e-04  -2.09217196e-03  -6.84545480e-18  -2.15053014e-18  -4.72856073e-20
  7.92000000e-06  -3.53983139e-05   1.59119450e-04  -2.08785938e-03  -6.76640811e-18  -2.24951279e-18  -5.67192415e-20
  8.00000000e-06  -3.57391455e-05   1.60206399e-04  -2.08329868e-03  -6.68184632e-18  -2.34229685e-18  -6.54958734e-20
  8.08000000e-06  -3.60789758e-05   1.61289816e-04  -2.07874039e-03  -6.59606287e-18  -2.43327820e-18  -7.43160624e-20
  8.16000000e-06  -3.64177759e-05   1.62369562e-04  -2.07418451e-03  -6.50909885e-18  -2.52244762e-18  -8.31757306e-20
  8.24000000e-06  -3.67555176e-05   1.63445502e-04  -2.06963104e-03  -6.42099518e-18  -2.60979668e-18  -9.20707717e-20
  8.32000000e-06  -3.70921732e-05   1.64517502e-04  -2.06507995e-03  -6.33179257e-18  -2.69531773e-18  -1.00997055e-19
  8.40000000e-06  -3.74277160e-05   1.65585433e-04  -2.06053124e-03  -6.24153152e-18  -2.77900388e-18  -1.09950428e-19
  8.48000000e-06  -3.77621195e-05   1.66649167e-04  -2.05598489e-03  -6.15025233e-18  -2.86084901e-18  -1.18926721e-19
  8.56000000e-06  -3.80953583e-05   1.67708580e-04  -2.05144088e-03  -6.05799502e-18  -2.94084774e-18  -1.27921749e-19
  8.64000000e-06  -3.82866840e-05   1.68030583e-04  -2.04679276e-03  -5.98115747e-18  -3.02216805e-18  -1.36221888e-19
  8.72000000e-06  -3.85650084e-05   1.69138530e-04  -2.04227256e-03  -5.88577145e-18  -3.09994958e-18  -1.45590798e-19
  8.80000000e-06  -3.88421947e-05   1.70242493e-04  -2.03775477e-03  -5.78948627e-18  -3.17585115e-18  -1.54968827e-19
  8.88000000e-06  -3.91182193e-05   1.71342356e-04  -2.03323936e-03  -5.69234141e-18  -3.24986976e-18  -1.64351570e-19
  8.96000000e-06  -3.93930589e-05   1.72438003e-04  -2.02872634e-03  -5.59437610e-18  -3.32200316e-18  -1.73734623e-19
  9.04000000e-06  -3.96666913e-05   1.73529324e-04  -2.02421566e-03  -5.49562926e-18  -3.39224978e-18  -1.83113583e-19
  9.12000000e-06  -3.99390945e-05   1.74616209e-04  -2.01970731e-03  -5.39613950e-18  -3.46060872e-18  -1.92484052e-19
  9.20000000e-06  -4.02310578e-05   1.77588629e-04  -2.01531453e-03  -5.25289783e-18  -3.52640004e-18  -2.05882955e-19
  9.28000000e-06  -4.04590308e-05   1.78471385e-04  -2.01077290e-03  -5.15635402e-18  -3.59123889e-18  -2.14998069e-19
  9.36000000e-06  -4.02775225e-05   1.76707221e-04  -2.00672891e-03  -5.12224666e-18  -3.66561899e-18  -2.19974875e-19
  9.44000000e-06  -4.04622285e-05   1.77740384e-04  -2.00216495e-03  -5.02047394e-18  -3.72865046e-18  -2.29547620e-19
  9.52000000e-06  -4.06455976e-05   1.78768200e-04  -1.99760306e-03  -4.91812542e-18  -3.78979695e-18  -2.39084051e-19
  9.60000000e-06  -4.08276126e-05   1.79790574e-04  -1.99304322e-03  -4.81523813e-18  -3.84906121e-18  -2.48579782e-19
  9.68000000e-06  -4.10082568e-05   1.80807415e-04  -1.98848540e-03  -4.71184877e-18  -3.90644660e-18  -2.58030463e-19
  9.76000000e-06  -4.11875142e-05   1.81818632e-04  -1.98392958e-03  -4.60799361e-18  -3.96195708e-18  -2.67431778e-19
  9.84000000e-06  -4.13653696e-05   1.82824138e-04  -1.97937572e-03  -4.50370860e-18  -4.01559720e-18  -2.76779451e-19
  9.92000000e-06  -4.15418080e-05   1.83823850e-04  -1.97482381e-03  -4.39902923e-18  -4.06737208e-18  -2.86069250e-19
  1.00000000e-05  -4.21446281e-05   1.84900651e-04  -1.96964721e-03  -4.28937799e-18  -4.10579085e-18  -2.93651147e-19
  1.00800000e-05  -4.23478682e-05   1.85877013e-04  -1.96513810e-03  -4.18464913e-18  -4.15318439e-18  -3.02660938e-19
  1.01600000e-05  -4.25495670e-05   1.86847346e-04  -1.96063098e-03  -4.07963773e-18  -4.19874643e-18  -3.11602649e-19
  1.02400000e-05  -4.27497122e-05   1.87811576e-04  -1.95612583e-03  -3.97437731e-18  -4.24248425e-18  -3.20472314e-19
  1.03200000e-05  -4.29482923e-05   1.88769636e-04  -1.95162260e-03  -3.86890093e-18  -4.28440564e-18  -3.29266019e-19
  1.04000000e-05  -4.31452961e-05   1.89721458e-04  -1.94712128e-03  -3.76324127e-18  -4.32451885e-18  -3.37979904e-19
  1.04800000e-05  -4.33407134e-05   1.90666979e-04  -1.94262183e-03  -3.65743056e-18  -4.36283266e-18  -3.46610165e-19
  1.05600000e-05  -4.35345342e-05   1.91606138e-04  -1.93812422e-03  -3.55150058e-18  -4.39935628e-18  -3.55153057e-19
  1.06400000e-05  -4.37267495e-05   1.92538876e-04  -1.93362843e-03  -3.44548270e-18  -4.43409943e-18  -3.63604895e-19
  1.07200000e-05  -4.42229763e-05   1.96208987e-04  -1.92944114e-03  -3.27731188e-18  -4.46045878e-18  -3.78477268e-19
  1.08000000e-05  -4.44123338e-05   1.97040636e-04  -1.92487599e-03  -3.17303040e-18  -4.49055730e-18  -3.86466756e-19
  1.08800000e-05  -4.46000092e-05   1.97865203e-04  -1.92031246e-03  -3.06878494e-18  -4.51893554e-18  -3.94348461e-19
  1.09600000e-05  -4.47859961e-05   1.98682646e-04  -1.91575051e-03  -2.96460451e-18  -4.54560538e-18  -4.02119241e-19
  1.10400000e-05  -4.49702886e-05   1.99492925e-04  -1.91119010e-03  -2.86051763e-18  -4.57057906e-18  -4.09776025e-19
  1.11200000e-05  -4.48538904e-05   1.98034408e-04  -1.90685527e-03  -2.80968346e-18  -4.60150758e-18  -4.11794021e-19
  1.12000000e-05  -4.50608808e-05   1.99026607e-04  -1.90233505e-03  -2.70136534e-18  -4.62338366e-18  -4.19721261e-19
  1.12800000e-05  -4.52662787e-05   2.00012235e-04  -1.89781613e-03  -2.59319971e-18  -4.64353133e-18  -4.27532765e-19
  1.13600000e-05  -4.54700800e-05   2.00991255e-04  -1.89329849e-03  -2.48521437e-18  -4.66196432e-18  -4.35225173e-19
  1.14400000e-05  -4.58758742e-05   2.02611511e-04  -1.88880253e-03  -2.36259457e-18  -4.67383074e-18  -4.43977496e-19
  1.15200000e-05  -4.59699198e-05   2.03120083e-04  -1.88431589e-03  -2.26577889e-18  -4.69129191e-18  -4.50422315e-19
  1.16000000e-05  -4.60622604e-05   2.03621489e-04  -1.87983043e-03  -2.16920119e-18  -4.70724113e-18  -4.56731161e-19
  1.16800000e-05  -4.61528939e-05   2.04115702e-04  -1.87534612e-03  -2.07288543e-18  -4.72169203e-18  -4.62902190e-19
  1.17600000e-05  -4.62418192e-05   2.04602700e-04  -1.87086291e-03  -1.97685509e-18  -4.73465851e-18  -4.68933632e-19
  1.18400000e-05  -4.63290353e-05   2.05082460e-04  -1.86638079e-03  -1.88113321e-18  -4.74615478e-18  -4.74823796e-19
  1.19200000e-05  -4.64145421e-05   2.05554963e-04  -1.86189971e-03  -1.78574240e-18  -4.75619529e-18  -4.80571065e-19
  1.20000000e-05  -4.64983396e-05   2.06020191e-04  -1.85741966e-03  -1.69070479e-18  -4.76479476e-18  -4.86173899e-19
  1.20800000e-05  -4.68308191e-05   2.06694463e-04  -1.85323957e-03  -1.59207125e-18  -4.76710678e-18  -4.91451073e-19
  1.21600000e-05  -4.69668853e-05   2.07185423e-04  -1.84875295e-03  -1.49690901e-18  -4.77149279e-18  -4.96701628e-19
  1.22400000e-05  -4.71011863e-05   2.07668986e-04  -1.84426716e-03  -1.40218491e-18  -4.77447142e-18  -5.01806400e-19
  1.23200000e-05  -4.72337262e-05   2.08145146e-04  -1.83978219e-03  -1.30791925e-18  -4.77605868e-18  -5.06764083e-19
  1.24000000e-05  -4.73645094e-05   2.08613901e-04  -1.83529800e-03  -1.21413188e-18  -4.77627080e-18  -5.11573446e-19
  1.24800000e-05  -4.74935409e-05   2.09075247e-04  -1.83081455e-03  -1.12084219e-18  -4.77512417e-18  -5.16233336e-19
  1.25600000e-05  -4.76208259e-05   2.09529188e-04  -1.82633183e-03  -1.02806912e-18  -4.77263540e-18  -5.20742674e-19
  1.26400000e-05  -4.77463703e-05   2.09975725e-04  -1.82184979e-03  -9.35831135e-19  -4.76882128e-18  -5.25100460e-19
  1.27200000e-05  -4.78701802e-05   2.10414863e-04  -1.81736842e-03  -8.44146258e-19  -4.76369875e-18  -5.29305767e-19
  1.28000000e-05  -4.78331846e-05   2.10081824e-04  -1.81280524e-03  -7.70485809e-19  -4.76083977e-18  -5.31392502e-19
  1.28800000e-05  -4.80316529e-05   2.10827457e-04  -1.80837628e-03  -6.72634681e-19  -4.75169785e-18  -5.36105583e-19
  1.29600000e-05  -4.82284654e-05   2.11566038e-04  -1.80394794e-03  -5.75394079e-19  -4.74119558e-18  -5.40661718e-19
  1.30400000e-05  -4.84236299e-05   2.12297578e-04  -1.79952018e-03  -4.78781489e-19  -4.72935120e-18  -5.45059441e-19
  1.31200000e-05  -4.86171543e-05   2.13022088e-04  -1.79509299e-03  -3.82813930e-19  -4.71618311e-18  -5.49297367e-19
  1.32000000e-05  -4.88090471e-05   2.13739584e-04  -1.79066631e-03  -2.87507949e-19  -4.70170984e-18  -5.53374189e-19
  1.32800000e-05  -4.89993172e-05   2.14450082e-04  -1.78624012e-03  -1.92879629e-19  -4.68595004e-18  -5.57288680e-19
  1.33600000e-05  -4.91879739e-05   2.15153600e-04  -1.78181439e-03  -9.89445858e-20  -4.66892248e-18  -5.61039692e-19
  1.34400000e-05  -4.93750269e-05   2.15850160e-04  -1.77738908e-03  -5.71797406e-21  -4.65064602e-18  -5.64626155e-19
  1.35200000e-05  -4.93316370e-05   2.17079174e-04  -1.77276395e-03   9.99301149e-20  -4.63566306e-18  -5.70428805e-19
  1.36000000e-05  -4.95113216e-05   2.17886555e-04  -1.76829137e-03   1.94783851e-19  -4.61468818e-18  -5.74069710e-19
  1.36800000e-05  -4.96894774e-05   2.18686951e-04  -1.76381913e-03   2.88878510e-19  -4.59248017e-18  -5.77536378e-19
  1.37600000e-05  -4.98661142e-05   2.19480395e-04  -1.75934720e-03   3.82200342e-19  -4.56905879e-18  -5.80827752e-19
  1.38400000e-05  -5.00412422e-05   2.20266919e-04  -1.75487554e-03   4.74736061e-19  -4.54444389e-18  -5.83942858e-19
  1.39200000e-05  -5.02148718e-05   2.21046557e-04  -1.75040411e-03   5.66472842e-19  -4.51865535e-18  -5.86880800e-19
  1.40000000e-05  -5.03870140e-05   2.21819344e-04  -1.74593289e-03   6.57398323e-19  -4.49171313e-18  -5.89640761e-19
  1.40800000e-05  -5.05576800e-05   2.22585320e-04  -1.74146184e-03   7.47500594e-19  -4.46363724e-18  -5.92222000e-19
  1.41600000e-05  -5.08764962e-05   2.23436119e-04  -1.73745151e-03   8.37736917e-19  -4.43245316e-18  -5.94543929e-19
  1.42400000e-05  -5.10634642e-05   2.24230110e-04  -1.73287114e-03   9.27380203e-19  -4.40134467e-18  -5.96852948e-19
  1.43200000e-05  -5.12489541e-05   2.25017398e-04  -1.72829071e-03   1.01614939e-18  -4.36914831e-18  -5.98979660e-19
  1.44000000e-05  -5.14329790e-05   2.25798028e-04  -1.72371018e-03   1.10403434e-18  -4.33588478e-18  -6.00923529e-19
  1.44800000e-05  -5.16155523e-05   2.26572046e-04  -1.71912954e-03   1.19102538e-18  -4.30157474e-18  -6.02684092e-19
  1.45600000e-05  -5.16720324e-05   2.27849847e-04  -1.71417757e-03   1.28987596e-18  -4.26789891e-18  -6.06174438e-19
  1.46400000e-05  -5.18611312e-05   2.28592499e-04  -1.70963032e-03   1.37456140e-18  -4.23128634e-18  -6.07456839e-19
  1.47200000e-05  -5.20488552e-05   2.29328604e-04  -1.70508291e-03   1.45832269e-18  -4.19369544e-18  -6.08555948e-19
  1.48000000e-05  -5.22352201e-05   2.30058218e-04  -1.70053532e-03   1.54115209e-18  -4.15514674e-18  -6.09471654e-19
  1.48800000e-05  -5.22063134e-05   2.29683507e-04  -1.69616555e-03   1.59709921e-18  -4.12141131e-18  -6.07251376e-19
  1.49600000e-05  -5.22903748e-05   2.30174321e-04  -1.69160551e-03   1.67288787e-18  -4.08366252e-18  -6.07369849e-19
  1.50400000e-05  -5.23731029e-05   2.30658838e-04  -1.68704515e-03   1.74775492e-18  -4.04508347e-18  -6.07316053e-19
  1.51200000e-05  -5.24545130e-05   2.31137115e-04  -1.68248444e-03   1.82169472e-18  -4.00569361e-18  -6.07090651e-19
  1.52000000e-05  -5.25346202e-05   2.31609208e-04  -1.67792336e-03   1.89470202e-18  -3.96551237e-18  -6.06694357e-19
  1.52800000e-05  -5.26134405e-05   2.32075177e-04  -1.67336188e-03   1.96677197e-18  -3.92455911e-18  -6.06127941e-19
  1.53600000e-05  -5.26909895e-05   2.32535081e-04  -1.66879997e-03   2.03790009e-18  -3.88285309e-18  -6.05392226e-19
  1.54400000e-05  -5.27672833e-05   2.32988980e-04  -1.66423762e-03   2.10808227e-18  -3.84041353e-18  -6.04488082e-19
  1.55200000e-05  -5.29600848e-05   2.33024935e-04  -1.65962872e-03   2.16778602e-18  -3.79437841e-18  -6.01936388e-19
  1.56000000e-05  -5.29055723e-05   2.33149737e-04  -1.65508051e-03   2.22860584e-18  -3.75374023e-18  -6.00024719e-19
  1.56800000e-05  -5.28498007e-05   2.33268717e-04  -1.65053176e-03   2.28850756e-18  -3.71252095e-18  -5.97966175e-19
  1.57600000e-05  -5.27927860e-05   2.33381935e-04  -1.64598247e-03   2.34748930e-18  -3.67073814e-18  -5.95762400e-19
  1.58400000e-05  -5.27345443e-05   2.33489452e-04  -1.64143261e-03   2.40554947e-18  -3.62840926e-18  -5.93415068e-19
  1.59200000e-05  -5.26750919e-05   2.33591330e-04  -1.63688215e-03   2.46268684e-18  -3.58555165e-18  -5.90925886e-19
  1.60000000e-05  -5.26144453e-05   2.33687631e-04  -1.63233108e-03   2.51890046e-18  -3.54218256e-18  -5.88296587e-19
  1.60800000e-05  -5.25526210e-05   2.33778419e-04  -1.62777937e-03   2.57418971e-18  -3.49831910e-18  -5.85528937e-19
  1.61600000e-05  -5.24896359e-05   2.33863758e-04  -1.62322701e-03   2.62855428e-18  -3.45397825e-18  -5.82624726e-19
  1.62400000e-05  -5.23268966e-05   2.35928486e-04  -1.61929427e-03   2.72736738e-18  -3.41298562e-18  -5.85400207e-19
  1.63200000e-05  -5.23195883e-05   2.36047795e-04  -1.61470868e-03   2.78105146e-18  -3.36571194e-18  -5.82131229e-19
  1.64000000e-05  -5.23112106e-05   2.36161809e-04  -1.61012238e-03   2.83378373e-18  -3.31799974e-18  -5.78728356e-19
  1.64800000e-05  -5.23017814e-05   2.36270606e-04  -1.60553535e-03   2.88556530e-18  -3.26986596e-18  -5.75193450e-19
  1.65600000e-05  -5.22913186e-05   2.36374259e-04  -1.60094757e-03   2.93639758e-18  -3.22132743e-18  -5.71528388e-19
  1.66400000e-05  -5.22798400e-05   2.36472845e-04  -1.59635903e-03   2.98628226e-18  -3.17240080e-18  -5.67735068e-19
  1.67200000e-05  -5.22673637e-05   2.36566441e-04  -1.59176971e-03   3.03522133e-18  -3.12310259e-18  -5.63815405e-19
  1.68000000e-05  -5.22539080e-05   2.36655125e-04  -1.58717959e-03   3.08321702e-18  -3.07344914e-18  -5.59771329e-19
  1.68800000e-05  -5.22394912e-05   2.36738974e-04  -1.58258866e-03   3.13027184e-18  -3.02345663e-18  -5.55604784e-19
  1.69600000e-05  -5.17739292e-05   2.35192838e-04  -1.57831369e-03   3.13798068e-18  -2.98501411e-18  -5.47748861e-19
  1.70400000e-05  -5.18554974e-05   2.35699008e-04  -1.57375916e-03   3.19334755e-18  -2.93259503e-18  -5.44430422e-19
  1.71200000e-05  -5.19361920e-05   2.36200615e-04  -1.56920381e-03   3.24776740e-18  -2.87975583e-18  -5.40960178e-19
  1.72000000e-05  -5.20160312e-05   2.36697737e-04  -1.56464760e-03   3.30124222e-18  -2.82651326e-18  -5.37339404e-19
  1.72800000e-05  -5.20950330e-05   2.37190451e-04  -1.56009054e-03   3.35377424e-18  -2.77288393e-18  -5.33569397e-19
  1.73600000e-05  -5.21732158e-05   2.37678835e-04  -1.55553259e-03   3.40536599e-18  -2.71888428e-18  -5.29651481e-19
  1.74400000e-05  -5.22505978e-05   2.38162968e-04  -1.55097375e-03   3.45602025e-18  -2.66453060e-18  -5.25586998e-19
  1.75200000e-05  -5.27525752e-05   2.39208868e-04  -1.54635211e-03   3.51907634e-18  -2.59968350e-18  -5.22201691e-19
  1.76000000e-05  -5.23750206e-05   2.39424762e-04  -1.54192804e-03   3.56152098e-18  -2.55551994e-18  -5.17786477e-19
  1.76800000e-05  -5.25250822e-05   2.39934329e-04  -1.53735687e-03   3.61028066e-18  -2.49832881e-18  -5.13260876e-19
  1.77600000e-05  -5.26744008e-05   2.40439958e-04  -1.53278473e-03   3.65809418e-18  -2.44083753e-18  -5.08592483e-19
  1.78400000e-05  -5.28229956e-05   2.40941737e-04  -1.52821162e-03   3.70496582e-18  -2.38306192e-18  -5.03782634e-19
  1.79200000e-05  -5.29708860e-05   2.41439755e-04  -1.52363751e-03   3.75090006e-18  -2.32501760e-18  -4.98832678e-19
  1.80000000e-05  -5.31180915e-05   2.41934099e-04  -1.51906239e-03   3.79590166e-18  -2.26672000e-18  -4.93743982e-19
  1.80800000e-05  -5.32646317e-05   2.42424860e-04  -1.51448625e-03   3.83997558e-18  -2.20818438e-18  -4.88517920e-19
  1.81600000e-05  -5.34105261e-05   2.42912125e-04  -1.50990908e-03   3.88312699e-18  -2.14942582e-18  -4.83155879e-19
  1.82400000e-05  -5.35557944e-05   2.43395985e-04  -1.50533086e-03   3.92536131e-18  -2.09045918e-18  -4.77659254e-19
  1.83200000e-05  -5.38421927e-05   2.43050081e-04  -1.50081807e-03   3.94715562e-18  -2.02830985e-18  -4.70079886e-19
  1.84000000e-05  -5.39375946e-05   2.43552879e-04  -1.49618353e-03   3.98820170e-18  -1.97021518e-18  -4.64492204e-19
  1.84800000e-05  -5.40324564e-05   2.44052374e-04  -1.49154793e-03   4.02835739e-18  -1.91195034e-18  -4.58770417e-19
  1.85600000e-05  -5.41267994e-05   2.44548646e-04  -1.48691124e-03   4.06762857e-18  -1.85352942e-18  -4.52915957e-19
  1.86400000e-05  -5.42206448e-05   2.45041778e-04  -1.48227345e-03   4.10602129e-18  -1.79496632e-18  -4.46930260e-19
  1.87200000e-05  -5.43140138e-05   2.45531851e-04  -1.47763456e-03   4.14354183e-18  -1.73627474e-18  -4.40814769e-19
  1.88000000e-05  -5.44069276e-05   2.46018948e-04  -1.47299456e-03   4.18019661e-18  -1.67746820e-18  -4.34570930e-19
  1.88800000e-05  -5.44994076e-05   2.46503151e-04  -1.46835343e-03   4.21599225e-18  -1.61856002e-18  -4.28200194e-19
  1.89600000e-05  -5.46384668e-05   2.47640313e-04  -1.46370571e-03   4.26635901e-18  -1.55838500e-18  -4.22917163e-19
  1.90400000e-05  -5.46928644e-05   2.47720594e-04  -1.45912209e-03   4.29101923e-18  -1.50018388e-18  -4.15533819e-19
  1.91200000e-05  -5.47469398e-05   2.47798415e-04  -1.45453733e-03   4.31485319e-18  -1.44202128e-18  -4.08071751e-19
  1.92000000e-05  -5.48007135e-05   2.47873864e-04  -1.44995142e-03   4.33786945e-18  -1.38390856e-18  -4.00532799e-19
  1.92800000e-05  -5.48542062e-05   2.47947032e-04  -1.44536437e-03   4.36007666e-18  -1.32585686e-18  -3.92918789e-19
  1.93600000e-05  -5.49074385e-05   2.48018010e-04  -1.44077616e-03   4.38148359e-18  -1.26787712e-18  -3.85231528e-19
  1.94400000e-05  -5.49604308e-05   2.48086888e-04  -1.43618679e-03   4.40209914e-18  -1.20998006e-18  -3.77472804e-19
  1.95200000e-05  -5.50132037e-05   2.48153756e-04  -1.43159625e-03   4.42193232e-18  -1.15217620e-18  -3.69644385e-19
  1.96000000e-05  -5.50657774e-05   2.48218704e-04  -1.42700454e-03   4.44099224e-18  -1.09447585e-18  -3.61748019e-19
  1.96800000e-05  -5.50321837e-05   2.48685172e-04  -1.42244234e-03   4.46876861e-18  -1.03888188e-18  -3.54517439e-19
  1.97600000e-05  -5.50230439e-05   2.48774630e-04  -1.41783462e-03   4.48701569e-18  -9.82734205e-19  -3.46562703e-19
  1.98400000e-05  -5.50137538e-05   2.48862606e-04  -1.41322574e-03   4.50453550e-18  -9.26714203e-19  -3.38541753e-19
  1.99200000e-05  -5.50043327e-05   2.48949192e-04  -1.40861568e-03   4.52133737e-18  -8.70831258e-19  -3.30456270e-19
  2.00000000e-05  -5.49948001e-05   2.49034476e-04  -1.40400444e-03   4.53743069e-18  -8.15094549e-19  -3.22307911e-19
  2.00800000e-05  -5.49851752e-05   2.49118549e-04  -1.39939202e-03   4.55282495e-18  -7.59513059e-19  -3.14098310e-19
  2.01600000e-05  -5.49754773e-05   2.49201500e-04  -1.39477842e-03   4.56752969e-18  -7.04095570e-19  -3.05829077e-19
  2.02400000e-05  -5.49657254e-05   2.49283418e-04  -1.39016364e-03   4.58155455e-18  -6.48850667e-19  -2.97501799e-19
  2.03200000e-05  -5.51454173e-05   2.48728247e-04  -1.38556899e-03   4.57988410e-18  -5.89404125e-19  -2.88084590e-19
  2.04000000e-05  -5.51112277e-05   2.49056009e-04  -1.38096226e-03   4.59835926e-18  -5.35245321e-19  -2.80041895e-19
  2.04800000e-05  -5.50771422e-05   2.49382686e-04  -1.37635436e-03   4.61618565e-18  -4.81218698e-19  -2.71916839e-19
  2.05600000e-05  -5.50431815e-05   2.49708358e-04  -1.37174529e-03   4.63337210e-18  -4.27332615e-19  -2.63710815e-19
  2.06400000e-05  -5.50093660e-05   2.50033105e-04  -1.36713505e-03   4.64992748e-18  -3.73595250e-19  -2.55425200e-19
  2.07200000e-05  -5.49757161e-05   2.50357006e-04  -1.36252364e-03   4.66586076e-18  -3.20014603e-19  -2.47061353e-19
  2.08000000e-05  -5.49422520e-05   2.50680141e-04  -1.35791106e-03   4.68118092e-18  -2.66598493e-19  -2.38620613e-19
  2.08800000e-05  -5.49089940e-05   2.51002590e-04  -1.35329731e-03   4.69589706e-18  -2.13354562e-19  -2.30104301e-19
  2.09600000e-05  -5.48759622e-05   2.51324430e-04  -1.34868238e-03   4.71001827e-18  -1.60290274e-19  -2.21513716e-19
  2.10400000e-05  -5.46751723e-05   2.51780960e-04  -1.34411496e-03   4.72674029e-18  -1.11383275e-19  -2.13136181e-19
  2.11200000e-05  -5.47377871e-05   2.51914748e-04  -1.33952733e-03   4.73529061e-18  -5.64747746e-20  -2.04121373e-19
  2.12000000e-05  -5.48005390e-05   2.52048314e-04  -1.33493854e-03   4.74325339e-18  -1.81369889e-21  -1.95057655e-19
  2.12800000e-05  -5.48634460e-05   2.52181744e-04  -1.33034860e-03   4.75063882e-18   5.25934058e-20  -1.85946240e-19
  2.13600000e-05  -5.49265260e-05   2.52315120e-04  -1.32575750e-03   4.75745715e-18   1.06740177e-19  -1.76788314e-19
  2.14400000e-05  -5.49897967e-05   2.52448528e-04  -1.32116524e-03   4.76371861e-18   1.60620434e-19  -1.67585038e-19
  2.15200000e-05  -5.50532756e-05   2.52582050e-04  -1.31657182e-03   4.76943350e-18   2.14228176e-19  -1.58337541e-19
  2.16000000e-05  -5.51169804e-05   2.52715769e-04  -1.31197726e-03   4.77461208e-18   2.67557581e-19  -1.49046929e-19
  2.16800000e-05  -5.53427611e-05   2.53196411e-04  -1.30755609e-03   4.78727152e-18   3.24316545e-19  -1.39821948e-19
  2.17600000e-05  -5.53484103e-05   2.53288061e-04  -1.30290798e-03   4.79041676e-18   3.75809023e-19  -1.30442070e-19
  2.18400000e-05  -5.53544224e-05   2.53380330e-04  -1.29825882e-03   4.79307370e-18   4.26994498e-19  -1.21028116e-19
  2.19200000e-05  -5.53608154e-05   2.53473301e-04  -1.29360863e-03   4.79525276e-18   4.77868168e-19  -1.11581105e-19
  2.20000000e-05  -5.53676075e-05   2.53567055e-04  -1.28895741e-03   4.79696433e-18   5.28425395e-19  -1.02102028e-19
  2.20800000e-05  -5.53748163e-05   2.53661674e-04  -1.28430517e-03   4.79821880e-18   5.78661713e-19  -9.25918456e-20
  2.21600000e-05  -5.53824595e-05   2.53757237e-04  -1.27965190e-03   4.79902657e-18   6.28572820e-19  -8.30514868e-20
  2.22400000e-05  -5.53905548e-05   2.53853824e-04  -1.27499762e-03   4.79939800e-18   6.78154577e-19  -7.34818515e-20
  2.23200000e-05  -5.53991195e-05   2.53951515e-04  -1.27034232e-03   4.79934345e-18   7.27403006e-19  -6.38838088e-20
  2.24000000e-05  -5.54927185e-05   2.53595526e-04  -1.26565843e-03   4.78815902e-18   7.78210987e-19  -5.40091505e-20
  2.24800000e-05  -5.56254475e-05   2.53980862e-04  -1.26098342e-03   4.79399830e-18   8.29623249e-19  -4.43779609e-20
  2.25600000e-05  -5.57586656e-05   2.54367031e-04  -1.25630743e-03   4.79940363e-18   8.80754202e-19  -3.46837959e-20
  2.26400000e-05  -5.58935378e-05   2.56725025e-04  -1.25183411e-03   4.85069994e-18   9.31796172e-19  -2.54885092e-20
  2.27200000e-05  -5.60027791e-05   2.56869299e-04  -1.24711735e-03   4.84954989e-18   9.82193789e-19  -1.54699484e-20
  2.28000000e-05  -5.61125305e-05   2.57015161e-04  -1.24239967e-03   4.84800954e-18   1.03223595e-18  -5.41999086e-21
  2.28800000e-05  -5.62228084e-05   2.57162690e-04  -1.23768107e-03   4.84608955e-18   1.08191939e-18   4.66076217e-21
  2.29600000e-05  -5.63336292e-05   2.57311967e-04  -1.23296156e-03   4.84380053e-18   1.13124101e-18   1.47717396e-20
  2.30400000e-05  -5.71368202e-05   2.56901127e-04  -1.22789466e-03   4.82818540e-18   1.19652068e-18   2.56702393e-20
  2.31200000e-05  -5.72465157e-05   2.57303436e-04  -1.22324674e-03   4.83084873e-18   1.24494208e-18   3.57888680e-20
  2.32000000e-05  -5.73569284e-05   2.57707639e-04  -1.21859787e-03   4.83317374e-18   1.29305519e-18   4.59661066e-20
  2.32800000e-05  -5.74680750e-05   2.58113813e-04  -1.21394805e-03   4.83517008e-18   1.34085688e-18   5.62015526e-20
  2.33600000e-05  -5.75799723e-05   2.58522032e-04  -1.20929728e-03   4.83684735e-18   1.38834416e-18   6.64948294e-20
  2.34400000e-05  -5.76926369e-05   2.58932371e-04  -1.20464558e-03   4.83821512e-18   1.43551416e-18   7.68455867e-20
  2.35200000e-05  -5.78060851e-05   2.59344904e-04  -1.19999296e-03   4.83928294e-18   1.48236415e-18   8.72535000e-20
  2.36000000e-05  -5.79203334e-05   2.59759704e-04  -1.19533941e-03   4.84006032e-18   1.52889152e-18   9.77182712e-20
  2.36800000e-05  -5.80353978e-05   2.60176844e-04  -1.19068495e-03   4.84055674e-18   1.57509379e-18   1.08239628e-19
  2.37600000e-05  -5.69963438e-05   2.58366041e-04  -1.18617666e-03   4.78821582e-18   1.59333668e-18   1.16975235e-19
  2.38400000e-05  -5.71326512e-05   2.58780219e-04  -1.18147544e-03   4.78829683e-18   1.63886593e-18   1.27415254e-19
  2.39200000e-05  -5.72695992e-05   2.59196517e-04  -1.17677337e-03   4.78811463e-18   1.68405975e-18   1.37910171e-19
  2.40000000e-05  -5.74072022e-05   2.59615003e-04  -1.17207047e-03   4.78767853e-18   1.72891600e-18   1.48459762e-19
  2.40800000e-05  -5.83335111e-05   2.61582350e-04  -1.16737163e-03   4.82333261e-18   1.79229718e-18   1.60592716e-19
  2.41600000e-05  -5.83713007e-05   2.61836801e-04  -1.16268595e-03   4.81825388e-18   1.83439599e-18   1.71211007e-19
  2.42400000e-05  -5.84100074e-05   2.62094219e-04  -1.15799946e-03   4.81298238e-18   1.87611911e-18   1.81859874e-19
  2.43200000e-05  -5.84496463e-05   2.62354669e-04  -1.15331217e-03   4.80752741e-18   1.91746566e-18   1.92539191e-19
  2.44000000e-05  -5.83028533e-05   2.61951079e-04  -1.14864523e-03   4.78615360e-18   1.95397478e-18   2.02673014e-19
  2.44800000e-05  -5.83517622e-05   2.62196293e-04  -1.14393017e-03   4.77992533e-18   1.99458712e-18   2.13348932e-19
  2.45600000e-05  -5.84015418e-05   2.62444379e-04  -1.13921432e-03   4.77353333e-18   2.03481386e-18   2.24052444e-19
  2.46400000e-05  -5.84522059e-05   2.62695400e-04  -1.13449770e-03   4.76698669e-18   2.07465452e-18   2.34783476e-19
  2.47200000e-05  -5.85037680e-05   2.62949419e-04  -1.12978031e-03   4.76029444e-18   2.11410872e-18   2.45541984e-19
  2.48000000e-05  -5.85562415e-05   2.63206495e-04  -1.12506216e-03   4.75346554e-18   2.15317616e-18   2.56327948e-19
  2.48800000e-05  -5.86096398e-05   2.63466691e-04  -1.12034326e-03   4.74650887e-18   2.19185665e-18   2.67141377e-19
  2.49600000e-05  -5.86639760e-05   2.63730064e-04  -1.11562364e-03   4.73943328e-18   2.23015009e-18   2.77982302e-19
  2.50400000e-05  -5.87192630e-05   2.63996676e-04  -1.11090328e-03   4.73224749e-18   2.26805646e-18   2.88850781e-19
  2.51200000e-05  -5.85395113e-05   2.64060180e-04  -1.10631631e-03   4.71994916e-18   2.30010300e-18   2.99247234e-19
  2.52000000e-05  -5.85188171e-05   2.64143596e-04  -1.10163245e-03   4.70809636e-18   2.33537688e-18   3.09869792e-19
  2.52800000e-05  -5.84990380e-05   2.64230431e-04  -1.09694793e-03   4.69617477e-18   2.37022874e-18   3.20493655e-19
  2.53600000e-05  -5.84801855e-05   2.64320739e-04  -1.09226277e-03   4.68419297e-18   2.40465951e-18   3.31118952e-19
  2.54400000e-05  -5.84622711e-05   2.64414574e-04  -1.08757697e-03   4.67215941e-18   2.43867024e-18   3.41745836e-19
  2.55200000e-05  -5.84453061e-05   2.64511990e-04  -1.08289055e-03   4.66008251e-18   2.47226203e-18   3.52374483e-19
  2.56000000e-05  -5.84293017e-05   2.64613040e-04  -1.07820352e-03   4.64797054e-18   2.50543605e-18   3.63005097e-19
  2.56800000e-05  -5.84142688e-05   2.64717775e-04  -1.07351590e-03   4.63583174e-18   2.53819356e-18   3.73637905e-19
  2.57600000e-05  -5.85819161e-05   2.65449932e-04  -1.06895143e-03   4.63815824e-18   2.57499664e-18   3.85256499e-19
  2.58400000e-05  -5.85538784e-05   2.65619580e-04  -1.06424098e-03   4.62733255e-18   2.60667424e-18   3.95996264e-19
  2.59200000e-05  -5.85269276e-05   2.65793274e-04  -1.05953003e-03   4.61651142e-18   2.63794985e-18   4.06745525e-19
  2.60000000e-05  -5.85010745e-05   2.65971062e-04  -1.05481858e-03   4.60570261e-18   2.66882490e-18   4.17504631e-19
  2.60800000e-05  -5.84763298e-05   2.66152994e-04  -1.05010666e-03   4.59491375e-18   2.69930091e-18   4.28273952e-19
  2.61600000e-05  -5.84527039e-05   2.66339119e-04  -1.04539427e-03   4.58415242e-18   2.72937944e-18   4.39053883e-19
  2.62400000e-05  -5.84302071e-05   2.66529484e-04  -1.04068142e-03   4.57342609e-18   2.75906211e-18   4.49844840e-19
  2.63200000e-05  -5.84088496e-05   2.66724138e-04  -1.03596814e-03   4.56274213e-18   2.78835058e-18   4.60647263e-19
  2.64000000e-05  -5.83886415e-05   2.66923127e-04  -1.03125443e-03   4.55210785e-18   2.81724659e-18   4.71461612e-19
  2.64800000e-05  -5.83647809e-05   2.67062490e-04  -1.02684992e-03   4.53950744e-18   2.84604696e-18   4.82178577e-19
  2.65600000e-05  -5.84707596e-05   2.67587080e-04  -1.02209403e-03   4.53649308e-18   2.87703919e-18   4.93698530e-19
  2.66400000e-05  -5.85778853e-05   2.68115970e-04  -1.01733791e-03   4.53352082e-18   2.90769795e-18   5.05275766e-19
  2.67200000e-05  -5.86861681e-05   2.68649207e-04  -1.01258158e-03   4.53059741e-18   2.93802409e-18   5.16910884e-19
  2.68000000e-05  -5.87956180e-05   2.69186837e-04  -1.00782505e-03   4.52772951e-18   2.96801850e-18   5.28604502e-19
  2.68800000e-05  -5.89062450e-05   2.69728908e-04  -1.00306833e-03   4.52492372e-18   2.99768212e-18   5.40357264e-19
  2.69600000e-05  -5.90180589e-05   2.70275464e-04  -9.98311442e-04   4.52218657e-18   3.02701592e-18   5.52169829e-19
  2.70400000e-05  -5.91310694e-05   2.70826550e-04  -9.93554396e-04   4.51952450e-18   3.05602092e-18   5.64042883e-19
  2.71200000e-05  -5.92949805e-05   2.70948747e-04  -9.88805020e-04   4.50674758e-18   3.08585088e-18   5.75320625e-19
  2.72000000e-05  -5.94399728e-05   2.71594746e-04  -9.84119259e-04   4.50612276e-18   3.11495112e-18   5.87490326e-19
  2.72800000e-05  -5.95862106e-05   2.72245257e-04  -9.79433390e-04   4.50557822e-18   3.14374551e-18   5.99733966e-19
  2.73600000e-05  -5.97337035e-05   2.72900323e-04  -9.74747428e-04   4.50511998e-18   3.17223490e-18   6.12052323e-19
  2.74400000e-05  -5.98824608e-05   2.73559987e-04  -9.70061387e-04   4.50475395e-18   3.20042014e-18   6.24446192e-19
  2.75200000e-05  -6.00324918e-05   2.74224291e-04  -9.65375283e-04   4.50448599e-18   3.22830213e-18   6.36916393e-19
  2.76000000e-05  -6.01838058e-05   2.74893277e-04  -9.60689129e-04   4.50432188e-18   3.25588178e-18   6.49463764e-19
  2.76800000e-05  -6.03364120e-05   2.75566986e-04  -9.56002943e-04   4.50426734e-18   3.28316005e-18   6.62089163e-19
  2.77600000e-05  -6.04903192e-05   2.76245458e-04  -9.51316737e-04   4.50432801e-18   3.31013790e-18   6.74793469e-19
  2.78400000e-05  -6.06081822e-05   2.76997485e-04  -9.46902488e-04   4.50555035e-18   3.33651256e-18   6.87644588e-19
  2.79200000e-05  -6.07436563e-05   2.77409665e-04  -9.42218166e-04   4.49938450e-18   3.36239656e-18   6.99893358e-19
  2.80000000e-05  -6.08804551e-05   2.77826857e-04  -9.37533934e-04   4.49336114e-18   3.38793759e-18   7.12189880e-19
  2.80800000e-05  -6.10185867e-05   2.78249101e-04  -9.32849810e-04   4.48748606e-18   3.41313750e-18   7.24535051e-19
  2.81600000e-05  -6.11580594e-05   2.78676438e-04  -9.28165808e-04   4.48176500e-18   3.43799815e-18   7.36929786e-19
  2.82400000e-05  -6.12988811e-05   2.79108906e-04  -9.23481946e-04   4.47620358e-18   3.46252144e-18   7.49375018e-19
  2.83200000e-05  -6.14410599e-05   2.79546543e-04  -9.18798238e-04   4.47080737e-18   3.48670925e-18   7.61871700e-19
  2.84000000e-05  -6.15846035e-05   2.79989387e-04  -9.14114703e-04   4.46558184e-18   3.51056351e-18   7.74420801e-19
  2.84800000e-05  -6.22613314e-05   2.81225409e-04  -9.09346092e-04   4.47913876e-18   3.54636691e-18   7.90074704e-19
  2.85600000e-05  -6.23766229e-05   2.81470946e-04  -9.04668105e-04   4.46930612e-18   3.56895080e-18   8.02256353e-19
  2.86400000e-05  -6.24934521e-05   2.81722105e-04  -8.99990324e-04   4.45967571e-18   3.59117598e-18   8.14467787e-19
  2.87200000e-05  -6.26118265e-05   2.81978923e-04  -8.95312767e-04   4.45025291e-18   3.61304508e-18   8.26710089e-19
  2.88000000e-05  -6.27317532e-05   2.82241436e-04  -8.90635450e-04   4.44104306e-18   3.63456070e-18   8.38984360e-19
  2.88800000e-05  -6.28532394e-05   2.82509678e-04  -8.85958390e-04   4.43205137e-18   3.65572546e-18   8.51291714e-19
  2.89600000e-05  -6.29762921e-05   2.82783683e-04  -8.81281604e-04   4.42328297e-18   3.67654199e-18   8.63633282e-19
  2.90400000e-05  -6.31009181e-05   2.83063485e-04  -8.76605108e-04   4.41474292e-18   3.69701290e-18   8.76010211e-19
  2.91200000e-05  -6.32271243e-05   2.83349119e-04  -8.71928920e-04   4.40643616e-18   3.71714082e-18   8.88423666e-19
  2.92000000e-05  -6.29985760e-05   2.83021847e-04  -8.67100145e-04   4.38436393e-18   3.72814701e-18   8.98325724e-19
  2.92800000e-05  -6.33308959e-05   2.83643971e-04  -8.62874433e-04   4.38301905e-18   3.75343230e-18   9.12134938e-19
  2.93600000e-05  -6.34604076e-05   2.83990878e-04  -8.58223383e-04   4.37640946e-18   3.77254312e-18   9.24746539e-19
  2.94400000e-05  -6.35914446e-05   2.84343519e-04  -8.53572871e-04   4.37004402e-18   3.79132834e-18   9.37403538e-19
  2.95200000e-05  -6.37240130e-05   2.84701924e-04  -8.48922913e-04   4.36392717e-18   3.80979042e-18   9.50107127e-19
  2.96000000e-05  -6.38581191e-05   2.85066123e-04  -8.44273529e-04   4.35806323e-18   3.82793180e-18   9.62858514e-19
  2.96800000e-05  -6.39937689e-05   2.85436145e-04  -8.39624734e-04   4.35245645e-18   3.84575490e-18   9.75658919e-19
  2.97600000e-05  -6.41309684e-05   2.85812019e-04  -8.34976548e-04   4.34711102e-18   3.86326215e-18   9.88509579e-19
  2.98400000e-05  -6.42101446e-05   2.86199152e-04  -8.30182922e-04   4.34256563e-18   3.87864978e-18   1.00126067e-18
  2.99200000e-05  -6.43964401e-05   2.86834607e-04  -8.25500651e-04   4.34363330e-18   3.89651727e-18   1.01507064e-18
  3.00000000e-05  -6.45843072e-05   2.87475928e-04  -8.20818974e-04   4.34496289e-18   3.91410922e-18   1.02896715e-18
  3.00800000e-05  -6.47737523e-05   2.88123144e-04  -8.16137911e-04   4.34655801e-18   3.93142725e-18   1.04295156e-18
  3.01600000e-05  -6.49647814e-05   2.88776281e-04  -8.11457481e-04   4.34842220e-18   3.94847299e-18   1.05702525e-18
  3.02400000e-05  -6.51574005e-05   2.89435364e-04  -8.06777702e-04   4.35055893e-18   3.96524805e-18   1.07118962e-18
  3.03200000e-05  -6.53516157e-05   2.90100421e-04  -8.02098593e-04   4.35297160e-18   3.98175401e-18   1.08544610e-18
  3.04000000e-05  -6.55474327e-05   2.90771476e-04  -7.97420174e-04   4.35566353e-18   3.99799243e-18   1.09979610e-18
  3.04800000e-05  -6.57448573e-05   2.91448554e-04  -7.92742464e-04   4.35863798e-18   4.01396487e-18   1.11424109e-18
  3.05600000e-05  -6.55667055e-05   2.91795766e-04  -7.88330549e-04   4.35331677e-18   4.02173279e-18   1.12654769e-18
  3.06400000e-05  -6.58164791e-05   2.92675364e-04  -7.83587466e-04   4.36153329e-18   4.03807862e-18   1.14190873e-18
  3.07200000e-05  -6.60677096e-05   2.93560829e-04  -7.78845278e-04   4.37002915e-18   4.05418210e-18   1.15739450e-18
  3.08000000e-05  -6.63204022e-05   2.94452182e-04  -7.74104008e-04   4.37880718e-18   4.07004408e-18   1.17300660e-18
  3.08800000e-05  -6.65745620e-05   2.95349446e-04  -7.69363675e-04   4.38787016e-18   4.08566537e-18   1.18874662e-18
  3.09600000e-05  -6.68301942e-05   2.96252644e-04  -7.64624303e-04   4.39722078e-18   4.10104676e-18   1.20461621e-18
  3.10400000e-05  -6.70873036e-05   2.97161797e-04  -7.59885912e-04   4.40686167e-18   4.11618903e-18   1.22061700e-18
  3.11200000e-05  -6.73458953e-05   2.98076926e-04  -7.55148525e-04   4.41679542e-18   4.13109289e-18   1.23675065e-18
  3.12000000e-05  -6.76059739e-05   2.98998052e-04  -7.50412164e-04   4.42702453e-18   4.14575907e-18   1.25301885e-18
  3.12800000e-05  -6.82927466e-05   3.00428284e-04  -7.45735609e-04   4.44892744e-18   4.17028626e-18   1.27262593e-18
  3.13600000e-05  -6.84545441e-05   3.01183034e-04  -7.41041213e-04   4.45543163e-18   4.18232656e-18   1.28825664e-18
  3.14400000e-05  -6.86180213e-05   3.01944105e-04  -7.36347905e-04   4.46226029e-18   4.19411540e-18   1.30399902e-18
  3.15200000e-05  -6.87831826e-05   3.02711515e-04  -7.31655707e-04   4.46941561e-18   4.20565399e-18   1.31985475e-18
  3.16000000e-05  -6.89500324e-05   3.03485281e-04  -7.26964640e-04   4.47689972e-18   4.21694355e-18   1.33582552e-18
  3.16800000e-05  -6.91185753e-05   3.04265421e-04  -7.22274728e-04   4.48471468e-18   4.22798524e-18   1.35191303e-18
  3.17600000e-05  -6.92888155e-05   3.05051950e-04  -7.17585994e-04   4.49286248e-18   4.23878017e-18   1.36811901e-18
  3.18400000e-05  -6.94607572e-05   3.05844885e-04  -7.12898459e-04   4.50134504e-18   4.24932943e-18   1.38444518e-18
  3.19200000e-05  -6.96172951e-05   3.06289377e-04  -7.08469137e-04   4.50108263e-18   4.26017418e-18   1.39948637e-18
  3.20000000e-05  -6.97336550e-05   3.06872859e-04  -7.03801158e-04   4.50505883e-18   4.26888854e-18   1.41496188e-18
  3.20800000e-05  -6.98517482e-05   3.07462679e-04  -6.99134562e-04   4.50938584e-18   4.27733734e-18   1.43053022e-18
  3.21600000e-05  -6.99715782e-05   3.08058852e-04  -6.94469369e-04   4.51406541e-18   4.28552217e-18   1.44619303e-18
  3.22400000e-05  -7.00931485e-05   3.08661389e-04  -6.89805604e-04   4.51909927e-18   4.29344458e-18   1.46195198e-18
  3.23200000e-05  -7.02164625e-05   3.09270303e-04  -6.85143288e-04   4.52448904e-18   4.30110606e-18   1.47780877e-18
  3.24000000e-05  -7.03415235e-05   3.09885606e-04  -6.80482445e-04   4.53023629e-18   4.30850809e-18   1.49376509e-18
  3.24800000e-05  -7.04683347e-05   3.10507310e-04  -6.75823097e-04   4.53634253e-18   4.31565209e-18   1.50982264e-18
  3.25600000e-05  -7.05968993e-05   3.11135426e-04  -6.71165269e-04   4.54280917e-18   4.32253942e-18   1.52598316e-18
  3.26400000e-05  -7.10528656e-05   3.12088877e-04  -6.66397072e-04   4.55737136e-18   4.33620512e-18   1.54482535e-18
  3.27200000e-05  -7.12135816e-05   3.12693009e-04  -6.61804524e-04   4.56342921e-18   4.34352130e-18   1.56120209e-18
  3.28000000e-05  -7.13761952e-05   3.13303803e-04  -6.57213490e-04   4.56984912e-18   4.35058484e-18   1.57768571e-18
  3.28800000e-05  -7.15407097e-05   3.13921268e-04  -6.52623992e-04   4.57663238e-18   4.35739703e-18   1.59427800e-18
  3.29600000e-05  -7.17071283e-05   3.14545417e-04  -6.48036055e-04   4.58378025e-18   4.36395914e-18   1.61098078e-18
  3.30400000e-05  -7.18754543e-05   3.15176259e-04  -6.43449703e-04   4.59129389e-18   4.37027237e-18   1.62779586e-18
  3.31200000e-05  -7.20456906e-05   3.15813806e-04  -6.38864958e-04   4.59917442e-18   4.37633788e-18   1.64472509e-18
  3.32000000e-05  -7.22178404e-05   3.16458068e-04  -6.34281847e-04   4.60742288e-18   4.38215678e-18   1.66177031e-18
  3.32800000e-05  -7.23919066e-05   3.17109055e-04  -6.29700392e-04   4.61604026e-18   4.38773016e-18   1.67893338e-18
  3.33600000e-05  -7.21182023e-05   3.18229771e-04  -6.25499478e-04   4.63403466e-18   4.38447899e-18   1.69636192e-18
  3.34400000e-05  -7.23545492e-05   3.19037819e-04  -6.20943891e-04   4.64658984e-18   4.39106606e-18   1.71467059e-18
  3.35200000e-05  -7.25926611e-05   3.19852620e-04  -6.16390118e-04   4.65950086e-18   4.39742120e-18   1.73312501e-18
  3.36000000e-05  -7.28325409e-05   3.20674184e-04  -6.11838183e-04   4.67276844e-18   4.40354487e-18   1.75172716e-18
  3.36800000e-05  -7.30741912e-05   3.21502520e-04  -6.07288114e-04   4.68639324e-18   4.40943748e-18   1.77047902e-18
  3.37600000e-05  -7.33176148e-05   3.22337636e-04  -6.02739936e-04   4.70037585e-18   4.41509940e-18   1.78938261e-18
  3.38400000e-05  -7.35628142e-05   3.23179543e-04  -5.98193677e-04   4.71471680e-18   4.42053095e-18   1.80843993e-18
  3.39200000e-05  -7.41631508e-05   3.23751882e-04  -5.93522515e-04   4.72367931e-18   4.43316462e-18   1.82793815e-18
  3.40000000e-05  -7.43737074e-05   3.24632640e-04  -5.89017491e-04   4.73912066e-18   4.43740771e-18   1.84724804e-18
  3.40800000e-05  -7.44561533e-05   3.25537251e-04  -5.84691708e-04   4.75452359e-18   4.43930453e-18   1.86620649e-18
  3.41600000e-05  -7.47441019e-05   3.26549346e-04  -5.80161778e-04   4.77348757e-18   4.44465099e-18   1.88672862e-18
  3.42400000e-05  -7.50338779e-05   3.27567992e-04  -5.75634018e-04   4.79279463e-18   4.44978277e-18   1.90743494e-18
  3.43200000e-05  -7.53254838e-05   3.28593195e-04  -5.71108456e-04   4.81244477e-18   4.45469950e-18   1.92832762e-18
  3.44000000e-05  -7.56189224e-05   3.29624962e-04  -5.66585122e-04   4.83243798e-18   4.45940075e-18   1.94940885e-18
  3.44800000e-05  -7.59141962e-05   3.30663297e-04  -5.62064045e-04   4.85277416e-18   4.46388607e-18   1.97068083e-18
  3.45600000e-05  -7.62113078e-05   3.31708206e-04  -5.57545256e-04   4.87345317e-18   4.46815493e-18   1.99214576e-18
  3.46400000e-05  -7.65102595e-05   3.32759693e-04  -5.53028784e-04   4.89447480e-18   4.47220678e-18   2.01380588e-18
  3.47200000e-05  -7.68630636e-05   3.34203619e-04  -5.48546782e-04   4.92439899e-18   4.47737888e-18   2.03784229e-18
  3.48000000e-05  -7.71673135e-05   3.35248037e-04  -5.44064223e-04   4.94548894e-18   4.48121165e-18   2.05984380e-18
  3.48800000e-05  -7.74734363e-05   3.36299191e-04  -5.39584067e-04   4.96692173e-18   4.48482506e-18   2.08204544e-18
  3.49600000e-05  -7.77814343e-05   3.37357086e-04  -5.35106345e-04   4.98869697e-18   4.48821845e-18   2.10444952e-18
  3.50400000e-05  -7.80913096e-05   3.38421723e-04  -5.30631088e-04   5.01081420e-18   4.49139110e-18   2.12705832e-18
  3.51200000e-05  -7.84030647e-05   3.39493108e-04  -5.26158329e-04   5.03327290e-18   4.49434226e-18   2.14987417e-18
  3.52000000e-05  -7.87167015e-05   3.40571244e-04  -5.21688100e-04   5.05607248e-18   4.49707112e-18   2.17289939e-18
  3.52800000e-05  -7.90322222e-05   3.41656132e-04  -5.17220433e-04   5.07921231e-18   4.49957683e-18   2.19613632e-18
  3.53600000e-05  -7.93496288e-05   3.42747776e-04  -5.12755361e-04   5.10269167e-18   4.50185850e-18   2.21958732e-18
  3.54400000e-05  -7.96735444e-05   3.43787957e-04  -5.08443759e-04   5.12443358e-18   4.50481670e-18   2.24296182e-18
  3.55200000e-05  -7.99130150e-05   3.44668310e-04  -5.03998108e-04   5.14347560e-18   4.50488013e-18   2.26520449e-18
  3.56000000e-05  -8.01543674e-05   3.45555582e-04  -4.99555251e-04   5.16287579e-18   4.50470266e-18   2.28763106e-18
  3.56800000e-05  -8.03976026e-05   3.46449772e-04  -4.95115221e-04   5.18263330e-18   4.50428388e-18   2.31024372e-18
  3.57600000e-05  -8.06427218e-05   3.47350880e-04  -4.90678049e-04   5.20274719e-18   4.50362334e-18   2.33304472e-18
  3.58400000e-05  -8.08897259e-05   3.48258904e-04  -4.86243770e-04   5.22321648e-18   4.50272052e-18   2.35603628e-18
  3.59200000e-05  -8.11386159e-05   3.49173845e-04  -4.81812415e-04   5.24404013e-18   4.50157486e-18   2.37922065e-18
  3.60000000e-05  -8.13893926e-05   3.50095700e-04  -4.77384018e-04   5.26521703e-18   4.50018577e-18   2.40260006e-18
  3.60800000e-05  -8.16420568e-05   3.51024467e-04  -4.72958613e-04   5.28674600e-18   4.49855258e-18   2.42617678e-18
  3.61600000e-05  -8.20309391e-05   3.51635548e-04  -4.68337605e-04   5.30246743e-18   4.49852917e-18   2.44882405e-18
  3.62400000e-05  -8.22584643e-05   3.52585013e-04  -4.63903207e-04   5.32494286e-18   4.49564415e-18   2.47266048e-18
  3.63200000e-05  -8.24879462e-05   3.53541230e-04  -4.59471821e-04   5.34776753e-18   4.49251497e-18   2.49669915e-18
  3.64000000e-05  -8.27193854e-05   3.54504193e-04  -4.55043481e-04   5.37093989e-18   4.48914075e-18   2.52094233e-18
  3.64800000e-05  -8.29527823e-05   3.55473898e-04  -4.50618222e-04   5.39445836e-18   4.48552059e-18   2.54539231e-18
  3.65600000e-05  -8.31881374e-05   3.56450338e-04  -4.46196078e-04   5.41832126e-18   4.48165349e-18   2.57005138e-18
  3.66400000e-05  -8.34254510e-05   3.57433507e-04  -4.41777086e-04   5.44252688e-18   4.47753843e-18   2.59492183e-18
  3.67200000e-05  -8.36647233e-05   3.58423397e-04  -4.37361280e-04   5.46707342e-18   4.47317435e-18   2.62000597e-18
  3.68000000e-05  -8.39059546e-05   3.59420003e-04  -4.32948697e-04   5.49195903e-18   4.46856013e-18   2.64530610e-18
  3.68800000e-05  -8.35838843e-05   3.59600107e-04  -4.29093915e-04   5.49583210e-18   4.45455893e-18   2.66258000e-18
  3.69600000e-05  -8.38542643e-05   3.60745028e-04  -4.24665830e-04   5.52454403e-18   4.44983894e-18   2.68917492e-18
  3.70400000e-05  -8.47906701e-05   3.63053324e-04  -4.19770849e-04   5.58179852e-18   4.45664321e-18   2.72699901e-18
  3.71200000e-05  -8.50497264e-05   3.64241932e-04  -4.15363504e-04   5.61166840e-18   4.45123086e-18   2.75434422e-18
  3.72000000e-05  -8.53107998e-05   3.65437407e-04  -4.10959574e-04   5.64186089e-18   4.44557195e-18   2.78194424e-18
  3.72800000e-05  -8.55738906e-05   3.66639736e-04  -4.06559099e-04   5.67237348e-18   4.43966467e-18   2.80980163e-18
  3.73600000e-05  -8.58389992e-05   3.67848911e-04  -4.02162119e-04   5.70320360e-18   4.43350718e-18   2.83791895e-18
  3.74400000e-05  -8.61061256e-05   3.69064920e-04  -3.97768674e-04   5.73434861e-18   4.42709758e-18   2.86629880e-18
  3.75200000e-05  -8.63752700e-05   3.70287753e-04  -3.93378806e-04   5.76580581e-18   4.42043394e-18   2.89494375e-18
  3.76000000e-05  -8.65529117e-05   3.70748796e-04  -3.89619413e-04   5.77696292e-18   4.41551309e-18   2.91831762e-18
  3.76800000e-05  -8.68414278e-05   3.72072115e-04  -3.85227343e-04   5.81099952e-18   4.40858494e-18   2.94806703e-18
  3.77600000e-05  -8.71318885e-05   3.73401808e-04  -3.80839266e-04   5.84532373e-18   4.40140231e-18   2.97810018e-18
  3.78400000e-05  -8.74242937e-05   3.74737862e-04  -3.76455229e-04   5.87993243e-18   4.39396287e-18   3.00841966e-18
  3.79200000e-05  -8.77186430e-05   3.76080260e-04  -3.72075274e-04   5.91482239e-18   4.38626425e-18   3.03902808e-18
  3.80000000e-05  -8.80149361e-05   3.77428987e-04  -3.67699447e-04   5.94999034e-18   4.37830405e-18   3.06992804e-18
  3.80800000e-05  -8.83909441e-05   3.78930344e-04  -3.62980377e-04   5.99077877e-18   4.36943483e-18   3.10259432e-18
  3.81600000e-05  -8.86903642e-05   3.80198573e-04  -3.58655476e-04   6.02420809e-18   4.36120899e-18   3.13347015e-18
  3.82400000e-05  -8.89917715e-05   3.81473158e-04  -3.54334629e-04   6.05791075e-18   4.35271148e-18   3.16463109e-18
  3.83200000e-05  -8.92951654e-05   3.82754082e-04  -3.50017882e-04   6.09188341e-18   4.34394000e-18   3.19607966e-18
  3.84000000e-05  -8.97246146e-05   3.84445471e-04  -3.45865063e-04   6.13384882e-18   4.33870230e-18   3.23142562e-18
  3.84800000e-05  -9.00780296e-05   3.85803201e-04  -3.41556982e-04   6.16969979e-18   4.33039840e-18   3.26424938e-18
  3.85600000e-05  -9.04334689e-05   3.87167380e-04  -3.37253290e-04   6.20580460e-18   4.32181544e-18   3.29738377e-18
  3.86400000e-05  -9.07909320e-05   3.88537991e-04  -3.32954036e-04   6.24215959e-18   4.31295081e-18   3.33083140e-18
  3.87200000e-05  -9.11504183e-05   3.89915020e-04  -3.28659270e-04   6.27876101e-18   4.30380187e-18   3.36459489e-18
  3.88000000e-05  -9.15119271e-05   3.91298447e-04  -3.24369040e-04   6.31560505e-18   4.29436597e-18   3.39867685e-18
  3.88800000e-05  -9.18754575e-05   3.92688257e-04  -3.20083395e-04   6.35268781e-18   4.28464039e-18   3.43307989e-18
  3.89600000e-05  -9.22410087e-05   3.94084431e-04  -3.15802387e-04   6.39000531e-18   4.27462242e-18   3.46780661e-18
  3.90400000e-05  -9.26085798e-05   3.95486950e-04  -3.11526066e-04   6.42755350e-18   4.26430929e-18   3.50285961e-18
  3.91200000e-05  -9.30794846e-05   3.95965177e-04  -3.07694743e-04   6.44245324e-18   4.25907890e-18   3.53202883e-18
  3.92000000e-05  -9.34710892e-05   3.97267517e-04  -3.03478973e-04   6.47771177e-18   4.24894107e-18   3.56692750e-18
  3.92800000e-05  -9.38647100e-05   3.98575976e-04  -2.99268143e-04   6.51318852e-18   4.23850038e-18   3.60214042e-18
  3.93600000e-05  -9.42603456e-05   3.99890535e-04  -2.95062303e-04   6.54887942e-18   4.22775428e-18   3.63766998e-18
  3.94400000e-05  -9.46579944e-05   4.01211175e-04  -2.90861506e-04   6.58478032e-18   4.21670017e-18   3.67351854e-18
  3.95200000e-05  -9.50576548e-05   4.02537876e-04  -2.86665803e-04   6.62088701e-18   4.20533547e-18   3.70968844e-18
  3.96000000e-05  -9.53748188e-05   4.04289169e-04  -2.82192711e-04   6.66803217e-18   4.18970676e-18   3.74882364e-18
  3.96800000e-05  -9.57767695e-05   4.05568429e-04  -2.78025583e-04   6.70314581e-18   4.17782439e-18   3.78522009e-18
  3.97600000e-05  -9.61806442e-05   4.06853919e-04  -2.73863577e-04   6.73846087e-18   4.16561935e-18   3.82193595e-18
  3.98400000e-05  -9.69283225e-05   4.07768020e-04  -2.70037347e-04   6.76367494e-18   4.16290912e-18   3.85839053e-18
  3.99200000e-05  -9.73547508e-05   4.09021410e-04  -2.65876456e-04   6.79848569e-18   4.15035965e-18   3.89549752e-18
  4.00000000e-05  -9.77832757e-05   4.10280882e-04  -2.61721002e-04   6.83348580e-18   4.13748183e-18   3.93292499e-18
  4.00800000e-05  -9.82138951e-05   4.11546417e-04  -2.57571039e-04   6.86867070e-18   4.12427313e-18   3.97067515e-18
  4.01600000e-05  -9.86466068e-05   4.12817993e-04  -2.53426624e-04   6.90403575e-18   4.11073101e-18   4.00875018e-18
  4.02400000e-05  -9.88286303e-05   4.14278345e-04  -2.49174461e-04   6.94422538e-18   4.09062163e-18   4.04683399e-18
  4.03200000e-05  -9.92776554e-05   4.15523572e-04  -2.45093902e-04   6.97876608e-18   4.07709714e-18   4.08535024e-18
  4.04000000e-05  -9.97285569e-05   4.16774891e-04  -2.41019040e-04   7.01347333e-18   4.06322965e-18   4.12419086e-18
  4.04800000e-05  -1.00181331e-04   4.18032282e-04  -2.36949929e-04   7.04834235e-18   4.04901668e-18   4.16335790e-18
  4.05600000e-05  -1.00635975e-04   4.19295721e-04  -2.32886628e-04   7.08336825e-18   4.03445576e-18   4.20285343e-18
  4.06400000e-05  -1.01521349e-04   4.20960139e-04  -2.28718611e-04   7.12756843e-18   4.02758013e-18   4.24910910e-18
  4.07200000e-05  -1.02008298e-04   4.22384529e-04  -2.24639505e-04   7.16615107e-18   4.01267207e-18   4.29080241e-18
  4.08000000e-05  -1.02497365e-04   4.23814906e-04  -2.20566379e-04   7.20486216e-18   3.99741240e-18   4.33286152e-18
  4.08800000e-05  -1.02988545e-04   4.25251246e-04  -2.16499295e-04   7.24369616e-18   3.98179816e-18   4.37528860e-18
  4.09600000e-05  -1.03481837e-04   4.26693522e-04  -2.12438315e-04   7.28264747e-18   3.96582642e-18   4.41808580e-18
  4.10400000e-05  -1.03977235e-04   4.28141707e-04  -2.08383502e-04   7.32171037e-18   3.94949422e-18   4.46125526e-18
  4.11200000e-05  -1.04474736e-04   4.29595774e-04  -2.04334919e-04   7.36087908e-18   3.93279859e-18   4.50479908e-18
  4.12000000e-05  -1.04974337e-04   4.31055696e-04  -2.00292629e-04   7.40014771e-18   3.91573658e-18   4.54871933e-18
  4.12800000e-05  -1.05476034e-04   4.32521444e-04  -1.96256697e-04   7.43951028e-18   3.89830520e-18   4.59301807e-18
  4.13600000e-05  -1.04500805e-04   4.32353739e-04  -1.93221832e-04   7.43776723e-18   3.85888028e-18   4.61204949e-18
  4.14400000e-05  -1.05026832e-04   4.33922847e-04  -1.89206462e-04   7.47927034e-18   3.84125524e-18   4.65779200e-18
  4.15200000e-05  -1.05554282e-04   4.35496830e-04  -1.85197991e-04   7.52081847e-18   3.82324663e-18   4.70392358e-18
  4.16000000e-05  -1.06083148e-04   4.37075653e-04  -1.81196488e-04   7.56240520e-18   3.80485132e-18   4.75044594e-18
  4.16800000e-05  -1.06613425e-04   4.38659282e-04  -1.77202023e-04   7.60402400e-18   3.78606619e-18   4.79736076e-18
  4.17600000e-05  -1.07145104e-04   4.40247681e-04  -1.73214666e-04   7.64566826e-18   3.76688812e-18   4.84466970e-18
  4.18400000e-05  -1.09109840e-04   4.43122197e-04  -1.68429853e-04   7.71950874e-18   3.76906755e-18   4.91529926e-18
  4.19200000e-05  -1.09625412e-04   4.44676284e-04  -1.64484334e-04   7.75995353e-18   3.74888259e-18   4.96309318e-18
  4.20000000e-05  -1.10143047e-04   4.46235698e-04  -1.60545761e-04   7.80042303e-18   3.72830636e-18   5.01128791e-18
  4.20800000e-05  -1.10487824e-04   4.47580116e-04  -1.56726472e-04   7.83557944e-18   3.70484896e-18   5.05645662e-18
  4.21600000e-05  -1.11136874e-04   4.49098311e-04  -1.52763870e-04   7.87534853e-18   3.68570252e-18   5.10592694e-18
  4.22400000e-05  -1.11647659e-04   4.50617431e-04  -1.48863178e-04   7.91461019e-18   3.66383201e-18   5.15465864e-18
  4.23200000e-05  -1.12160259e-04   4.52141167e-04  -1.44969790e-04   7.95386243e-18   3.64155721e-18   5.20377835e-18
  4.24000000e-05  -1.12674667e-04   4.53669479e-04  -1.41083778e-04   7.99309812e-18   3.61887537e-18   5.25328736e-18
  4.24800000e-05  -1.13190876e-04   4.55202327e-04  -1.37205215e-04   8.03231007e-18   3.59578372e-18   5.30318691e-18
  4.25600000e-05  -1.13708879e-04   4.56739670e-04  -1.33334172e-04   8.07149099e-18   3.57227952e-18   5.35347820e-18
  4.26400000e-05  -1.14228667e-04   4.58281469e-04  -1.29470723e-04   8.11063349e-18   3.54836005e-18   5.40416235e-18
  4.27200000e-05  -1.14750235e-04   4.59827681e-04  -1.25614941e-04   8.14973010e-18   3.52402262e-18   5.45524047e-18
  4.28000000e-05  -1.15273573e-04   4.61378265e-04  -1.21766902e-04   8.18877326e-18   3.49926455e-18   5.50671360e-18
  4.28800000e-05  -1.15798675e-04   4.62933176e-04  -1.17926679e-04   8.22775533e-18   3.47408318e-18   5.55858274e-18
  4.29600000e-05  -1.16735039e-04   4.65677696e-04  -1.14317347e-04   8.28830042e-18   3.45882094e-18   5.62609882e-18
  4.30400000e-05  -1.17233170e-04   4.67209093e-04  -1.10471656e-04   8.32655825e-18   3.43196861e-18   5.67836268e-18
  4.31200000e-05  -1.17733364e-04   4.68745465e-04  -1.06634208e-04   8.36475101e-18   3.40469198e-18   5.73102817e-18
  4.32000000e-05  -1.18235615e-04   4.70286768e-04  -1.02805082e-04   8.40287055e-18   3.37698862e-18   5.78409631e-18
  4.32800000e-05  -1.18739915e-04   4.71832957e-04  -9.89843568e-05   8.44090864e-18   3.34885613e-18   5.83756804e-18
  4.33600000e-05  -1.19246256e-04   4.73383989e-04  -9.51721099e-05   8.47885695e-18   3.32029213e-18   5.89144428e-18
  4.34400000e-05  -1.19754631e-04   4.74939817e-04  -9.13684213e-05   8.51670707e-18   3.29129428e-18   5.94572586e-18
  4.35200000e-05  -1.20265032e-04   4.76500395e-04  -8.75733708e-05   8.55445049e-18   3.26186027e-18   6.00041357e-18
  4.36000000e-05  -1.20777450e-04   4.78065676e-04  -8.37870392e-05   8.59207862e-18   3.23198783e-18   6.05550813e-18
  4.36800000e-05  -1.20713716e-04   4.78561996e-04  -8.00404084e-05   8.60851995e-18   3.19079874e-18   6.09477870e-18
  4.37600000e-05  -1.21211601e-04   4.80155379e-04  -7.62866514e-05   8.64624739e-18   3.15987584e-18   6.15056349e-18
  4.38400000e-05  -1.21734646e-04   4.81745667e-04  -7.26547404e-05   8.68273285e-18   3.13017488e-18   6.20687334e-18
  4.39200000e-05  -1.22261427e-04   4.83310561e-04  -6.90099488e-05   8.71867525e-18   3.09984152e-18   6.26327759e-18
  4.40000000e-05  -1.22789663e-04   4.84879827e-04  -6.53741919e-05   8.75445497e-18   3.06906293e-18   6.32008008e-18
  4.40800000e-05  -1.23319343e-04   4.86453417e-04  -6.17475519e-05   8.79006324e-18   3.03783726e-18   6.37728104e-18
  4.41600000e-05  -1.23850456e-04   4.88031281e-04  -5.81301115e-05   8.82549121e-18   3.00616272e-18   6.43488065e-18
  4.42400000e-05  -1.24382992e-04   4.89613369e-04  -5.45219540e-05   8.86072994e-18   2.97403756e-18   6.49287899e-18
  4.43200000e-05  -1.24916938e-04   4.91199630e-04  -5.09231632e-05   8.89577042e-18   2.94146008e-18   6.55127609e-18
  4.44000000e-05  -1.25452284e-04   4.92790013e-04  -4.73338235e-05   8.93060354e-18   2.90842865e-18   6.61007191e-18
  4.44800000e-05  -1.25989018e-04   4.94384465e-04  -4.37540201e-05   8.96522013e-18   2.87494167e-18   6.66926633e-18
  4.45600000e-05  -1.26527129e-04   4.95982933e-04  -4.01838384e-05   8.99961093e-18   2.84099760e-18   6.72885915e-18
