       time             b_x              b_y              b_z              F_x              F_y              F_z
  0.00000000e+00  -2.40409187e-06   8.28653165e-05  -2.70023159e-03  -6.04529778e-18  -1.78840181e-18  -4.95005805e-20
  8.00000000e-08  -2.40514845e-06   8.35511641e-05  -2.69524619e-03  -5.97626632e-18  -1.90912007e-18  -5.38486604e-20
  1.60000000e-07  -2.40599444e-06   8.42341932e-05  -2.69026185e-03  -5.90497273e-18  -2.02793818e-18  -5.82153015e-20
  2.40000000e-07  -2.40662565e-06   8.49142171e-05  -2.68527862e-03  -5.83147463e-18  -2.14481850e-18  -6.25973806e-20
  3.20000000e-07  -2.40703808e-06   8.55910523e-05  -2.68029654e-03  -5.75582998e-18  -2.25972494e-18  -6.69917416e-20
  4.00000000e-07  -2.40722781e-06   8.62645180e-05  -2.67531567e-03  -5.67809714e-18  -2.37262291e-18  -7.13952003e-20
  4.80000000e-07  -2.36809509e-06   8.71398706e-05  -2.67016318e-03  -5.59302164e-18  -2.48418998e-18  -7.61103996e-20
  5.60000000e-07  -2.37794938e-06   8.77926223e-05  -2.66520576e-03  -5.51165490e-18  -2.59264494e-18  -8.04848412e-20
  6.40000000e-07  -2.38762064e-06   8.84412390e-05  -2.66024987e-03  -5.42838885e-18  -2.69900565e-18  -8.48576193e-20
  7.20000000e-07  -2.39710663e-06   8.90855506e-05  -2.65529555e-03  -5.34328260e-18  -2.80324372e-18  -8.92255070e-20
  8.00000000e-07  -2.40640523e-06   8.97253902e-05  -2.65034285e-03  -5.25639540e-18  -2.90533225e-18  -9.35852707e-20
  8.80000000e-07  -2.41551443e-06   9.03605945e-05  -2.64539180e-03  -5.16778659e-18  -3.00524584e-18  -9.79336740e-20
  9.60000000e-07  -2.42443230e-06   9.09910036e-05  -2.64044243e-03  -5.07751562e-18  -3.10296052e-18  -1.02267482e-19
  1.04000000e-06  -2.43315703e-06   9.16164613e-05  -2.63549480e-03  -4.98564197e-18  -3.19845377e-18  -1.06583465e-19
  1.12000000e-06  -2.44168692e-06   9.22368146e-05  -2.63054892e-03  -4.89222515e-18  -3.29170455e-18  -1.10878402e-19
  1.20000000e-06  -2.47590872e-06   9.30061793e-05  -2.62567572e-03  -4.79391097e-18  -3.38211485e-18  -1.15280151e-19
  1.28000000e-06  -2.45153295e-06   9.35536912e-05  -2.62062122e-03  -4.69875236e-18  -3.47137979e-18  -1.19529386e-19
  1.36000000e-06  -2.42691164e-06   9.40954893e-05  -2.61556844e-03  -4.60222720e-18  -3.55836405e-18  -1.23742435e-19
  1.44000000e-06  -2.40204328e-06   9.46314334e-05  -2.61051738e-03  -4.50439472e-18  -3.64305226e-18  -1.27916216e-19
  1.52000000e-06  -2.37692646e-06   9.51613869e-05  -2.60546809e-03  -4.40531401e-18  -3.72543047e-18  -1.32047682e-19
  1.60000000e-06  -2.35155989e-06   9.56852173e-05  -2.60042060e-03  -4.30504394e-18  -3.80548608e-18  -1.36133821e-19
  1.68000000e-06  -2.32594242e-06   9.62027955e-05  -2.59537493e-03  -4.20364319e-18  -3.88320782e-18  -1.40171662e-19
  1.76000000e-06  -2.30007301e-06   9.67139964e-05  -2.59033110e-03  -4.10117018e-18  -3.95858579e-18  -1.44158274e-19
  1.84000000e-06  -2.22496607e-06   9.67595209e-05  -2.58538026e-03  -4.00866105e-18  -4.03296466e-18  -1.47486464e-19
  1.92000000e-06  -2.22419034e-06   9.72766986e-05  -2.58039523e-03  -3.90387629e-18  -4.10333542e-18  -1.51324089e-19
  2.00000000e-06  -2.22319992e-06   9.77874937e-05  -2.57541208e-03  -3.79818700e-18  -4.17133497e-18  -1.55105377e-19
  2.08000000e-06  -2.22199430e-06   9.82917960e-05  -2.57043085e-03  -3.69165034e-18  -4.23695833e-18  -1.58827622e-19
  2.16000000e-06  -2.22057310e-06   9.87894990e-05  -2.56545154e-03  -3.58432310e-18  -4.30020176e-18  -1.62488170e-19
  2.24000000e-06  -2.21893601e-06   9.92804998e-05  -2.56047417e-03  -3.47626167e-18  -4.36106275e-18  -1.66084427e-19
  2.32000000e-06  -2.21708285e-06   9.97646995e-05  -2.55549877e-03  -3.36752202e-18  -4.41953998e-18  -1.69613857e-19
  2.40000000e-06  -2.21501351e-06   1.00242003e-04  -2.55052535e-03  -3.25815968e-18  -4.47563333e-18  -1.73073983e-19
  2.48000000e-06  -2.21272799e-06   1.00712318e-04  -2.54555393e-03  -3.14822973e-18  -4.52934385e-18  -1.76462394e-19
  2.56000000e-06  -2.21063730e-06   1.01679262e-04  -2.54059537e-03  -3.02598874e-18  -4.58051595e-18  -1.80687614e-19
  2.64000000e-06  -2.57053279e-06   1.01341198e-04  -2.53624760e-03  -2.93507715e-18  -4.62204111e-18  -1.81708785e-19
  2.72000000e-06  -2.60148966e-06   1.01907331e-04  -2.53122910e-03  -2.82104203e-18  -4.66787275e-18  -1.85029297e-19
  2.80000000e-06  -2.63218052e-06   1.02465966e-04  -2.52621248e-03  -2.70667596e-18  -4.71128181e-18  -1.88274574e-19
  2.88000000e-06  -2.66260668e-06   1.03017029e-04  -2.52119775e-03  -2.59203237e-18  -4.75227571e-18  -1.91442247e-19
  2.96000000e-06  -2.69276954e-06   1.03560455e-04  -2.51618493e-03  -2.47716407e-18  -4.79086291e-18  -1.94530022e-19
  3.04000000e-06  -2.72267061e-06   1.04096178e-04  -2.51117401e-03  -2.36212325e-18  -4.82705291e-18  -1.97535683e-19
  3.12000000e-06  -2.75231149e-06   1.04624139e-04  -2.50616502e-03  -2.24696141e-18  -4.86085622e-18  -2.00457096e-19
  3.20000000e-06  -2.04556955e-06   1.04715779e-04  -2.50067142e-03  -2.14082663e-18  -4.90862883e-18  -2.03797940e-19
  3.28000000e-06  -2.11939102e-06   1.05236304e-04  -2.49567662e-03  -2.02511398e-18  -4.93682890e-18  -2.06453679e-19
  3.36000000e-06  -2.19307906e-06   1.05748963e-04  -2.49068379e-03  -1.90944684e-18  -4.96266815e-18  -2.09022696e-19
  3.44000000e-06  -2.26663349e-06   1.06253710e-04  -2.48569293e-03  -1.79387405e-18  -4.98616131e-18  -2.11503229e-19
  3.52000000e-06  -2.34005422e-06   1.06750505e-04  -2.48070404e-03  -1.67844368e-18  -5.00732397e-18  -2.13893598e-19
  3.60000000e-06  -2.41334119e-06   1.07239311e-04  -2.47571711e-03  -1.56320309e-18  -5.02617261e-18  -2.16192207e-19
  3.68000000e-06  -2.48649441e-06   1.07720096e-04  -2.47073216e-03  -1.44819886e-18  -5.04272457e-18  -2.18397544e-19
  3.76000000e-06  -2.55951395e-06   1.08192829e-04  -2.46574917e-03  -1.33347680e-18  -5.05699800e-18  -2.20508183e-19
  3.84000000e-06  -2.63239995e-06   1.08657486e-04  -2.46076815e-03  -1.21908192e-18  -5.06901186e-18  -2.22522782e-19
  3.92000000e-06  -2.95303651e-06   1.10510395e-04  -2.45549194e-03  -1.07191772e-18  -5.07190748e-18  -2.26974105e-19
  4.00000000e-06  -2.94035072e-06   1.10768146e-04  -2.45043616e-03  -9.62796941e-19  -5.08071781e-18  -2.28510638e-19
  4.08000000e-06  -2.92746347e-06   1.11017506e-04  -2.44538236e-03  -8.54121922e-19  -5.08741750e-18  -2.29940315e-19
  4.16000000e-06  -2.91437563e-06   1.11258465e-04  -2.44033053e-03  -7.45932942e-19  -5.09202795e-18  -2.31262642e-19
  4.24000000e-06  -2.90108815e-06   1.11491018e-04  -2.43528067e-03  -6.38269472e-19  -5.09457119e-18  -2.32477209e-19
  4.32000000e-06  -2.88760202e-06   1.11715162e-04  -2.43023277e-03  -5.31170166e-19  -5.09506989e-18  -2.33583696e-19
  4.40000000e-06  -2.87391835e-06   1.11930898e-04  -2.42518682e-03  -4.24672855e-19  -5.09354735e-18  -2.34581868e-19
  4.48000000e-06  -2.86003828e-06   1.12138230e-04  -2.42014283e-03  -3.18814541e-19  -5.09002745e-18  -2.35471577e-19
  4.56000000e-06  -3.21646164e-06   1.12124632e-04  -2.41567042e-03  -2.19317567e-19  -5.07705976e-18  -2.35362417e-19
  4.64000000e-06  -3.18099383e-06   1.12307360e-04  -2.41063897e-03  -1.15149842e-19  -5.07024353e-18  -2.36061635e-19
  4.72000000e-06  -3.14529369e-06   1.12481780e-04  -2.40560937e-03  -1.17128119e-20  -5.06151036e-18  -2.36651412e-19
  4.80000000e-06  -3.10936401e-06   1.12647906e-04  -2.40058161e-03   9.09598499e-20  -5.05088592e-18  -2.37131929e-19
  4.88000000e-06  -3.07320764e-06   1.12805757e-04  -2.39555569e-03   1.92835310e-19  -5.03839637e-18  -2.37503449e-19
  4.96000000e-06  -3.03682751e-06   1.12955355e-04  -2.39053159e-03   2.93881577e-19  -5.02406835e-18  -2.37766316e-19
  5.04000000e-06  -3.00022660e-06   1.13096725e-04  -2.38550931e-03   3.94067505e-19  -5.00792891e-18  -2.37920954e-19
  5.12000000e-06  -2.96340798e-06   1.13229894e-04  -2.38048883e-03   4.93362793e-19  -4.99000554e-18  -2.37967861e-19
  5.20000000e-06  -2.92637474e-06   1.13354894e-04  -2.37547015e-03   5.91737987e-19  -4.97032612e-18  -2.37907616e-19
  5.28000000e-06  -2.33087258e-06   1.12866053e-04  -2.37045167e-03   6.75074148e-19  -4.96220213e-18  -2.36932769e-19
  5.36000000e-06  -2.31288833e-06   1.12999731e-04  -2.36552812e-03   7.72275526e-19  -4.93908063e-18  -2.36691741e-19
  5.44000000e-06  -2.29479463e-06   1.13125445e-04  -2.36060633e-03   8.68481377e-19  -4.91427072e-18  -2.36346925e-19
  5.52000000e-06  -2.27659318e-06   1.13243235e-04  -2.35568628e-03   9.63665217e-19  -4.88780145e-18  -2.35899120e-19
  5.60000000e-06  -2.25828571e-06   1.13353144e-04  -2.35076796e-03   1.05780140e-18  -4.85970219e-18  -2.35349192e-19
  5.68000000e-06  -2.23987396e-06   1.13455218e-04  -2.34585135e-03   1.15086513e-18  -4.83000259e-18  -2.34698071e-19
  5.76000000e-06  -2.22135972e-06   1.13549504e-04  -2.34093643e-03   1.24283242e-18  -4.79873256e-18  -2.33946754e-19
  5.84000000e-06  -2.20274480e-06   1.13636054e-04  -2.33602319e-03   1.33368013e-18  -4.76592227e-18  -2.33096297e-19
  5.92000000e-06  -2.21693737e-06   1.13635531e-04  -2.33107294e-03   1.42153744e-18  -4.73075226e-18  -2.31967433e-19
  6.00000000e-06  -2.18082193e-06   1.13791856e-04  -2.32614172e-03   1.51207909e-18  -4.69533209e-18  -2.31107212e-19
  6.08000000e-06  -2.14461635e-06   1.13940595e-04  -2.32121212e-03   1.60144180e-18  -4.65842824e-18  -2.30146379e-19
  6.16000000e-06  -2.10832278e-06   1.14081808e-04  -2.31628410e-03   1.68960503e-18  -4.62007187e-18  -2.29086054e-19
  6.24000000e-06  -2.07194338e-06   1.14215555e-04  -2.31135764e-03   1.77654909e-18  -4.58029430e-18  -2.27927412e-19
  6.32000000e-06  -2.03548033e-06   1.14341901e-04  -2.30643273e-03   1.86225511e-18  -4.53912702e-18  -2.26671686e-19
  6.40000000e-06  -1.99893585e-06   1.14460912e-04  -2.30150935e-03   1.94670504e-18  -4.49660163e-18  -2.25320163e-19
  6.48000000e-06  -1.96231214e-06   1.14572655e-04  -2.29658748e-03   2.02988163e-18  -4.45274988e-18  -2.23874180e-19
  6.56000000e-06  -1.92561144e-06   1.14677202e-04  -2.29166709e-03   2.11176845e-18  -4.40760359e-18  -2.22335126e-19
  6.64000000e-06  -2.14064007e-06   1.15051605e-04  -2.28712827e-03   2.19873456e-18  -4.35594225e-18  -2.21179045e-19
  6.72000000e-06  -2.14093371e-06   1.15275207e-04  -2.28215334e-03   2.28105534e-18  -4.30717330e-18  -2.19702100e-19
  6.80000000e-06  -2.14114746e-06   1.15491758e-04  -2.27717978e-03   2.36201706e-18  -4.25715497e-18  -2.18131104e-19
  6.88000000e-06  -2.14128461e-06   1.15701340e-04  -2.27220758e-03   2.44160582e-18  -4.20592019e-18  -2.16467359e-19
  6.96000000e-06  -2.14134847e-06   1.15904033e-04  -2.26723671e-03   2.51980848e-18  -4.15350192e-18  -2.14712214e-19
  7.04000000e-06  -2.14134235e-06   1.16099923e-04  -2.26226715e-03   2.59661274e-18  -4.09993313e-18  -2.12867061e-19
  7.12000000e-06  -2.14126956e-06   1.16289096e-04  -2.25729888e-03   2.67200707e-18  -4.04524675e-18  -2.10933333e-19
  7.20000000e-06  -2.14113342e-06   1.16471639e-04  -2.25233188e-03   2.74598072e-18  -3.98947573e-18  -2.08912503e-19
  7.28000000e-06  -1.96756486e-06   1.17628795e-04  -2.24768126e-03   2.84165133e-18  -3.93725958e-18  -2.08537680e-19
  7.36000000e-06  -2.00350320e-06   1.17658796e-04  -2.24265614e-03   2.90954337e-18  -3.87808281e-18  -2.06059157e-19
  7.44000000e-06  -2.03936078e-06   1.17682364e-04  -2.23763213e-03   2.97595817e-18  -3.81797976e-18  -2.03508848e-19
  7.52000000e-06  -2.07513987e-06   1.17699602e-04  -2.23260920e-03   3.04088942e-18  -3.75698335e-18  -2.00888591e-19
  7.60000000e-06  -2.11084275e-06   1.17710612e-04  -2.22758734e-03   3.10433157e-18  -3.69512638e-18  -1.98200239e-19
  7.68000000e-06  -2.14647173e-06   1.17715497e-04  -2.22256652e-03   3.16627978e-18  -3.63244150e-18  -1.95445663e-19
  7.76000000e-06  -2.18202910e-06   1.17714364e-04  -2.21754672e-03   3.22672991e-18  -3.56896120e-18  -1.92626749e-19
  7.84000000e-06  -2.21751717e-06   1.17707318e-04  -2.21252792e-03   3.28567856e-18  -3.50471781e-18  -1.89745395e-19
  7.92000000e-06  -2.25293827e-06   1.17694469e-04  -2.20751009e-03   3.34312298e-18  -3.43974349e-18  -1.86803510e-19
  8.00000000e-06  -2.43894158e-06   1.16788127e-04  -2.20266234e-03   3.37815000e-18  -3.37098627e-18  -1.82474760e-19
  8.08000000e-06  -2.42448477e-06   1.16701213e-04  -2.19762239e-03   3.43105587e-18  -3.30614154e-18  -1.79352591e-19
  8.16000000e-06  -2.40995768e-06   1.16608850e-04  -2.19258333e-03   3.48247799e-18  -3.24068646e-18  -1.76178183e-19
  8.24000000e-06  -2.39536336e-06   1.16511146e-04  -2.18754516e-03   3.53241644e-18  -3.17465176e-18  -1.72953566e-19
  8.32000000e-06  -2.38070489e-06   1.16408207e-04  -2.18250784e-03   3.58087193e-18  -3.10806796e-18  -1.69680773e-19
  8.40000000e-06  -2.36598533e-06   1.16300142e-04  -2.17747135e-03   3.62784578e-18  -3.04096529e-18  -1.66361832e-19
  8.48000000e-06  -2.35120774e-06   1.16187059e-04  -2.17243568e-03   3.67333992e-18  -2.97337378e-18  -1.62998768e-19
  8.56000000e-06  -2.33637518e-06   1.16069069e-04  -2.16740080e-03   3.71735686e-18  -2.90532315e-18  -1.59593599e-19
  8.64000000e-06  -2.45572677e-06   1.16075874e-04  -2.16198229e-03   3.76276720e-18  -2.83315937e-18  -1.56385082e-19
  8.72000000e-06  -2.45199891e-06   1.15939317e-04  -2.15704167e-03   3.80360113e-18  -2.76410131e-18  -1.52892013e-19
  8.80000000e-06  -2.44826198e-06   1.15798163e-04  -2.15210180e-03   3.84296967e-18  -2.69466962e-18  -1.49363933e-19
  8.88000000e-06  -2.44451963e-06   1.15652525e-04  -2.14716264e-03   3.88087746e-18  -2.62489275e-18  -1.45802814e-19
  8.96000000e-06  -2.44077552e-06   1.15502517e-04  -2.14222417e-03   3.91732964e-18  -2.55479886e-18  -1.42210617e-19
  9.04000000e-06  -2.43703326e-06   1.15348254e-04  -2.13728636e-03   3.95233191e-18  -2.48441577e-18  -1.38589284e-19
  9.12000000e-06  -2.43329644e-06   1.15189852e-04  -2.13234920e-03   3.98589044e-18  -2.41377101e-18  -1.34940740e-19
  9.20000000e-06  -2.42956863e-06   1.15027425e-04  -2.12741266e-03   4.01801192e-18  -2.34289179e-18  -1.31266891e-19
  9.28000000e-06  -2.42585335e-06   1.14861090e-04  -2.12247671e-03   4.04870352e-18  -2.27180498e-18  -1.27569625e-19
  9.36000000e-06  -2.26159658e-06   1.15793844e-04  -2.11783734e-03   4.10422086e-18  -2.20438288e-18  -1.24908582e-19
  9.44000000e-06  -2.28462404e-06   1.15599546e-04  -2.11284073e-03   4.13161147e-18  -2.13183647e-18  -1.21106387e-19
  9.52000000e-06  -2.30765683e-06   1.15401744e-04  -2.10784463e-03   4.15757721e-18  -2.05917493e-18  -1.17288834e-19
  9.60000000e-06  -2.33069762e-06   1.15200560e-04  -2.10284903e-03   4.18212770e-18  -1.98642406e-18  -1.13457712e-19
  9.68000000e-06  -2.35374907e-06   1.14996120e-04  -2.09785390e-03   4.20527299e-18  -1.91360931e-18  -1.09614784e-19
  9.76000000e-06  -2.37681380e-06   1.14788546e-04  -2.09285922e-03   4.22702352e-18  -1.84075574e-18  -1.05761783e-19
  9.84000000e-06  -2.39989442e-06   1.14577962e-04  -2.08786496e-03   4.24739019e-18  -1.76788804e-18  -1.01900411e-19
  9.92000000e-06  -2.42299351e-06   1.14364493e-04  -2.08287111e-03   4.26638424e-18  -1.69503051e-18  -9.80323392e-20
  1.00000000e-05  -2.47615755e-06   1.12944440e-04  -2.07836870e-03   4.25598879e-18  -1.62194510e-18  -9.32116520e-20
  1.00800000e-05  -2.47929636e-06   1.12854075e-04  -2.07334624e-03   4.27528925e-18  -1.55003360e-18  -8.94820716e-20
  1.01600000e-05  -2.48244086e-06   1.12761094e-04  -2.06832414e-03   4.29326327e-18  -1.47815526e-18  -8.57390644e-20
  1.02400000e-05  -2.48559375e-06   1.12665614e-04  -2.06330237e-03   4.30992262e-18  -1.40633302e-18  -8.19841491e-20
  1.03200000e-05  -2.48875767e-06   1.12567751e-04  -2.05828091e-03   4.32527940e-18  -1.33458939e-18  -7.82188174e-20
  1.04000000e-05  -2.49193529e-06   1.12467623e-04  -2.05325974e-03   4.33934604e-18  -1.26294652e-18  -7.44445332e-20
  1.04800000e-05  -2.49512922e-06   1.12365346e-04  -2.04823885e-03   4.35213533e-18  -1.19142616e-18  -7.06627322e-20
  1.05600000e-05  -2.49834206e-06   1.12261037e-04  -2.04321820e-03   4.36366035e-18  -1.12004965e-18  -6.68748210e-20
  1.06400000e-05  -2.50157640e-06   1.12154812e-04  -2.03819779e-03   4.37393448e-18  -1.04883794e-18  -6.30821767e-20
  1.07200000e-05  -2.55788562e-06   1.11755723e-04  -2.03318076e-03   4.37609379e-18  -9.76624512e-19  -5.91865358e-20
  1.08000000e-05  -2.57157193e-06   1.11594757e-04  -2.02822305e-03   4.38273216e-18  -9.05703588e-19  -5.53895112e-20
  1.08800000e-05  -2.58529135e-06   1.11432206e-04  -2.02326544e-03   4.38816055e-18  -8.35021234e-19  -5.15962609e-20
  1.09600000e-05  -2.59904650e-06   1.11268183e-04  -2.01830792e-03   4.39239356e-18  -7.64596658e-19  -4.78080253e-20
  1.10400000e-05  -2.61284002e-06   1.11102803e-04  -2.01335047e-03   4.39544603e-18  -6.94448664e-19  -4.40260111e-20
  1.11200000e-05  -2.62667451e-06   1.10936178e-04  -2.00839307e-03   4.39733307e-18  -6.24595643e-19  -4.02513918e-20
  1.12000000e-05  -2.64055252e-06   1.10768423e-04  -2.00343570e-03   4.39806999e-18  -5.55055584e-19  -3.64853069e-20
  1.12800000e-05  -2.65447659e-06   1.10599648e-04  -1.99847833e-03   4.39767231e-18  -4.85846063e-19  -3.27288622e-20
  1.13600000e-05  -2.80494424e-06   1.11439401e-04  -1.99362385e-03   4.42006661e-18  -4.13736465e-19  -2.93458489e-20
  1.14400000e-05  -2.79146399e-06   1.11180750e-04  -1.98864486e-03   4.41530001e-18  -3.45532433e-19  -2.55157203e-20
  1.15200000e-05  -2.77807091e-06   1.10921612e-04  -1.98366582e-03   4.40945594e-18  -2.77744203e-19  -2.17060835e-20
  1.16000000e-05  -2.76476786e-06   1.10662102e-04  -1.97868671e-03   4.40255131e-18  -2.10387309e-19  -1.79179119e-20
  1.16800000e-05  -2.75155766e-06   1.10402331e-04  -1.97370752e-03   4.39460317e-18  -1.43476872e-19  -1.41521400e-20
  1.17600000e-05  -2.73844308e-06   1.10142413e-04  -1.96872822e-03   4.38562872e-18  -7.70275942e-20  -1.04096642e-20
  1.18400000e-05  -2.72542686e-06   1.09882458e-04  -1.96374880e-03   4.37564531e-18  -1.10537648e-20  -6.69134266e-21
  1.19200000e-05  -2.71251166e-06   1.09622577e-04  -1.95876924e-03   4.36467038e-18   5.44307400e-20  -2.99799550e-21
  1.20000000e-05  -2.69970015e-06   1.09362879e-04  -1.95378952e-03   4.35272150e-18   1.19412456e-19   6.69594673e-22
  1.20800000e-05  -2.42004801e-06   1.08841318e-04  -1.94910593e-03   4.33395864e-18   1.77526854e-19   4.53226719e-21
  1.21600000e-05  -2.40980272e-06   1.08734899e-04  -1.94410206e-03   4.32378888e-18   2.41467595e-19   8.14590792e-21
  1.22400000e-05  -2.39961514e-06   1.08628880e-04  -1.93909804e-03   4.31269500e-18   3.04919623e-19   1.17447743e-20
  1.23200000e-05  -2.38948690e-06   1.08523365e-04  -1.93409386e-03   4.30069414e-18   3.67870616e-19   1.53281624e-20
  1.24000000e-05  -2.37941961e-06   1.08418459e-04  -1.92908951e-03   4.28780354e-18   4.30308641e-19   1.88953990e-20
  1.24800000e-05  -2.36941486e-06   1.08314266e-04  -1.92408497e-03   4.27404051e-18   4.92222157e-19   2.24458416e-20
  1.25600000e-05  -2.35947420e-06   1.08210887e-04  -1.91908022e-03   4.25942242e-18   5.53600011e-19   2.59788779e-20
  1.26400000e-05  -2.34959916e-06   1.08108423e-04  -1.91407525e-03   4.24396670e-18   6.14431434e-19   2.94939257e-20
  1.27200000e-05  -2.44758480e-06   1.08096498e-04  -1.90867498e-03   4.22945030e-18   6.77126172e-19   3.29249505e-20
  1.28000000e-05  -2.40307085e-06   1.08036272e-04  -1.90368450e-03   4.21330416e-18   7.36038187e-19   3.64524442e-20
  1.28800000e-05  -2.35867611e-06   1.07977253e-04  -1.89869365e-03   4.19638426e-18   7.94389379e-19   3.99633042e-20
  1.29600000e-05  -2.31440221e-06   1.07919539e-04  -1.89370239e-03   4.17870784e-18   8.52170542e-19   4.34570086e-20
  1.30400000e-05  -2.27025073e-06   1.07863225e-04  -1.88871073e-03   4.16029214e-18   9.09372831e-19   4.69330630e-20
  1.31200000e-05  -2.22622321e-06   1.07808406e-04  -1.88371865e-03   4.14115444e-18   9.65987766e-19   5.03910002e-20
  1.32000000e-05  -2.18232116e-06   1.07755176e-04  -1.87872613e-03   4.12131202e-18   1.02200722e-18   5.38303801e-20
  1.32800000e-05  -2.13854606e-06   1.07703628e-04  -1.87373315e-03   4.10078216e-18   1.07742343e-18   5.72507890e-20
  1.33600000e-05  -2.09489934e-06   1.07653855e-04  -1.86873971e-03   4.07958213e-18   1.13222898e-18   6.06518391e-20
  1.34400000e-05  -1.99024484e-06   1.08034554e-04  -1.86389937e-03   4.06798354e-18   1.18518113e-18   6.43512378e-20
  1.35200000e-05  -1.97696437e-06   1.07822604e-04  -1.85877336e-03   4.04148198e-18   1.23949246e-18   6.76012694e-20
  1.36000000e-05  -1.96379474e-06   1.07612832e-04  -1.85364692e-03   4.01435775e-18   1.29310665e-18   7.08179600e-20
  1.36800000e-05  -1.95073695e-06   1.07405329e-04  -1.84852003e-03   3.98662931e-18   1.34601813e-18   7.40011753e-20
  1.37600000e-05  -1.93779194e-06   1.07200186e-04  -1.84339268e-03   3.95831507e-18   1.39822170e-18   7.71508080e-20
  1.38400000e-05  -1.92496065e-06   1.06997490e-04  -1.83826486e-03   3.92943334e-18   1.44971251e-18   8.02667771e-20
  1.39200000e-05  -1.91224398e-06   1.06797328e-04  -1.83313655e-03   3.90000238e-18   1.50048607e-18   8.33490271e-20
  1.40000000e-05  -1.89964280e-06   1.06599787e-04  -1.82800774e-03   3.87004038e-18   1.55053822e-18   8.63975277e-20
  1.40800000e-05  -1.65455943e-06   1.05797924e-04  -1.82321791e-03   3.82550512e-18   1.59462880e-18   8.90617025e-20
  1.41600000e-05  -1.67361617e-06   1.05532696e-04  -1.81813020e-03   3.79290418e-18   1.64380856e-18   9.19228350e-20
  1.42400000e-05  -1.69270227e-06   1.05270187e-04  -1.81304203e-03   3.75981336e-18   1.69223513e-18   9.47455495e-20
  1.43200000e-05  -1.71181834e-06   1.05010478e-04  -1.80795339e-03   3.72625077e-18   1.73990566e-18   9.75299812e-20
  1.44000000e-05  -1.73096497e-06   1.04753647e-04  -1.80286426e-03   3.69223441e-18   1.78681762e-18   1.00276287e-19
  1.44800000e-05  -1.75014273e-06   1.04499773e-04  -1.79777464e-03   3.65778217e-18   1.83296881e-18   1.02984644e-19
  1.45600000e-05  -1.76935220e-06   1.04248931e-04  -1.79268452e-03   3.62291182e-18   1.87835731e-18   1.05655252e-19
  1.46400000e-05  -1.78859393e-06   1.04001198e-04  -1.78759389e-03   3.58764100e-18   1.92298154e-18   1.08288327e-19
  1.47200000e-05  -1.80786847e-06   1.03756647e-04  -1.78250273e-03   3.55198722e-18   1.96684021e-18   1.10884105e-19
  1.48000000e-05  -2.26177499e-06   1.03382144e-04  -1.77739745e-03   3.51271749e-18   2.02013426e-18   1.13030900e-19
  1.48800000e-05  -2.25009398e-06   1.03181826e-04  -1.77241288e-03   3.47716808e-18   2.06181022e-18   1.15614929e-19
  1.49600000e-05  -2.23858775e-06   1.02984878e-04  -1.76742773e-03   3.44129263e-18   2.10273889e-18   1.18164194e-19
  1.50400000e-05  -2.22725734e-06   1.02791366e-04  -1.76244197e-03   3.40510763e-18   2.14292003e-18   1.20678939e-19
  1.51200000e-05  -2.21610377e-06   1.02601357e-04  -1.75745560e-03   3.36862941e-18   2.18235370e-18   1.23159424e-19
  1.52000000e-05  -2.20512798e-06   1.02414916e-04  -1.75246861e-03   3.33187415e-18   2.22104019e-18   1.25605922e-19
  1.52800000e-05  -2.19433091e-06   1.02232107e-04  -1.74748100e-03   3.29485790e-18   2.25898005e-18   1.28018720e-19
  1.53600000e-05  -2.18371344e-06   1.02052991e-04  -1.74249276e-03   3.25759654e-18   2.29617412e-18   1.30398120e-19
  1.54400000e-05  -1.98627010e-06   1.01982277e-04  -1.73788418e-03   3.22276385e-18   2.32871992e-18   1.32970242e-19
  1.55200000e-05  -2.03285046e-06   1.01935542e-04  -1.73284181e-03   3.18801403e-18   2.36575968e-18   1.35427388e-19
  1.56000000e-05  -2.07954838e-06   1.01892687e-04  -1.72779891e-03   3.15304930e-18   2.40209211e-18   1.37862513e-19
  1.56800000e-05  -2.12636453e-06   1.01853771e-04  -1.72275548e-03   3.11788469e-18   2.43771849e-18   1.40275891e-19
  1.57600000e-05  -2.17329959e-06   1.01818853e-04  -1.71771151e-03   3.08253509e-18   2.47264030e-18   1.42667803e-19
  1.58400000e-05  -2.22035417e-06   1.01787992e-04  -1.71266700e-03   3.04701523e-18   2.50685928e-18   1.45038540e-19
  1.59200000e-05  -2.26752890e-06   1.01761245e-04  -1.70762193e-03   3.01133967e-18   2.54037736e-18   1.47388400e-19
  1.60000000e-05  -2.31482435e-06   1.01738667e-04  -1.70257631e-03   2.97552283e-18   2.57319670e-18   1.49717689e-19
  1.60800000e-05  -2.36224109e-06   1.01720313e-04  -1.69753013e-03   2.93957894e-18   2.60531967e-18   1.52026720e-19
  1.61600000e-05  -2.53687468e-06   1.01966912e-04  -1.69224600e-03   2.90956648e-18   2.63943228e-18   1.54678194e-19
  1.62400000e-05  -2.53591154e-06   1.02042666e-04  -1.68723341e-03   2.87541147e-18   2.66916365e-18   1.57107359e-19
  1.63200000e-05  -2.53512274e-06   1.02122857e-04  -1.68222017e-03   2.84118371e-18   2.69823505e-18   1.59520572e-19
  1.64000000e-05  -2.53450881e-06   1.02207536e-04  -1.67720626e-03   2.80689624e-18   2.72664955e-18   1.61918086e-19
  1.64800000e-05  -2.53407020e-06   1.02296748e-04  -1.67219168e-03   2.77256190e-18   2.75441036e-18   1.64300157e-19
  1.65600000e-05  -2.53380737e-06   1.02390541e-04  -1.66717643e-03   2.73819340e-18   2.78152089e-18   1.66667048e-19
  1.66400000e-05  -2.53372072e-06   1.02488959e-04  -1.66216050e-03   2.70380326e-18   2.80798471e-18   1.69019026e-19
  1.67200000e-05  -2.53381064e-06   1.02592048e-04  -1.65714389e-03   2.66940381e-18   2.83380554e-18   1.71356362e-19
  1.68000000e-05  -2.65506012e-06   1.03166044e-04  -1.65217900e-03   2.64598894e-18   2.86195763e-18   1.74455423e-19
  1.68800000e-05  -2.63879396e-06   1.03209106e-04  -1.64705071e-03   2.60992116e-18   2.88605023e-18   1.76667069e-19
  1.69600000e-05  -2.62274273e-06   1.03257114e-04  -1.64192175e-03   2.57389485e-18   2.90948664e-18   1.78860247e-19
  1.70400000e-05  -2.60690669e-06   1.03310106e-04  -1.63679213e-03   2.53792197e-18   2.93227166e-18   1.81035310e-19
  1.71200000e-05  -2.59128609e-06   1.03368121e-04  -1.63166184e-03   2.50201430e-18   2.95441024e-18   1.83192616e-19
  1.72000000e-05  -2.57588114e-06   1.03431196e-04  -1.62653088e-03   2.46618342e-18   2.97590747e-18   1.85332524e-19
  1.72800000e-05  -2.56069201e-06   1.03499367e-04  -1.62139925e-03   2.43044074e-18   2.99676856e-18   1.87455397e-19
  1.73600000e-05  -2.54571886e-06   1.03572670e-04  -1.61626694e-03   2.39479745e-18   3.01699887e-18   1.89561599e-19
  1.74400000e-05  -2.53096180e-06   1.03651138e-04  -1.61113396e-03   2.35926457e-18   3.03660385e-18   1.91651497e-19
  1.75200000e-05  -2.12302764e-06   1.03169631e-04  -1.60644376e-03   2.31058981e-18   3.04704505e-18   1.92634859e-19
  1.76000000e-05  -2.14093824e-06   1.03132412e-04  -1.60126804e-03   2.27243743e-18   3.06592575e-18   1.94427893e-19
  1.76800000e-05  -2.15895319e-06   1.03100317e-04  -1.59609175e-03   2.23441994e-18   3.08416016e-18   1.96200427e-19
  1.77600000e-05  -2.17707261e-06   1.03073377e-04  -1.59091491e-03   2.19654815e-18   3.10175450e-18   1.97952929e-19
  1.78400000e-05  -2.19529660e-06   1.03051620e-04  -1.58573750e-03   2.15883264e-18   3.11871509e-18   1.99685865e-19
  1.79200000e-05  -2.21362522e-06   1.03035076e-04  -1.58055953e-03   2.12128383e-18   3.13504835e-18   2.01399702e-19
  1.80000000e-05  -2.23205855e-06   1.03023772e-04  -1.57538100e-03   2.08391191e-18   3.15076081e-18   2.03094902e-19
  1.80800000e-05  -2.25059663e-06   1.03017733e-04  -1.57020190e-03   2.04672686e-18   3.16585909e-18   2.04771929e-19
  1.81600000e-05  -2.43145522e-06   1.02594616e-04  -1.56446433e-03   1.99993912e-18   3.18302852e-18   2.05628737e-19
  1.82400000e-05  -2.42369636e-06   1.02535889e-04  -1.55943406e-03   1.96160972e-18   3.19646176e-18   2.07124948e-19
  1.83200000e-05  -2.41607722e-06   1.02482401e-04  -1.55440310e-03   1.92349236e-18   3.20928887e-18   2.08599893e-19
  1.84000000e-05  -2.40859755e-06   1.02434174e-04  -1.54937146e-03   1.88559628e-18   3.22151681e-18   2.10054064e-19
  1.84800000e-05  -2.40125709e-06   1.02391228e-04  -1.54433912e-03   1.84793051e-18   3.23315262e-18   2.11487949e-19
  1.85600000e-05  -2.39405555e-06   1.02353584e-04  -1.53930609e-03   1.81050386e-18   3.24420338e-18   2.12902035e-19
  1.86400000e-05  -2.38699263e-06   1.02321260e-04  -1.53427237e-03   1.77332497e-18   3.25467629e-18   2.14296805e-19
  1.87200000e-05  -2.38006803e-06   1.02294274e-04  -1.52923796e-03   1.73640228e-18   3.26457857e-18   2.15672739e-19
  1.88000000e-05  -2.37328140e-06   1.02272642e-04  -1.52420286e-03   1.69974403e-18   3.27391751e-18   2.17030312e-19
  1.88800000e-05  -2.20366752e-06   1.03025615e-04  -1.51948818e-03   1.68132018e-18   3.27969043e-18   2.19933960e-19
  1.89600000e-05  -2.22836874e-06   1.03093741e-04  -1.51442127e-03   1.64710735e-18   3.28881710e-18   2.21461559e-19
  1.90400000e-05  -2.25317306e-06   1.03167411e-04  -1.50935374e-03   1.61317630e-18   3.29742143e-18   2.22977330e-19
  1.91200000e-05  -2.27808036e-06   1.03246640e-04  -1.50428560e-03   1.57953442e-18   3.30551066e-18   2.24481683e-19
  1.92000000e-05  -2.30309049e-06   1.03331440e-04  -1.49921684e-03   1.54618889e-18   3.31309207e-18   2.25975024e-19
  1.92800000e-05  -2.32820331e-06   1.03421825e-04  -1.49414747e-03   1.51314671e-18   3.32017296e-18   2.27457757e-19
  1.93600000e-05  -2.35341865e-06   1.03517805e-04  -1.48907749e-03   1.48041470e-18   3.32676069e-18   2.28930282e-19
  1.94400000e-05  -2.37873634e-06   1.03619393e-04  -1.48400690e-03   1.44799950e-18   3.33286263e-18   2.30392993e-19
  1.95200000e-05  -2.60358131e-06   1.03296093e-04  -1.47946769e-03   1.40540823e-18   3.34433212e-18   2.31027247e-19
  1.96000000e-05  -2.61871196e-06   1.03561315e-04  -1.47434646e-03   1.37718740e-18   3.34903707e-18   2.32797537e-19
  1.96800000e-05  -2.63397922e-06   1.03832093e-04  -1.46922473e-03   1.34930730e-18   3.35331899e-18   2.34564581e-19
  1.97600000e-05  -2.64938277e-06   1.04108436e-04  -1.46410250e-03   1.32177332e-18   3.35718503e-18   2.36328673e-19
  1.98400000e-05  -2.66492228e-06   1.04390350e-04  -1.45897976e-03   1.29459072e-18   3.36064231e-18   2.38090105e-19
  1.99200000e-05  -2.68059740e-06   1.04677841e-04  -1.45385653e-03   1.26776456e-18   3.36369799e-18   2.39849166e-19
  2.00000000e-05  -2.69640780e-06   1.04970913e-04  -1.44873280e-03   1.24129978e-18   3.36635921e-18   2.41606147e-19
  2.00800000e-05  -2.71235312e-06   1.05269572e-04  -1.44360858e-03   1.21520113e-18   3.36863313e-18   2.43361336e-19
  2.01600000e-05  -2.72843300e-06   1.05573821e-04  -1.43848387e-03   1.18947322e-18   3.37052687e-18   2.45115020e-19
  2.02400000e-05  -2.75309774e-06   1.05321864e-04  -1.43263610e-03   1.15160190e-18   3.37048871e-18   2.45572258e-19
  2.03200000e-05  -2.75491088e-06   1.05625364e-04  -1.42754563e-03   1.12635487e-18   3.37123917e-18   2.47267302e-19
  2.04000000e-05  -2.75685923e-06   1.05934399e-04  -1.42245461e-03   1.10149265e-18   3.37162954e-18   2.48960415e-19
  2.04800000e-05  -2.75894236e-06   1.06248973e-04  -1.41736305e-03   1.07701921e-18   3.37166692e-18   2.50651880e-19
  2.05600000e-05  -2.76115985e-06   1.06569085e-04  -1.41227096e-03   1.05293838e-18   3.37135842e-18   2.52341982e-19
  2.06400000e-05  -2.76351128e-06   1.06894736e-04  -1.40717833e-03   1.02925382e-18   3.37071112e-18   2.54031003e-19
  2.07200000e-05  -2.76599621e-06   1.07225925e-04  -1.40208517e-03   1.00596906e-18   3.36973208e-18   2.55719225e-19
  2.08000000e-05  -2.76861421e-06   1.07562650e-04  -1.39699148e-03   9.83087482e-19   3.36842832e-18   2.57406930e-19
  2.08800000e-05  -2.99039053e-06   1.10003340e-04  -1.39233519e-03   1.00936760e-18   3.37305562e-18   2.64324988e-19
  2.09600000e-05  -2.96828417e-06   1.10225479e-04  -1.38715000e-03   9.84372458e-19   3.37082667e-18   2.65745657e-19
  2.10400000e-05  -2.94634563e-06   1.10453439e-04  -1.38196437e-03   9.59805723e-19   3.36825904e-18   2.67161645e-19
  2.11200000e-05  -2.92457427e-06   1.10687215e-04  -1.37677831e-03   9.35670513e-19   3.36536020e-18   2.68573310e-19
  2.12000000e-05  -2.90296944e-06   1.10926801e-04  -1.37159183e-03   9.11969801e-19   3.36213758e-18   2.69981009e-19
  2.12800000e-05  -2.68943289e-06   1.09762835e-04  -1.36634699e-03   8.55743964e-19   3.35372812e-18   2.67730848e-19
  2.13600000e-05  -2.67814802e-06   1.10151232e-04  -1.36119144e-03   8.36157154e-19   3.34986518e-18   2.69434858e-19
  2.14400000e-05  -2.66698110e-06   1.10545135e-04  -1.35603549e-03   8.17003384e-19   3.34573591e-18   2.71140319e-19
  2.15200000e-05  -2.65593177e-06   1.10944538e-04  -1.35087913e-03   7.98284725e-19   3.34134711e-18   2.72847520e-19
  2.16000000e-05  -2.79104139e-06   1.11450241e-04  -1.34573174e-03   7.82333651e-19   3.34017531e-18   2.75002669e-19
  2.16800000e-05  -2.78513994e-06   1.11696469e-04  -1.34059706e-03   7.60572605e-19   3.33546111e-18   2.76325332e-19
  2.17600000e-05  -2.77939502e-06   1.11948251e-04  -1.33546199e-03   7.39252549e-19   3.33046845e-18   2.77645824e-19
  2.18400000e-05  -2.77380595e-06   1.12205580e-04  -1.33032653e-03   7.18375506e-19   3.32520439e-18   2.78964483e-19
  2.19200000e-05  -2.76837204e-06   1.12468446e-04  -1.32519068e-03   6.97943376e-19   3.31967589e-18   2.80281645e-19
  2.20000000e-05  -2.76309262e-06   1.12736842e-04  -1.32005445e-03   6.77957933e-19   3.31388991e-18   2.81597644e-19
  2.20800000e-05  -2.75796699e-06   1.13010757e-04  -1.31491784e-03   6.58420827e-19   3.30785332e-18   2.82912813e-19
  2.21600000e-05  -2.75299448e-06   1.13290182e-04  -1.30978085e-03   6.39333591e-19   3.30157295e-18   2.84227485e-19
  2.22400000e-05  -2.80895479e-06   1.14322340e-04  -1.30502966e-03   6.37606142e-19   3.29744581e-18   2.87488266e-19
  2.23200000e-05  -2.82416192e-06   1.14592877e-04  -1.29989334e-03   6.18914642e-19   3.29133494e-18   2.88804945e-19
  2.24000000e-05  -2.83953119e-06   1.14869053e-04  -1.29475675e-03   6.00674492e-19   3.28499442e-18   2.90122886e-19
  2.24800000e-05  -2.85506183e-06   1.15150857e-04  -1.28961988e-03   5.82886898e-19   3.27843087e-18   2.91442426e-19
  2.25600000e-05  -2.87075312e-06   1.15438277e-04  -1.28448274e-03   5.65552954e-19   3.27165087e-18   2.92763900e-19
  2.26400000e-05  -2.88660432e-06   1.15731301e-04  -1.27934533e-03   5.48673648e-19   3.26466093e-18   2.94087643e-19
  2.27200000e-05  -2.90261468e-06   1.16029917e-04  -1.27420767e-03   5.32249860e-19   3.25746751e-18   2.95413988e-19
  2.28000000e-05  -2.91878349e-06   1.16334112e-04  -1.26906974e-03   5.16282367e-19   3.25007700e-18   2.96743270e-19
  2.28800000e-05  -2.93511000e-06   1.16643872e-04  -1.26393156e-03   5.00771843e-19   3.24249571e-18   2.98075820e-19
  2.29600000e-05  -2.71938240e-06   1.15876639e-04  -1.25893903e-03   4.60133426e-19   3.22952946e-18   2.96261958e-19
  2.30400000e-05  -2.75611700e-06   1.16338282e-04  -1.25381573e-03   4.48857365e-19   3.22186639e-18   2.97961883e-19
  2.31200000e-05  -2.79296752e-06   1.16805245e-04  -1.24869221e-03   4.38029964e-19   3.21406384e-18   2.99670414e-19
  2.32000000e-05  -2.82993354e-06   1.17277518e-04  -1.24356847e-03   4.27651264e-19   3.20612737e-18   3.01387856e-19
  2.32800000e-05  -2.86701463e-06   1.17755086e-04  -1.23844452e-03   4.17721220e-19   3.19806250e-18   3.03114517e-19
  2.33600000e-05  -2.90421034e-06   1.18237937e-04  -1.23332036e-03   4.08239712e-19   3.18987466e-18   3.04850709e-19
  2.34400000e-05  -2.94152025e-06   1.18726057e-04  -1.22819599e-03   3.99206541e-19   3.18156921e-18   3.06596744e-19
  2.35200000e-05  -2.97894394e-06   1.19219433e-04  -1.22307143e-03   3.90621435e-19   3.17315143e-18   3.08352942e-19
  2.36000000e-05  -3.01648097e-06   1.19718051e-04  -1.21794668e-03   3.82484047e-19   3.16462655e-18   3.10119623e-19
  2.36800000e-05  -3.63826111e-06   1.20625673e-04  -1.21264065e-03   3.84485927e-19   3.16930331e-18   3.14108292e-19
  2.37600000e-05  -3.67428132e-06   1.21026686e-04  -1.20752986e-03   3.74564266e-19   3.16065020e-18   3.15641689e-19
  2.38400000e-05  -3.71049831e-06   1.21432998e-04  -1.20241887e-03   3.65091788e-19   3.15188191e-18   3.17183809e-19
  2.39200000e-05  -3.74691130e-06   1.21844595e-04  -1.19730769e-03   3.56068104e-19   3.14300366e-18   3.18734990e-19
  2.40000000e-05  -3.78351952e-06   1.22261462e-04  -1.19219631e-03   3.47492754e-19   3.13402065e-18   3.20295574e-19
  2.40800000e-05  -3.82032224e-06   1.22683585e-04  -1.18708476e-03   3.39365209e-19   3.12493797e-18   3.21865902e-19
  2.41600000e-05  -3.85731869e-06   1.23110947e-04  -1.18197303e-03   3.31684872e-19   3.11576064e-18   3.23446322e-19
  2.42400000e-05  -3.89450812e-06   1.23543534e-04  -1.17686112e-03   3.24451082e-19   3.10649362e-18   3.25037180e-19
  2.43200000e-05  -3.42039229e-06   1.25268396e-04  -1.17187526e-03   3.47513696e-19   3.08561224e-18   3.28824302e-19
  2.44000000e-05  -3.46589064e-06   1.25705459e-04  -1.16671668e-03   3.41228451e-19   3.07651487e-18   3.30459022e-19
  2.44800000e-05  -3.51152442e-06   1.26147825e-04  -1.16155797e-03   3.35388575e-19   3.06733887e-18   3.32106024e-19
  2.45600000e-05  -3.55729315e-06   1.26595477e-04  -1.15639913e-03   3.29993219e-19   3.05808887e-18   3.33765675e-19
  2.46400000e-05  -3.60319635e-06   1.27048400e-04  -1.15124017e-03   3.25041477e-19   3.04876948e-18   3.35438345e-19
  2.47200000e-05  -3.64923353e-06   1.27506577e-04  -1.14608108e-03   3.20532389e-19   3.03938518e-18   3.37124408e-19
  2.48000000e-05  -3.69540423e-06   1.27969993e-04  -1.14092187e-03   3.16464939e-19   3.02994041e-18   3.38824241e-19
  2.48800000e-05  -3.74170796e-06   1.28438631e-04  -1.13576256e-03   3.12838063e-19   3.02043950e-18   3.40538226e-19
  2.49600000e-05  -3.78814425e-06   1.28912475e-04  -1.13060314e-03   3.09650643e-19   3.01088673e-18   3.42266748e-19
  2.50400000e-05  -3.85366183e-06   1.27969213e-04  -1.12616186e-03   2.71936139e-19   3.00332976e-18   3.40346986e-19
  2.51200000e-05  -3.85356245e-06   1.28603360e-04  -1.12098905e-03   2.73137016e-19   2.99227636e-18   3.42344328e-19
  2.52000000e-05  -3.85360044e-06   1.29242517e-04  -1.11581621e-03   2.74781862e-19   2.98121661e-18   3.44358717e-19
  2.52800000e-05  -3.85377535e-06   1.29886667e-04  -1.11064336e-03   2.76868864e-19   2.97015411e-18   3.46390609e-19
  2.53600000e-05  -3.85408675e-06   1.30535791e-04  -1.10547049e-03   2.79396180e-19   2.95909238e-18   3.48440463e-19
  2.54400000e-05  -3.85453420e-06   1.31189870e-04  -1.10029761e-03   2.82361935e-19   2.94803485e-18   3.50508746e-19
  2.55200000e-05  -4.04354236e-06   1.32500083e-04  -1.09460482e-03   3.02274426e-19   2.94009908e-18   3.54777457e-19
  2.56000000e-05  -4.04916359e-06   1.33062405e-04  -1.08948500e-03   3.03583959e-19   2.92943765e-18   3.56653610e-19
  2.56800000e-05  -4.01977741e-06   1.33966445e-04  -1.08478343e-03   3.12095186e-19   2.91905063e-18   3.59334657e-19
  2.57600000e-05  -4.03441308e-06   1.34605765e-04  -1.07960983e-03   3.15954372e-19   2.90850430e-18   3.61451652e-19
  2.58400000e-05  -4.04917280e-06   1.35250104e-04  -1.07443631e-03   3.20242507e-19   2.89796958e-18   3.63589695e-19
  2.59200000e-05  -4.06405627e-06   1.35899444e-04  -1.06926288e-03   3.24957693e-19   2.88744950e-18   3.65749287e-19
  2.60000000e-05  -4.07906319e-06   1.36553767e-04  -1.06408954e-03   3.30098006e-19   2.87694700e-18   3.67930934e-19
  2.60800000e-05  -4.09419327e-06   1.37213055e-04  -1.05891631e-03   3.35661504e-19   2.86646494e-18   3.70135152e-19
  2.61600000e-05  -4.10944622e-06   1.37877289e-04  -1.05374318e-03   3.41646222e-19   2.85600611e-18   3.72362462e-19
  2.62400000e-05  -4.12482178e-06   1.38546453e-04  -1.04857016e-03   3.48050175e-19   2.84557320e-18   3.74613396e-19
  2.63200000e-05  -4.14031970e-06   1.39220527e-04  -1.04339725e-03   3.54871364e-19   2.83516881e-18   3.76888490e-19
  2.64000000e-05  -4.24093335e-06   1.38786968e-04  -1.03830661e-03   3.35937379e-19   2.82685694e-18   3.76484376e-19
  2.64800000e-05  -4.22002213e-06   1.39457613e-04  -1.03315713e-03   3.43206358e-19   2.81551595e-18   3.78642110e-19
  2.65600000e-05  -4.19924896e-06   1.40132944e-04  -1.02800781e-03   3.50889698e-19   2.80421075e-18   3.80822821e-19
  2.66400000e-05  -4.17861361e-06   1.40812942e-04  -1.02285867e-03   3.58985199e-19   2.79294370e-18   3.83027071e-19
  2.67200000e-05  -4.15811584e-06   1.41497586e-04  -1.01770969e-03   3.67490648e-19   2.78171710e-18   3.85255432e-19
  2.68000000e-05  -4.13775544e-06   1.42186860e-04  -1.01256090e-03   3.76403820e-19   2.77053314e-18   3.87508485e-19
  2.68800000e-05  -4.11753221e-06   1.42880742e-04  -1.00741229e-03   3.85722482e-19   2.75939394e-18   3.89786817e-19
  2.69600000e-05  -4.09744596e-06   1.43579216e-04  -1.00226387e-03   3.95444388e-19   2.74830153e-18   3.92091024e-19
  2.70400000e-05  -4.04507883e-06   1.44744064e-04  -9.96634778e-04   4.17745347e-19   2.73523413e-18   3.95550206e-19
  2.71200000e-05  -4.05368675e-06   1.45306610e-04  -9.91536773e-04   4.24760379e-19   2.72511322e-18   3.97620269e-19
  2.72000000e-05  -4.06241608e-06   1.45873757e-04  -9.86438929e-04   4.32166008e-19   2.71501704e-18   3.99714655e-19
  2.72800000e-05  -4.07126662e-06   1.46445487e-04  -9.81341250e-04   4.39960337e-19   2.70494768e-18   4.01833903e-19
  2.73600000e-05  -4.08023823e-06   1.47021785e-04  -9.76243743e-04   4.48141460e-19   2.69490716e-18   4.03978554e-19
  2.74400000e-05  -4.08933073e-06   1.47602632e-04  -9.71146411e-04   4.56707457e-19   2.68489743e-18   4.06149160e-19
  2.75200000e-05  -4.13944441e-06   1.48055800e-04  -9.66322968e-04   4.61731866e-19   2.67659376e-18   4.08118124e-19
  2.76000000e-05  -4.14946776e-06   1.48692959e-04  -9.61188594e-04   4.72260595e-19   2.66654357e-18   4.10467443e-19
  2.76800000e-05  -4.15962241e-06   1.49334613e-04  -9.56054467e-04   4.83170078e-19   2.65653874e-18   4.12846123e-19
  2.77600000e-05  -4.23281401e-06   1.49638546e-04  -9.50912612e-04   4.86521635e-19   2.64799763e-18   4.14531425e-19
  2.78400000e-05  -4.27980093e-06   1.50222951e-04  -9.45866697e-04   4.96357719e-19   2.63910962e-18   4.16898623e-19
  2.79200000e-05  -4.32692467e-06   1.50811728e-04  -9.40821017e-04   5.06556602e-19   2.63025927e-18   4.19295600e-19
  2.80000000e-05  -4.37418505e-06   1.51404862e-04  -9.35775578e-04   5.17116498e-19   2.62144802e-18   4.21722922e-19
  2.80800000e-05  -4.42158186e-06   1.52002338e-04  -9.30730385e-04   5.28035616e-19   2.61267724e-18   4.24181161e-19
  2.81600000e-05  -4.46911494e-06   1.52604142e-04  -9.25685443e-04   5.39312161e-19   2.60394823e-18   4.26670896e-19
  2.82400000e-05  -4.51678410e-06   1.53210260e-04  -9.20640758e-04   5.50944337e-19   2.59526222e-18   4.29192711e-19
  2.83200000e-05  -4.56458919e-06   1.53820676e-04  -9.15596335e-04   5.62930342e-19   2.58662040e-18   4.31747200e-19
  2.84000000e-05  -4.61253005e-06   1.54435378e-04  -9.10552180e-04   5.75268377e-19   2.57802386e-18   4.34334961e-19
  2.84800000e-05  -4.75618642e-06   1.55948495e-04  -9.05546717e-04   6.08580514e-19   2.57191353e-18   4.39724992e-19
  2.85600000e-05  -4.80917374e-06   1.56637165e-04  -9.00463026e-04   6.23246698e-19   2.56355938e-18   4.42607149e-19
  2.86400000e-05  -4.86231348e-06   1.57330226e-04  -8.95379642e-04   6.38262842e-19   2.55526298e-18   4.45527965e-19
  2.87200000e-05  -4.91560555e-06   1.58027665e-04  -8.90296571e-04   6.53627078e-19   2.54702500e-18   4.48488126e-19
  2.88000000e-05  -4.96904984e-06   1.58729467e-04  -8.85213820e-04   6.69337544e-19   2.53884603e-18   4.51488327e-19
  2.88800000e-05  -5.02264628e-06   1.59435620e-04  -8.80131393e-04   6.85392384e-19   2.53072659e-18   4.54529269e-19
  2.89600000e-05  -5.07639478e-06   1.60146108e-04  -8.75049298e-04   7.01789746e-19   2.52266715e-18   4.57611664e-19
  2.90400000e-05  -5.13029529e-06   1.60860921e-04  -8.69967541e-04   7.18527787e-19   2.51466810e-18   4.60736230e-19
  2.91200000e-05  -5.18547984e-06   1.61380975e-04  -8.65092319e-04   7.30267558e-19   2.50731695e-18   4.63356867e-19
  2.92000000e-05  -5.25180264e-06   1.62301813e-04  -8.59995927e-04   7.52306902e-19   2.49965961e-18   4.67151422e-19
  2.92800000e-05  -5.31827502e-06   1.63226874e-04  -8.54899922e-04   7.74676875e-19   2.49209376e-18   4.70998673e-19
  2.93600000e-05  -5.38489712e-06   1.64156145e-04  -8.49804312e-04   7.97375452e-19   2.48461895e-18   4.74899547e-19
  2.94400000e-05  -5.45166907e-06   1.65089613e-04  -8.44709104e-04   8.20400620e-19   2.47723469e-18   4.78854982e-19
  2.95200000e-05  -5.51859101e-06   1.66027265e-04  -8.39614305e-04   8.43750389e-19   2.46994042e-18   4.82865926e-19
  2.96000000e-05  -5.58566310e-06   1.66969089e-04  -8.34519923e-04   8.67422782e-19   2.46273551e-18   4.86933340e-19
  2.96800000e-05  -5.65288553e-06   1.67915073e-04  -8.29425966e-04   8.91415840e-19   2.45561929e-18   4.91058197e-19
  2.97600000e-05  -5.72025847e-06   1.68865204e-04  -8.24332441e-04   9.15727625e-19   2.44859099e-18   4.95241481e-19
  2.98400000e-05  -6.08059506e-06   1.68972532e-04  -8.19068386e-04   9.21338950e-19   2.44788434e-18   4.98154896e-19
  2.99200000e-05  -6.13279735e-06   1.69898526e-04  -8.13965754e-04   9.45539904e-19   2.44052000e-18   5.02283965e-19
  3.00000000e-05  -6.18518691e-06   1.70828557e-04  -8.08863559e-04   9.70056713e-19   2.43323862e-18   5.06471895e-19
  3.00800000e-05  -6.23776404e-06   1.71762610e-04  -8.03761811e-04   9.94887443e-19   2.42603933e-18   5.10719681e-19
  3.01600000e-05  -6.29052903e-06   1.72700675e-04  -7.98660515e-04   1.02003018e-18   2.41892117e-18   5.15028328e-19
  3.02400000e-05  -6.34348219e-06   1.73642738e-04  -7.93559681e-04   1.04548303e-18   2.41188313e-18   5.19398852e-19
  3.03200000e-05  -6.39662386e-06   1.74588787e-04  -7.88459314e-04   1.07124410e-18   2.40492413e-18   5.23832282e-19
  3.04000000e-05  -6.44995438e-06   1.75538809e-04  -7.83359425e-04   1.09731154e-18   2.39804307e-18   5.28329655e-19
  3.04800000e-05  -6.50347412e-06   1.76492792e-04  -7.78260019e-04   1.12368350e-18   2.39123874e-18   5.32892022e-19
  3.05600000e-05  -6.75882275e-06   1.77589695e-04  -7.73215612e-04   1.15335188e-18   2.38936395e-18   5.38699823e-19
  3.06400000e-05  -6.75447830e-06   1.78435611e-04  -7.68107614e-04   1.17765537e-18   2.38134374e-18   5.42843307e-19
  3.07200000e-05  -6.75037051e-06   1.79285553e-04  -7.63000181e-04   1.20227049e-18   2.37338224e-18   5.47047545e-19
  3.08000000e-05  -6.74650015e-06   1.80139507e-04  -7.57893319e-04   1.22719536e-18   2.36547842e-18   5.51313533e-19
  3.08800000e-05  -6.74286799e-06   1.80997460e-04  -7.52787037e-04   1.25242815e-18   2.35763122e-18   5.55642279e-19
  3.09600000e-05  -6.73947486e-06   1.81859399e-04  -7.47681342e-04   1.27796699e-18   2.34983949e-18   5.60034799e-19
  3.10400000e-05  -6.73632159e-06   1.82725310e-04  -7.42576241e-04   1.30381008e-18   2.34210204e-18   5.64492120e-19
  3.11200000e-05  -6.73340901e-06   1.83595179e-04  -7.37471744e-04   1.32995558e-18   2.33441764e-18   5.69015279e-19
  3.12000000e-05  -6.41898908e-06   1.84242973e-04  -7.32507414e-04   1.35063871e-18   2.31999086e-18   5.71696981e-19
  3.12800000e-05  -6.46420241e-06   1.84994170e-04  -7.27476384e-04   1.37420927e-18   2.31368566e-18   5.76149552e-19
  3.13600000e-05  -6.50957603e-06   1.85749254e-04  -7.22446001e-04   1.39806742e-18   2.30741171e-18   5.80665099e-19
  3.14400000e-05  -6.55511053e-06   1.86508213e-04  -7.17416275e-04   1.42221173e-18   2.30116790e-18   5.85244540e-19
  3.15200000e-05  -6.60080647e-06   1.87271036e-04  -7.12387212e-04   1.44664079e-18   2.29495305e-18   5.89888805e-19
  3.16000000e-05  -6.64666446e-06   1.88037714e-04  -7.07358821e-04   1.47135318e-18   2.28876595e-18   5.94598829e-19
  3.16800000e-05  -6.69268511e-06   1.88808235e-04  -7.02331110e-04   1.49634750e-18   2.28260533e-18   5.99375557e-19
  3.17600000e-05  -6.73886902e-06   1.89582589e-04  -6.97304087e-04   1.52162236e-18   2.27646987e-18   6.04219945e-19
  3.18400000e-05  -6.78521683e-06   1.90360766e-04  -6.92277761e-04   1.54717636e-18   2.27035819e-18   6.09132954e-19
  3.19200000e-05  -6.87133027e-06   1.91446095e-04  -6.87165918e-04   1.58035379e-18   2.26493960e-18   6.15214895e-19
  3.20000000e-05  -6.88740851e-06   1.92253556e-04  -6.82178944e-04   1.60680080e-18   2.25832046e-18   6.20223549e-19
  3.20800000e-05  -6.90367642e-06   1.93064843e-04  -6.77192681e-04   1.63352505e-18   2.25172364e-18   6.25304074e-19
  3.21600000e-05  -6.92013464e-06   1.93879944e-04  -6.72207138e-04   1.66052511e-18   2.24514757e-18   6.30457496e-19
  3.22400000e-05  -6.93678385e-06   1.94698850e-04  -6.67222323e-04   1.68779953e-18   2.23859064e-18   6.35684851e-19
  3.23200000e-05  -6.95362472e-06   1.95521548e-04  -6.62238245e-04   1.71534687e-18   2.23205119e-18   6.40987182e-19
  3.24000000e-05  -6.97065793e-06   1.96348029e-04  -6.57254912e-04   1.74316571e-18   2.22552752e-18   6.46365544e-19
  3.24800000e-05  -6.98788420e-06   1.97178280e-04  -6.52272335e-04   1.77125462e-18   2.21901787e-18   6.51820999e-19
  3.25600000e-05  -7.00530422e-06   1.98012292e-04  -6.47290521e-04   1.79961219e-18   2.21252044e-18   6.57354618e-19
  3.26400000e-05  -7.33422894e-06   1.98617545e-04  -6.42656886e-04   1.82136466e-18   2.21426476e-18   6.63547739e-19
  3.27200000e-05  -7.36679026e-06   1.99636112e-04  -6.37629797e-04   1.85448369e-18   2.20795617e-18   6.69865483e-19
  3.28000000e-05  -7.39957737e-06   2.00658343e-04  -6.32603561e-04   1.88786397e-18   2.20167440e-18   6.76276527e-19
  3.28800000e-05  -7.43259144e-06   2.01684225e-04  -6.27578190e-04   1.92150396e-18   2.19541694e-18   6.82782190e-19
  3.29600000e-05  -7.46583362e-06   2.02713748e-04  -6.22553693e-04   1.95540212e-18   2.18918126e-18   6.89383801e-19
  3.30400000e-05  -7.27404750e-06   2.04042119e-04  -6.17198629e-04   1.99779030e-18   2.17671051e-18   6.96062151e-19
  3.31200000e-05  -7.32110354e-06   2.05054593e-04  -6.12188016e-04   2.03162128e-18   2.17089035e-18   7.02851601e-19
  3.32000000e-05  -7.36832965e-06   2.06070733e-04  -6.07178260e-04   2.06570509e-18   2.16507931e-18   7.09739977e-19
  3.32800000e-05  -7.99626346e-06   2.07326407e-04  -6.02577665e-04   2.10364418e-18   2.17396037e-18   7.20070000e-19
  3.33600000e-05  -8.03303520e-06   2.08442924e-04  -5.97562127e-04   2.14031984e-18   2.16791106e-18   7.27443114e-19
  3.34400000e-05  -8.07011318e-06   2.09563122e-04  -5.92547551e-04   2.17724574e-18   2.16187511e-18   7.34926130e-19
  3.35200000e-05  -8.10749903e-06   2.10686993e-04  -5.87533951e-04   2.21442038e-18   2.15584952e-18   7.42520563e-19
  3.36000000e-05  -8.14519439e-06   2.11814524e-04  -5.82521339e-04   2.25184223e-18   2.14983123e-18   7.50227943e-19
  3.36800000e-05  -8.18320091e-06   2.12945707e-04  -5.77509728e-04   2.28950979e-18   2.14381715e-18   7.58049811e-19
  3.37600000e-05  -8.22152027e-06   2.14080531e-04  -5.72499132e-04   2.32742156e-18   2.13780415e-18   7.65987718e-19
  3.38400000e-05  -8.26015415e-06   2.15218986e-04  -5.67489562e-04   2.36557604e-18   2.13178904e-18   7.74043227e-19
  3.39200000e-05  -8.29910424e-06   2.16361062e-04  -5.62481034e-04   2.40397175e-18   2.12576861e-18   7.82217915e-19
  3.40000000e-05  -7.47813445e-06   2.16991311e-04  -5.57813230e-04   2.42928570e-18   2.10117653e-18   7.84797674e-19
  3.40800000e-05  -7.53232578e-06   2.18024482e-04  -5.52795473e-04   2.46563633e-18   2.09538118e-18   7.92829253e-19
  3.41600000e-05  -7.58668604e-06   2.19061158e-04  -5.47778836e-04   2.50222177e-18   2.08955737e-18   8.00975241e-19
  3.42400000e-05  -7.64121582e-06   2.20101328e-04  -5.42763335e-04   2.53904066e-18   2.08370195e-18   8.09237067e-19
  3.43200000e-05  -8.22851490e-06   2.21399563e-04  -5.37504858e-04   2.58302995e-18   2.08915102e-18   8.20983508e-19
  3.44000000e-05  -8.21126630e-06   2.22407972e-04  -5.32519037e-04   2.61925253e-18   2.08168734e-18   8.29034174e-19
  3.44800000e-05  -8.19429655e-06   2.23419907e-04  -5.27534332e-04   2.65571355e-18   2.07418188e-18   8.37200145e-19
  3.45600000e-05  -8.17760698e-06   2.24435354e-04  -5.22550755e-04   2.69241146e-18   2.06663158e-18   8.45482861e-19
  3.46400000e-05  -8.16119898e-06   2.25454300e-04  -5.17568322e-04   2.72934470e-18   2.05903332e-18   8.53883774e-19
  3.47200000e-05  -8.12344849e-06   2.26499040e-04  -5.12731234e-04   2.76634488e-18   2.05141528e-18   8.62384233e-19
  3.48000000e-05  -8.17467307e-06   2.27453788e-04  -5.07733224e-04   2.80219697e-18   2.04517832e-18   8.71080504e-19
  3.48800000e-05  -8.22613243e-06   2.28412048e-04  -5.02736473e-04   2.83827639e-18   2.03887541e-18   8.79895721e-19
  3.49600000e-05  -8.27782764e-06   2.29373811e-04  -4.97740994e-04   2.87458184e-18   2.03250342e-18   8.88831272e-19
  3.50400000e-05  -8.32975977e-06   2.30339065e-04  -4.92746805e-04   2.91111202e-18   2.02605918e-18   8.97888550e-19
  3.51200000e-05  -8.38192990e-06   2.31307801e-04  -4.87753919e-04   2.94786561e-18   2.01953950e-18   9.07068956e-19
  3.52000000e-05  -8.43433911e-06   2.32280007e-04  -4.82762352e-04   2.98484127e-18   2.01294115e-18   9.16373902e-19
  3.52800000e-05  -8.48698849e-06   2.33255674e-04  -4.77772122e-04   3.02203766e-18   2.00626085e-18   9.25804807e-19
  3.53600000e-05  -8.53987913e-06   2.34234790e-04  -4.72783242e-04   3.05945343e-18   1.99949530e-18   9.35363099e-19
  3.54400000e-05  -8.54340534e-06   2.35086477e-04  -4.67835421e-04   3.09391645e-18   1.99165120e-18   9.44301482e-19
  3.55200000e-05  -8.59349881e-06   2.36116321e-04  -4.62925037e-04   3.13240323e-18   1.98491437e-18   9.54263304e-19
  3.56000000e-05  -8.64382486e-06   2.37149523e-04  -4.58016023e-04   3.17110008e-18   1.97808793e-18   9.64359663e-19
  3.56800000e-05  -8.69438477e-06   2.38186072e-04  -4.53108394e-04   3.21000556e-18   1.97116843e-18   9.74592057e-19
  3.57600000e-05  -8.74517984e-06   2.39225955e-04  -4.48202168e-04   3.24911825e-18   1.96415237e-18   9.84961996e-19
  3.58400000e-05  -8.79621138e-06   2.40269160e-04  -4.43297361e-04   3.28843671e-18   1.95703622e-18   9.95470995e-19
  3.59200000e-05  -8.84748067e-06   2.41315676e-04  -4.38393992e-04   3.32795948e-18   1.94981644e-18   1.00612058e-18
  3.60000000e-05  -8.89898904e-06   2.42365491e-04  -4.33492078e-04   3.36768506e-18   1.94248944e-18   1.01691227e-18
  3.60800000e-05  -9.55924623e-06   2.43480139e-04  -4.28947800e-04   3.40723628e-18   1.95032625e-18   1.03111636e-18
  3.61600000e-05  -9.58013680e-06   2.44621158e-04  -4.24019431e-04   3.44937309e-18   1.94195375e-18   1.04239918e-18
  3.62400000e-05  -9.60139245e-06   2.45765441e-04  -4.19092647e-04   3.49171068e-18   1.93347156e-18   1.05383668e-18
  3.63200000e-05  -9.62301530e-06   2.46912972e-04  -4.14167467e-04   3.53424727e-18   1.92487576e-18   1.06543057e-18
  3.64000000e-05  -9.64500749e-06   2.48063738e-04  -4.09243909e-04   3.57698109e-18   1.91616240e-18   1.07718255e-18
  3.64800000e-05  -9.66737115e-06   2.49217723e-04  -4.04321995e-04   3.61991031e-18   1.90732750e-18   1.08909435e-18
  3.65600000e-05  -9.69010842e-06   2.50374912e-04  -3.99401743e-04   3.66303309e-18   1.89836704e-18   1.10116768e-18
  3.66400000e-05  -9.71322145e-06   2.51535289e-04  -3.94483175e-04   3.70634758e-18   1.88927699e-18   1.11340429e-18
  3.67200000e-05  -9.73671240e-06   2.52698838e-04  -3.89566310e-04   3.74985188e-18   1.88005328e-18   1.12580590e-18
  3.68000000e-05  -8.68810243e-06   2.53889519e-04  -3.85042070e-04   3.79212022e-18   1.84806136e-18   1.13301147e-18
  3.68800000e-05  -8.81667096e-06   2.55096143e-04  -3.80110634e-04   3.83699007e-18   1.84086178e-18   1.14642218e-18
  3.69600000e-05  -8.94542425e-06   2.56305842e-04  -3.75181018e-04   3.88203298e-18   1.83351209e-18   1.16000918e-18
  3.70400000e-05  -9.07436319e-06   2.57518604e-04  -3.70253246e-04   3.92724725e-18   1.82600788e-18   1.17377427e-18
  3.71200000e-05  -9.20348866e-06   2.58734415e-04  -3.65327342e-04   3.97263116e-18   1.81834477e-18   1.18771922e-18
  3.72000000e-05  -9.33280155e-06   2.59953262e-04  -3.60403328e-04   4.01818297e-18   1.81051833e-18   1.20184584e-18
  3.72800000e-05  -1.04240830e-05   2.61375380e-04  -3.55119587e-04   4.07028632e-18   1.82265644e-18   1.22203487e-18
  3.73600000e-05  -1.05196480e-05   2.62604721e-04  -3.50203000e-04   4.11618941e-18   1.81373110e-18   1.23640713e-18
  3.74400000e-05  -1.06156019e-05   2.63837109e-04  -3.45288302e-04   4.16225992e-18   1.80463338e-18   1.25096725e-18
  3.75200000e-05  -1.03546503e-05   2.64832965e-04  -3.40750058e-04   4.20114196e-18   1.78899205e-18   1.26275170e-18
  3.76000000e-05  -1.08352207e-05   2.66153929e-04  -3.35536391e-04   4.25099192e-18   1.78681234e-18   1.28005993e-18
  3.76800000e-05  -1.09533891e-05   2.67292945e-04  -3.30686509e-04   4.29493116e-18   1.77790740e-18   1.29481561e-18
  3.77600000e-05  -1.10718971e-05   2.68434901e-04  -3.25838593e-04   4.33902832e-18   1.76880800e-18   1.30975438e-18
  3.78400000e-05  -1.11907462e-05   2.69579783e-04  -3.20992665e-04   4.38328148e-18   1.75950988e-18   1.32487794e-18
  3.79200000e-05  -1.13099382e-05   2.70727573e-04  -3.16148751e-04   4.42768863e-18   1.75000879e-18   1.34018795e-18
  3.80000000e-05  -1.14294747e-05   2.71878255e-04  -3.11306876e-04   4.47224776e-18   1.74030044e-18   1.35568610e-18
  3.80800000e-05  -1.15493573e-05   2.73031813e-04  -3.06467064e-04   4.51695680e-18   1.73038054e-18   1.37137409e-18
  3.81600000e-05  -1.16695876e-05   2.74188229e-04  -3.01629341e-04   4.56181364e-18   1.72024477e-18   1.38725358e-18
  3.82400000e-05  -1.17397869e-05   2.75194578e-04  -2.96915299e-04   4.60272967e-18   1.70934313e-18   1.40230867e-18
  3.83200000e-05  -1.18318026e-05   2.76257613e-04  -2.92087384e-04   4.64562445e-18   1.69813325e-18   1.41791857e-18
  3.84000000e-05  -1.19241558e-05   2.77323443e-04  -2.87261689e-04   4.68866479e-18   1.68669091e-18   1.43371211e-18
  3.84800000e-05  -1.20168478e-05   2.78392049e-04  -2.82438238e-04   4.73184840e-18   1.67501201e-18   1.44969083e-18
  3.85600000e-05  -1.21098799e-05   2.79463412e-04  -2.77617058e-04   4.77517296e-18   1.66309239e-18   1.46585626e-18
  3.86400000e-05  -1.22032533e-05   2.80537511e-04  -2.72798176e-04   4.81863608e-18   1.65092790e-18   1.48220994e-18
  3.87200000e-05  -1.22969693e-05   2.81614324e-04  -2.67981618e-04   4.86223534e-18   1.63851438e-18   1.49875340e-18
  3.88000000e-05  -1.23910289e-05   2.82693831e-04  -2.63167411e-04   4.90596825e-18   1.62584762e-18   1.51548817e-18
  3.88800000e-05  -1.24854335e-05   2.83776011e-04  -2.58355583e-04   4.94983230e-18   1.61292344e-18   1.53241580e-18
  3.89600000e-05  -1.24416352e-05   2.85130870e-04  -2.53434295e-04   5.00048433e-18   1.59606260e-18   1.55019476e-18
  3.90400000e-05  -1.25620035e-05   2.86239399e-04  -2.48634141e-04   5.04503967e-18   1.58322230e-18   1.56778466e-18
  3.91200000e-05  -1.26826485e-05   2.87350595e-04  -2.43836415e-04   5.08971712e-18   1.57011025e-18   1.58557541e-18
  3.92000000e-05  -1.28035706e-05   2.88464438e-04  -2.39041145e-04   5.13451403e-18   1.55672213e-18   1.60356855e-18
  3.92800000e-05  -1.29247705e-05   2.89580904e-04  -2.34248361e-04   5.17942767e-18   1.54305359e-18   1.62176562e-18
  3.93600000e-05  -1.30462487e-05   2.90699970e-04  -2.29458093e-04   5.22445527e-18   1.52910028e-18   1.64016818e-18
  3.94400000e-05  -1.31680057e-05   2.91821614e-04  -2.24670370e-04   5.26959399e-18   1.51485783e-18   1.65877776e-18
  3.95200000e-05  -1.32900421e-05   2.92945811e-04  -2.19885224e-04   5.31484095e-18   1.50032187e-18   1.67759589e-18
  3.96000000e-05  -1.34123584e-05   2.94072537e-04  -2.15102684e-04   5.36019318e-18   1.48548802e-18   1.69662410e-18
  3.96800000e-05  -1.40068726e-05   2.95832733e-04  -2.10469545e-04   5.41886334e-18   1.48169217e-18   1.72201501e-18
  3.97600000e-05  -1.40855698e-05   2.97083109e-04  -2.05665219e-04   5.46716839e-18   1.46513599e-18   1.74195217e-18
  3.98400000e-05  -1.41646662e-05   2.98335999e-04  -2.00863655e-04   5.51556910e-18   1.44827366e-18   1.76212055e-18
  3.99200000e-05  -1.42441631e-05   2.99591373e-04  -1.96064888e-04   5.56406195e-18   1.43110048e-18   1.78252186e-18
  4.00000000e-05  -1.43240615e-05   3.00849202e-04  -1.91268951e-04   5.61264337e-18   1.41361171e-18   1.80315783e-18
  4.00800000e-05  -1.44043622e-05   3.02109457e-04  -1.86475879e-04   5.66130973e-18   1.39580265e-18   1.82403014e-18
  4.01600000e-05  -1.44850665e-05   3.03372107e-04  -1.81685705e-04   5.71005733e-18   1.37766855e-18   1.84514049e-18
  4.02400000e-05  -1.45661753e-05   3.04637122e-04  -1.76898465e-04   5.75888237e-18   1.35920469e-18   1.86649056e-18
  4.03200000e-05  -1.46476895e-05   3.05904470e-04  -1.72114194e-04   5.80778104e-18   1.34040633e-18   1.88808202e-18
  4.04000000e-05  -1.47727450e-05   3.06941504e-04  -1.67418210e-04   5.85112380e-18   1.32272164e-18   1.90875896e-18
  4.04800000e-05  -1.45503471e-05   3.07669226e-04  -1.62734254e-04   5.88758246e-18   1.29705673e-18   1.92582732e-18
  4.05600000e-05  -1.46219109e-05   3.09062957e-04  -1.57952336e-04   5.93939120e-18   1.27693124e-18   1.94873280e-18
  4.06400000e-05  -1.46938616e-05   3.10458707e-04  -1.53173587e-04   5.99124848e-18   1.25645632e-18   1.97190152e-18
  4.07200000e-05  -1.47662002e-05   3.11856438e-04  -1.48398046e-04   6.04314990e-18   1.23562692e-18   1.99533523e-18
  4.08000000e-05  -1.48389278e-05   3.13256113e-04  -1.43625752e-04   6.09509096e-18   1.21443803e-18   2.01903570e-18
  4.08800000e-05  -1.49120454e-05   3.14657695e-04  -1.38856745e-04   6.14706711e-18   1.19288461e-18   2.04300467e-18
  4.09600000e-05  -1.49855541e-05   3.16061145e-04  -1.34091063e-04   6.19907370e-18   1.17096165e-18   2.06724384e-18
  4.10400000e-05  -1.50594549e-05   3.17466424e-04  -1.29328748e-04   6.25110601e-18   1.14866414e-18   2.09175493e-18
  4.11200000e-05  -1.52475280e-05   3.18844497e-04  -1.24516422e-04   6.30282560e-18   1.12815155e-18   2.11700913e-18
  4.12000000e-05  -1.53217807e-05   3.20156699e-04  -1.19778949e-04   6.35266502e-18   1.10518992e-18   2.14144319e-18
  4.12800000e-05  -1.53965224e-05   3.21470733e-04  -1.15044921e-04   6.40252301e-18   1.08184048e-18   2.16614051e-18
  4.13600000e-05  -1.54717544e-05   3.22786558e-04  -1.10314379e-04   6.45239470e-18   1.05809853e-18   2.19110256e-18
  4.14400000e-05  -1.55474781e-05   3.24104135e-04  -1.05587363e-04   6.50227513e-18   1.03395937e-18   2.21633082e-18
  4.15200000e-05  -1.56236950e-05   3.25423421e-04  -1.00863917e-04   6.55215925e-18   1.00941832e-18   2.24182672e-18
  4.16000000e-05  -1.57004063e-05   3.26744374e-04  -9.61440814e-05   6.60204193e-18   9.84470695e-19   2.26759169e-18
  4.16800000e-05  -1.57776133e-05   3.28066952e-04  -9.14278997e-05   6.65191798e-18   9.59111849e-19   2.29362712e-18
  4.17600000e-05  -1.58553174e-05   3.29391110e-04  -8.67154151e-05   6.70178208e-18   9.33337136e-19   2.31993439e-18
  4.18400000e-05  -1.60614563e-05   3.30385553e-04  -8.22561949e-05   6.74293870e-18   9.11636319e-19   2.34499121e-18
  4.19200000e-05  -1.61484077e-05   3.31638884e-04  -7.76028514e-05   6.79085543e-18   8.85555891e-19   2.37134669e-18
  4.20000000e-05  -1.62359172e-05   3.32893656e-04  -7.29533215e-05   6.83874730e-18   8.59051768e-19   2.39796551e-18
  4.20800000e-05  -1.63239861e-05   3.34149824e-04  -6.83076486e-05   6.88660891e-18   8.32119631e-19   2.42484880e-18
  4.21600000e-05  -1.64126160e-05   3.35407343e-04  -6.36658766e-05   6.93443477e-18   8.04755180e-19   2.45199768e-18
  4.22400000e-05  -1.65018084e-05   3.36666167e-04  -5.90280497e-05   6.98221927e-18   7.76954137e-19   2.47941323e-18
  4.23200000e-05  -1.65915644e-05   3.37926249e-04  -5.43942127e-05   7.02995676e-18   7.48712243e-19   2.50709648e-18
  4.24000000e-05  -1.66818856e-05   3.39187540e-04  -4.97644105e-05   7.07764148e-18   7.20025265e-19   2.53504846e-18
  4.24800000e-05  -1.67727733e-05   3.40449992e-04  -4.51386890e-05   7.12526758e-18   6.90888993e-19   2.56327016e-18
