       time             b_x              b_y              b_z              F_x              F_y              F_z
  0.00000000e+00  -7.06315620e-06   8.25816366e-05  -2.62472013e-03   6.10758239e-18   1.96890393e-18   4.55120907e-20
  8.00000000e-08  -6.56513625e-06   8.26411639e-05  -2.61994870e-03   6.06089104e-18   2.07613687e-18   5.03001422e-20
  1.60000000e-07  -6.53865067e-06   8.23287723e-05  -2.61519665e-03   6.00325760e-18   2.19291411e-18   5.40252764e-20
  2.40000000e-07  -6.51244987e-06   8.20198526e-05  -2.61044271e-03   5.94353646e-18   2.30808313e-18   5.76919978e-20
  3.20000000e-07  -6.48654798e-06   8.17145885e-05  -2.60568685e-03   5.88177716e-18   2.42160922e-18   6.12999107e-20
  4.00000000e-07  -6.71299797e-06   8.19413221e-05  -2.60132713e-03   5.83101023e-18   2.53987620e-18   6.49580947e-20
  4.80000000e-07  -6.66227421e-06   8.16307751e-05  -2.59649311e-03   5.76477381e-18   2.64961646e-18   6.85092292e-20
  5.60000000e-07  -6.61195079e-06   8.13245213e-05  -2.59165711e-03   5.69666395e-18   2.75760034e-18   7.19981300e-20
  6.40000000e-07  -6.56204060e-06   8.10227332e-05  -2.58681910e-03   5.62673205e-18   2.86379868e-18   7.54246604e-20
  7.20000000e-07  -6.51255632e-06   8.07255807e-05  -2.58197906e-03   5.55502976e-18   2.96818365e-18   7.87887507e-20
  8.00000000e-07  -6.46351036e-06   8.04332306e-05  -2.57713694e-03   5.48160896e-18   3.07072865e-18   8.20903952e-20
  8.80000000e-07  -6.41491488e-06   8.01458468e-05  -2.57229271e-03   5.40652169e-18   3.17140841e-18   8.53296499e-20
  9.60000000e-07  -6.36678180e-06   7.98635902e-05  -2.56744633e-03   5.32982014e-18   3.27019889e-18   8.85066298e-20
  1.04000000e-06  -6.31912276e-06   7.95866186e-05  -2.56259779e-03   5.25155665e-18   3.36707735e-18   9.16215062e-20
  1.12000000e-06  -6.14311372e-06   7.82925694e-05  -2.55785938e-03   5.14791614e-18   3.45868696e-18   9.35021121e-20
  1.20000000e-06  -6.14081151e-06   7.80539506e-05  -2.55305481e-03   5.06744788e-18   3.55233370e-18   9.64160409e-20
  1.28000000e-06  -6.13898380e-06   7.78208763e-05  -2.54824800e-03   4.98555454e-18   3.64402697e-18   9.92741416e-20
  1.36000000e-06  -6.13764115e-06   7.75934924e-05  -2.54343893e-03   4.90228825e-18   3.73374840e-18   1.02076794e-19
  1.44000000e-06  -6.13679384e-06   7.73719414e-05  -2.53862757e-03   4.81770111e-18   3.82148089e-18   1.04824418e-19
  1.52000000e-06  -6.13645192e-06   7.71563629e-05  -2.53381388e-03   4.73184519e-18   3.90720851e-18   1.07517470e-19
  1.60000000e-06  -6.13662519e-06   7.69468933e-05  -2.52899786e-03   4.64477253e-18   3.99091656e-18   1.10156441e-19
  1.68000000e-06  -6.13732316e-06   7.67436658e-05  -2.52417947e-03   4.55653504e-18   4.07259150e-18   1.12741854e-19
  1.76000000e-06  -5.86647907e-06   7.72658607e-05  -2.51915628e-03   4.48395529e-18   4.14563370e-18   1.16710078e-19
  1.84000000e-06  -5.87340103e-06   7.70855187e-05  -2.51433661e-03   4.39391037e-18   4.22365321e-18   1.19226399e-19
  1.92000000e-06  -5.88082358e-06   7.69119226e-05  -2.50951449e-03   4.30284923e-18   4.29961093e-18   1.21691685e-19
  2.00000000e-06  -5.88875546e-06   7.67451945e-05  -2.50468988e-03   4.21082320e-18   4.37349782e-18   1.24106555e-19
  2.08000000e-06  -5.89720517e-06   7.65854536e-05  -2.49986278e-03   4.11788339e-18   4.44530596e-18   1.26471650e-19
  2.16000000e-06  -5.90618094e-06   7.64328155e-05  -2.49503316e-03   4.02408066e-18   4.51502856e-18   1.28787626e-19
  2.24000000e-06  -5.91569079e-06   7.62873926e-05  -2.49020101e-03   3.92946564e-18   4.58265993e-18   1.31055152e-19
  2.32000000e-06  -6.50821755e-06   7.60140470e-05  -2.48564723e-03   3.83107649e-18   4.66240200e-18   1.32550815e-19
  2.40000000e-06  -6.49940246e-06   7.59044509e-05  -2.48078239e-03   3.73518768e-18   4.72528260e-18   1.34793561e-19
  2.48000000e-06  -6.37027618e-06   7.58795319e-05  -2.47620720e-03   3.64072921e-18   4.78379843e-18   1.37225970e-19
  2.56000000e-06  -6.38858587e-06   7.58060679e-05  -2.47131244e-03   3.54409376e-18   4.84309624e-18   1.39397322e-19
  2.64000000e-06  -6.40759270e-06   7.57402863e-05  -2.46641524e-03   3.44689647e-18   4.90030429e-18   1.41526916e-19
  2.72000000e-06  -6.42730347e-06   7.56822806e-05  -2.46151560e-03   3.34918577e-18   4.95542331e-18   1.43615382e-19
  2.80000000e-06  -6.44772465e-06   7.56321408e-05  -2.45661350e-03   3.25100970e-18   5.00845499e-18   1.45663352e-19
  2.88000000e-06  -6.46886245e-06   7.55899538e-05  -2.45170895e-03   3.15241587e-18   5.05940204e-18   1.47671453e-19
  2.96000000e-06  -6.49072276e-06   7.55558029e-05  -2.44680193e-03   3.05345143e-18   5.10826811e-18   1.49640307e-19
  3.04000000e-06  -6.51331123e-06   7.55297684e-05  -2.44189245e-03   2.95416308e-18   5.15505777e-18   1.51570531e-19
  3.12000000e-06  -6.63458432e-06   7.59695503e-05  -2.43704106e-03   2.86536981e-18   5.20229559e-18   1.54369791e-19
  3.20000000e-06  -6.64985095e-06   7.58227111e-05  -2.43207699e-03   2.76227359e-18   5.24481019e-18   1.55960120e-19
  3.28000000e-06  -6.66587717e-06   7.56843990e-05  -2.42711046e-03   2.65900293e-18   5.28520406e-18   1.57505360e-19
  3.36000000e-06  -6.68266813e-06   7.55546793e-05  -2.42214145e-03   2.55560367e-18   5.32348613e-18   1.59006418e-19
  3.44000000e-06  -6.70022869e-06   7.54336139e-05  -2.41716999e-03   2.45212108e-18   5.35966622e-18   1.60464189e-19
  3.52000000e-06  -6.71856340e-06   7.53212612e-05  -2.41219605e-03   2.34859987e-18   5.39375499e-18   1.61879550e-19
  3.60000000e-06  -6.73767651e-06   7.52176764e-05  -2.40721966e-03   2.24508410e-18   5.42576393e-18   1.63253363e-19
  3.68000000e-06  -6.75757198e-06   7.51229109e-05  -2.40224081e-03   2.14161726e-18   5.45570537e-18   1.64586471e-19
  3.76000000e-06  -6.77825348e-06   7.50370132e-05  -2.39725950e-03   2.03824219e-18   5.48359241e-18   1.65879695e-19
  3.84000000e-06  -6.88108895e-06   7.46517412e-05  -2.39258121e-03   1.92772436e-18   5.51191504e-18   1.66434983e-19
  3.92000000e-06  -6.85556153e-06   7.45854138e-05  -2.38762720e-03   1.82465325e-18   5.53455579e-18   1.67651010e-19
  4.00000000e-06  -6.83086945e-06   7.45279977e-05  -2.38267084e-03   1.72181553e-18   5.55518854e-18   1.68825494e-19
  4.08000000e-06  -6.80701451e-06   7.44795257e-05  -2.37771213e-03   1.61925114e-18   5.57382959e-18   1.69959144e-19
  4.16000000e-06  -6.78399821e-06   7.44400271e-05  -2.37275108e-03   1.51699937e-18   5.59049596e-18   1.71052646e-19
  4.24000000e-06  -6.76182180e-06   7.44095282e-05  -2.36778769e-03   1.41509880e-18   5.60520529e-18   1.72106661e-19
  4.32000000e-06  -6.74048621e-06   7.43880519e-05  -2.36282199e-03   1.31358734e-18   5.61797592e-18   1.73121830e-19
  4.40000000e-06  -6.71999211e-06   7.43756183e-05  -2.35785397e-03   1.21250215e-18   5.62882677e-18   1.74098766e-19
  4.48000000e-06  -6.30371195e-06   7.39280264e-05  -2.35306799e-03   1.10145157e-18   5.62881072e-18   1.73893673e-19
  4.56000000e-06  -6.29886785e-06   7.39724194e-05  -2.34816168e-03   1.00236797e-18   5.63618849e-18   1.74863903e-19
  4.64000000e-06  -6.29475994e-06   7.40257634e-05  -2.34325314e-03   9.03802495e-19   5.64172458e-18   1.75799935e-19
  4.72000000e-06  -6.29138851e-06   7.40880675e-05  -2.33834237e-03   8.05789181e-19   5.64543973e-18   1.76702177e-19
  4.80000000e-06  -6.28875362e-06   7.41593380e-05  -2.33342939e-03   7.08361332e-19   5.64735519e-18   1.77571009e-19
  4.88000000e-06  -6.28685512e-06   7.42395784e-05  -2.32851421e-03   6.11551527e-19   5.64749273e-18   1.78406789e-19
  4.96000000e-06  -6.28569260e-06   7.43287892e-05  -2.32359685e-03   5.15391614e-19   5.64587459e-18   1.79209844e-19
  5.04000000e-06  -6.28526544e-06   7.44269683e-05  -2.31867731e-03   4.19912708e-19   5.64252351e-18   1.79980480e-19
  5.12000000e-06  -6.28557280e-06   7.45341107e-05  -2.31375562e-03   3.25145185e-19   5.63746265e-18   1.80718974e-19
  5.20000000e-06  -6.43084000e-06   7.46183785e-05  -2.30914407e-03   2.30105480e-19   5.63482526e-18   1.81444613e-19
  5.28000000e-06  -6.45371536e-06   7.47775284e-05  -2.30421913e-03   1.37559174e-19   5.62690287e-18   1.82221437e-19
  5.36000000e-06  -6.47735881e-06   7.49456029e-05  -2.29929214e-03   4.58021082e-20   5.61735598e-18   1.82969117e-19
  5.44000000e-06  -6.50176878e-06   7.51225876e-05  -2.29436314e-03  -4.51384796e-20   5.60620914e-18   1.83687756e-19
  5.52000000e-06  -6.52694349e-06   7.53084651e-05  -2.28943213e-03  -1.35236091e-19   5.59348726e-18   1.84377432e-19
  5.60000000e-06  -6.55288097e-06   7.55032158e-05  -2.28449913e-03  -2.24464970e-19   5.57921558e-18   1.85038201e-19
  5.68000000e-06  -6.57957901e-06   7.57068175e-05  -2.27956417e-03  -3.12800104e-19   5.56341966e-18   1.85670093e-19
  5.76000000e-06  -6.60703522e-06   7.59192457e-05  -2.27462725e-03  -4.00217221e-19   5.54612537e-18   1.86273115e-19
  5.84000000e-06  -7.00145889e-06   7.67510332e-05  -2.26908702e-03  -4.71796369e-19   5.53461964e-18   1.88662239e-19
  5.92000000e-06  -7.02119738e-06   7.70502421e-05  -2.26411797e-03  -5.55755356e-19   5.51439735e-18   1.89384001e-19
  6.00000000e-06  -7.04174433e-06   7.73583514e-05  -2.25914692e-03  -6.38721603e-19   5.49278346e-18   1.90076344e-19
  6.08000000e-06  -7.06309550e-06   7.76753266e-05  -2.25417391e-03  -7.20674300e-19   5.46980481e-18   1.90739084e-19
  6.16000000e-06  -7.08524647e-06   7.80011313e-05  -2.24919896e-03  -8.01593371e-19   5.44548845e-18   1.91372019e-19
  6.24000000e-06  -7.10819263e-06   7.83357267e-05  -2.24422210e-03  -8.81459467e-19   5.41986162e-18   1.91974931e-19
  6.32000000e-06  -7.13192918e-06   7.86790720e-05  -2.23924333e-03  -9.60253966e-19   5.39295172e-18   1.92547587e-19
  6.40000000e-06  -7.15645118e-06   7.90311243e-05  -2.23426270e-03  -1.03795897e-18   5.36478631e-18   1.93089737e-19
  6.48000000e-06  -7.18175347e-06   7.93918386e-05  -2.22928022e-03  -1.11455730e-18   5.33539309e-18   1.93601118e-19
  6.56000000e-06  -6.82865941e-06   8.09138130e-05  -2.22475404e-03  -1.16351019e-18   5.29732621e-18   1.96233862e-19
  6.64000000e-06  -6.86456023e-06   8.12510821e-05  -2.21963596e-03  -1.23851053e-18   5.26591066e-18   1.96592044e-19
  6.72000000e-06  -6.90116014e-06   8.15970608e-05  -2.21451622e-03  -1.31234804e-18   5.23333888e-18   1.96919666e-19
  6.80000000e-06  -6.93845421e-06   8.19516944e-05  -2.20939483e-03  -1.38500828e-18   5.19963940e-18   1.97216483e-19
  6.88000000e-06  -6.97643738e-06   8.23149266e-05  -2.20427181e-03  -1.45647753e-18   5.16484086e-18   1.97482233e-19
  6.96000000e-06  -7.01510446e-06   8.26866993e-05  -2.19914720e-03  -1.52674277e-18   5.12897189e-18   1.97716649e-19
  7.04000000e-06  -7.05445010e-06   8.30669524e-05  -2.19402102e-03  -1.59579169e-18   5.09206119e-18   1.97919451e-19
  7.12000000e-06  -7.09446885e-06   8.34556243e-05  -2.18889330e-03  -1.66361267e-18   5.05413744e-18   1.98090352e-19
  7.20000000e-06  -7.11471670e-06   8.29494086e-05  -2.18455407e-03  -1.75272336e-18   5.01640359e-18   1.96185504e-19
  7.28000000e-06  -7.15171864e-06   8.33112959e-05  -2.17942517e-03  -1.81912119e-18   4.97604649e-18   1.96185091e-19
  7.36000000e-06  -7.18938423e-06   8.36812867e-05  -2.17429487e-03  -1.88425450e-18   4.93474638e-18   1.96152124e-19
  7.44000000e-06  -7.22770755e-06   8.40593140e-05  -2.16916319e-03  -1.94811416e-18   4.89253208e-18   1.96086349e-19
  7.52000000e-06  -7.26668255e-06   8.44453092e-05  -2.16403015e-03  -2.01069167e-18   4.84943237e-18   1.95987507e-19
  7.60000000e-06  -7.30630309e-06   8.48392024e-05  -2.15889579e-03  -2.07197922e-18   4.80547594e-18   1.95855333e-19
  7.68000000e-06  -7.50678885e-06   8.55386597e-05  -2.15326739e-03  -2.12405390e-18   4.76342868e-18   1.96632397e-19
  7.76000000e-06  -7.55644793e-06   8.58652225e-05  -2.14818510e-03  -2.18482310e-18   4.71828667e-18   1.96280217e-19
  7.84000000e-06  -7.60679345e-06   8.61995267e-05  -2.14310155e-03  -2.24429177e-18   4.67233848e-18   1.95896097e-19
  7.92000000e-06  -7.65524079e-06   8.67220145e-05  -2.13863964e-03  -2.29950153e-18   4.62687651e-18   1.95851270e-19
  8.00000000e-06  -7.68559240e-06   8.71299453e-05  -2.13352845e-03  -2.35497066e-18   4.57889687e-18   1.95478237e-19
  8.08000000e-06  -7.71656279e-06   8.75453775e-05  -2.12841617e-03  -2.40911377e-18   4.53021786e-18   1.95069797e-19
  8.16000000e-06  -7.74814422e-06   8.79682308e-05  -2.12330282e-03  -2.46192723e-18   4.48086743e-18   1.94625723e-19
  8.24000000e-06  -7.78032890e-06   8.83984236e-05  -2.11818843e-03  -2.51340796e-18   4.43087341e-18   1.94145789e-19
  8.32000000e-06  -7.81310898e-06   8.88358732e-05  -2.11307303e-03  -2.56355350e-18   4.38026345e-18   1.93629774e-19
  8.40000000e-06  -7.84647652e-06   8.92804962e-05  -2.10795662e-03  -2.61236195e-18   4.32906502e-18   1.93077460e-19
  8.48000000e-06  -7.88042351e-06   8.97322080e-05  -2.10283924e-03  -2.65983196e-18   4.27730543e-18   1.92488639e-19
  8.56000000e-06  -8.00413270e-06   8.90389374e-05  -2.09756817e-03  -2.73260771e-18   4.22672920e-18   1.89846336e-19
  8.64000000e-06  -8.03118009e-06   8.95879827e-05  -2.09254394e-03  -2.77568238e-18   4.17351103e-18   1.89333391e-19
  8.72000000e-06  -8.05870641e-06   9.01437464e-05  -2.08751883e-03  -2.81742037e-18   4.11983609e-18   1.88780200e-19
  8.80000000e-06  -8.08670393e-06   9.07061447e-05  -2.08249286e-03  -2.85782269e-18   4.06573051e-18   1.88186530e-19
  8.88000000e-06  -8.11516490e-06   9.12750932e-05  -2.07746605e-03  -2.89689087e-18   4.01122021e-18   1.87552160e-19
  8.96000000e-06  -8.14408153e-06   9.18505067e-05  -2.07243842e-03  -2.93462693e-18   3.95633087e-18   1.86876885e-19
  9.04000000e-06  -8.17344602e-06   9.24322995e-05  -2.06741000e-03  -2.97103337e-18   3.90108794e-18   1.86160515e-19
  9.12000000e-06  -8.20325054e-06   9.30203853e-05  -2.06238081e-03  -3.00611316e-18   3.84551658e-18   1.85402876e-19
  9.20000000e-06  -8.23348725e-06   9.36146769e-05  -2.05735087e-03  -3.03986973e-18   3.78964175e-18   1.84603814e-19
  9.28000000e-06  -8.27235420e-06   9.54003918e-05  -2.05176676e-03  -3.04311859e-18   3.73302550e-18   1.85842688e-19
  9.36000000e-06  -8.35065909e-06   9.58689587e-05  -2.04673541e-03  -3.07746175e-18   3.67816813e-18   1.84841177e-19
  9.44000000e-06  -8.42938960e-06   9.63435314e-05  -2.04170336e-03  -3.11051677e-18   3.62302813e-18   1.83804900e-19
  9.52000000e-06  -8.50853786e-06   9.68240193e-05  -2.03667063e-03  -3.14228788e-18   3.56762940e-18   1.82733765e-19
  9.60000000e-06  -8.58809599e-06   9.73103316e-05  -2.03163725e-03  -3.17277975e-18   3.51199553e-18   1.81627693e-19
  9.68000000e-06  -8.66805609e-06   9.78023773e-05  -2.02660324e-03  -3.20199748e-18   3.45614987e-18   1.80486619e-19
  9.76000000e-06  -8.74841026e-06   9.83000647e-05  -2.02156862e-03  -3.22994655e-18   3.40011545e-18   1.79310493e-19
  9.84000000e-06  -8.92622162e-06   9.84466683e-05  -2.01682910e-03  -3.26580020e-18   3.34663734e-18   1.77812068e-19
  9.92000000e-06  -9.07528022e-06   9.89347487e-05  -2.01168614e-03  -3.29146238e-18   3.29158752e-18   1.76729024e-19
  1.00000000e-05  -9.14197779e-06   9.94979502e-05  -2.00665312e-03  -3.31456344e-18   3.23464014e-18   1.75487096e-19
  1.00800000e-05  -9.20910643e-06   1.00066411e-04  -2.00161965e-03  -3.33641486e-18   3.17761215e-18   1.74207743e-19
  1.01600000e-05  -9.27665715e-06   1.00640040e-04  -1.99658575e-03  -3.35702429e-18   3.12052506e-18   1.72891012e-19
  1.02400000e-05  -9.34462099e-06   1.01218748e-04  -1.99155146e-03  -3.37639970e-18   3.06340008e-18   1.71536968e-19
  1.03200000e-05  -9.41298901e-06   1.01802445e-04  -1.98651677e-03  -3.39454941e-18   3.00625810e-18   1.70145697e-19
  1.04000000e-05  -9.48175227e-06   1.02391039e-04  -1.98148173e-03  -3.41148205e-18   2.94911970e-18   1.68717305e-19
  1.04800000e-05  -9.55090186e-06   1.02984441e-04  -1.97644634e-03  -3.42720657e-18   2.89200511e-18   1.67251918e-19
  1.05600000e-05  -9.62042891e-06   1.03582559e-04  -1.97141064e-03  -3.44173220e-18   2.83493426e-18   1.65749681e-19
  1.06400000e-05  -9.68708130e-06   1.05028836e-04  -1.96650329e-03  -3.43572312e-18   2.77817060e-18   1.65303640e-19
  1.07200000e-05  -9.73771504e-06   1.05601033e-04  -1.96144852e-03  -3.44865161e-18   2.72104428e-18   1.63617382e-19
  1.08000000e-05  -9.78867217e-06   1.06177679e-04  -1.95639350e-03  -3.46040651e-18   2.66400686e-18   1.61895269e-19
  1.08800000e-05  -9.83994382e-06   1.06758681e-04  -1.95133824e-03  -3.47099815e-18   2.60707710e-18   1.60137557e-19
  1.09600000e-05  -9.89152116e-06   1.07343942e-04  -1.94628276e-03  -3.48043710e-18   2.55027340e-18   1.58344523e-19
  1.10400000e-05  -9.94339542e-06   1.07933368e-04  -1.94122709e-03  -3.48873420e-18   2.49361383e-18   1.56516466e-19
  1.11200000e-05  -9.99555785e-06   1.08526866e-04  -1.93617123e-03  -3.49590053e-18   2.43711612e-18   1.54653702e-19
  1.12000000e-05  -1.00479998e-05   1.09124341e-04  -1.93111522e-03  -3.50194737e-18   2.38079764e-18   1.52756572e-19
  1.12800000e-05  -1.01007126e-05   1.09725700e-04  -1.92605906e-03  -3.50688626e-18   2.32467544e-18   1.50825433e-19
  1.13600000e-05  -1.00478051e-05   1.10207094e-04  -1.92130694e-03  -3.51455176e-18   2.26652935e-18   1.48389171e-19
  1.14400000e-05  -1.01269174e-05   1.10996052e-04  -1.91623753e-03  -3.51303333e-18   2.21140869e-18   1.46659185e-19
  1.15200000e-05  -1.02063004e-05   1.11788632e-04  -1.91116800e-03  -3.51045119e-18   2.15659727e-18   1.44891385e-19
  1.16000000e-05  -1.02859463e-05   1.12584744e-04  -1.90609838e-03  -3.50681845e-18   2.10211012e-18   1.43086254e-19
  1.16800000e-05  -1.03658472e-05   1.13384299e-04  -1.90102868e-03  -3.50214841e-18   2.04796194e-18   1.41244299e-19
  1.17600000e-05  -1.04459954e-05   1.14187207e-04  -1.89595892e-03  -3.49645448e-18   1.99416707e-18   1.39366055e-19
  1.18400000e-05  -1.05263832e-05   1.14993380e-04  -1.89088911e-03  -3.48975023e-18   1.94073947e-18   1.37452080e-19
  1.19200000e-05  -1.06070031e-05   1.15802732e-04  -1.88581926e-03  -3.48204934e-18   1.88769277e-18   1.35502958e-19
  1.20000000e-05  -1.07075960e-05   1.16484947e-04  -1.88051718e-03  -3.47564641e-18   1.83529213e-18   1.33473774e-19
  1.20800000e-05  -1.07626975e-05   1.17339434e-04  -1.87539472e-03  -3.46490265e-18   1.78237825e-18   1.31404312e-19
  1.21600000e-05  -1.08180239e-05   1.18196872e-04  -1.87027228e-03  -3.45319254e-18   1.72990306e-18   1.29299810e-19
  1.22400000e-05  -1.08735677e-05   1.19057177e-04  -1.86514987e-03  -3.44053064e-18   1.67787880e-18   1.27161018e-19
  1.23200000e-05  -1.09293214e-05   1.19920264e-04  -1.86002750e-03  -3.42693159e-18   1.62631732e-18   1.24988711e-19
  1.24000000e-05  -1.09852776e-05   1.20786046e-04  -1.85490518e-03  -3.41241008e-18   1.57523014e-18   1.22783685e-19
  1.24800000e-05  -1.10414289e-05   1.21654442e-04  -1.84978293e-03  -3.39698091e-18   1.52462841e-18   1.20546762e-19
  1.25600000e-05  -1.10977680e-05   1.22525368e-04  -1.84466076e-03  -3.38065892e-18   1.47452293e-18   1.18278785e-19
  1.26400000e-05  -1.11542879e-05   1.23398742e-04  -1.83953867e-03  -3.36345899e-18   1.42492414e-18   1.15980620e-19
  1.27200000e-05  -1.12804069e-05   1.24849118e-04  -1.83437568e-03  -3.33185138e-18   1.37761247e-18   1.14250501e-19
  1.28000000e-05  -1.13202022e-05   1.25570087e-04  -1.82920613e-03  -3.31647076e-18   1.32879615e-18   1.11742556e-19
  1.28800000e-05  -1.13601438e-05   1.26293235e-04  -1.82403669e-03  -3.30025227e-18   1.28046770e-18   1.09211481e-19
  1.29600000e-05  -1.14002248e-05   1.27018482e-04  -1.81886738e-03  -3.28321042e-18   1.23263665e-18   1.06658119e-19
  1.30400000e-05  -1.14404383e-05   1.27745749e-04  -1.81369820e-03  -3.26535973e-18   1.18531222e-18   1.04083327e-19
  1.31200000e-05  -1.14807776e-05   1.28474956e-04  -1.80852917e-03  -3.24671475e-18   1.13850328e-18   1.01487978e-19
  1.32000000e-05  -1.15212359e-05   1.29206027e-04  -1.80336030e-03  -3.22729005e-18   1.09221836e-18   9.88729571e-20
  1.32800000e-05  -1.15813242e-05   1.29712717e-04  -1.79832631e-03  -3.21285275e-18   1.04696192e-18   9.62079924e-20
  1.33600000e-05  -1.16604995e-05   1.30540802e-04  -1.79306003e-03  -3.18939819e-18   1.00254262e-18   9.37295409e-20
  1.34400000e-05  -1.17367405e-05   1.31088782e-04  -1.78801689e-03  -3.17257868e-18   9.58675886e-19   9.11106534e-20
  1.35200000e-05  -1.18130498e-05   1.31638352e-04  -1.78297395e-03  -3.15504904e-18   9.15291493e-19   8.84803812e-20
  1.36000000e-05  -1.18894213e-05   1.32189439e-04  -1.77793123e-03  -3.13682259e-18   8.72396881e-19   8.58394619e-20
  1.36800000e-05  -1.19658489e-05   1.32741974e-04  -1.77288872e-03  -3.11791268e-18   8.29999206e-19   8.31886419e-20
  1.37600000e-05  -1.20423266e-05   1.33295886e-04  -1.76784644e-03  -3.09833266e-18   7.88105334e-19   8.05286756e-20
  1.38400000e-05  -1.21188485e-05   1.33851107e-04  -1.76280439e-03  -3.07809585e-18   7.46721851e-19   7.78603254e-20
  1.39200000e-05  -1.21954089e-05   1.34407569e-04  -1.75776259e-03  -3.05721557e-18   7.05855061e-19   7.51843608e-20
  1.40000000e-05  -1.22720019e-05   1.34965204e-04  -1.75272103e-03  -3.03570514e-18   6.65510992e-19   7.25015584e-20
  1.40800000e-05  -1.23078411e-05   1.35593978e-04  -1.74784250e-03  -3.01250806e-18   6.24777755e-19   6.96822351e-20
  1.41600000e-05  -1.24026591e-05   1.36238224e-04  -1.74277610e-03  -2.98770632e-18   5.85940675e-19   6.70671464e-20
  1.42400000e-05  -1.24975093e-05   1.36883433e-04  -1.73770992e-03  -2.96232040e-18   5.47671656e-19   6.44462011e-20
  1.43200000e-05  -1.25923865e-05   1.37529543e-04  -1.73264398e-03  -2.93636381e-18   5.09975313e-19   6.18202594e-20
  1.44000000e-05  -1.26872856e-05   1.38176493e-04  -1.72757826e-03  -2.90985001e-18   4.72855994e-19   5.91901874e-20
  1.44800000e-05  -1.27822016e-05   1.38824220e-04  -1.72251278e-03  -2.88279239e-18   4.36317784e-19   5.65568574e-20
  1.45600000e-05  -1.28771296e-05   1.39472666e-04  -1.71744754e-03  -2.85520430e-18   4.00364509e-19   5.39211469e-20
  1.46400000e-05  -1.29720648e-05   1.40121770e-04  -1.71238255e-03  -2.82709901e-18   3.64999739e-19   5.12839385e-20
  1.47200000e-05  -1.31451636e-05   1.40717170e-04  -1.70715245e-03  -2.79917084e-18   3.32048275e-19   4.89238392e-20
  1.48000000e-05  -1.32158194e-05   1.41581715e-04  -1.70214352e-03  -2.76528505e-18   2.97328710e-19   4.62016367e-20
  1.48800000e-05  -1.32864359e-05   1.42446765e-04  -1.69713487e-03  -2.73091473e-18   2.63265892e-19   4.34765080e-20
  1.49600000e-05  -1.33570089e-05   1.43312262e-04  -1.69212651e-03  -2.69607363e-18   2.29861975e-19   4.07496241e-20
  1.50400000e-05  -1.34275347e-05   1.44178153e-04  -1.68711843e-03  -2.66077540e-18   1.97118869e-19   3.80221609e-20
  1.51200000e-05  -1.34980093e-05   1.45044384e-04  -1.68211064e-03  -2.62503359e-18   1.65038239e-19   3.52952985e-20
  1.52000000e-05  -1.35684291e-05   1.45910901e-04  -1.67710315e-03  -2.58886162e-18   1.33621509e-19   3.25702210e-20
  1.52800000e-05  -1.36387904e-05   1.46777654e-04  -1.67209594e-03  -2.55227284e-18   1.02869869e-19   2.98481154e-20
  1.53600000e-05  -1.37090899e-05   1.47644593e-04  -1.66708903e-03  -2.51528046e-18   7.27842779e-20   2.71301713e-20
  1.54400000e-05  -1.40516807e-05   1.48981344e-04  -1.66227359e-03  -2.46765816e-18   4.97553445e-20   2.53191549e-20
  1.55200000e-05  -1.41215193e-05   1.49967563e-04  -1.65721516e-03  -2.42701468e-18   2.11502880e-20   2.25951298e-20
  1.56000000e-05  -1.41912675e-05   1.50953830e-04  -1.65215701e-03  -2.38600785e-18  -6.75004596e-21   1.98779716e-20
  1.56800000e-05  -1.42609222e-05   1.51940099e-04  -1.64709913e-03  -2.34465086e-18  -3.39459855e-20   1.71690498e-20
  1.57600000e-05  -1.43304805e-05   1.52926324e-04  -1.64204153e-03  -2.30295679e-18  -6.04380759e-20   1.44697342e-20
  1.58400000e-05  -1.43999395e-05   1.53912460e-04  -1.63698421e-03  -2.26093857e-18  -8.62270754e-20   1.17813949e-20
  1.59200000e-05  -1.44692966e-05   1.54898466e-04  -1.63192715e-03  -2.21860897e-18  -1.11313951e-19   9.10540096e-21
  1.60000000e-05  -1.45385493e-05   1.55884299e-04  -1.62687037e-03  -2.17598063e-18  -1.35699873e-19   6.44312059e-21
  1.60800000e-05  -1.46076949e-05   1.56869918e-04  -1.62181387e-03  -2.13306603e-18  -1.59386213e-19   3.79592000e-21
  1.61600000e-05  -1.39778488e-05   1.57268290e-04  -1.61728625e-03  -2.10527055e-18  -1.99037092e-19  -1.15939260e-21
  1.62400000e-05  -1.40722089e-05   1.58184989e-04  -1.61212927e-03  -2.06284978e-18  -2.20905011e-19  -3.66906294e-21
  1.63200000e-05  -1.41665303e-05   1.59101392e-04  -1.60697251e-03  -2.02018519e-18  -2.42085025e-19  -6.15881702e-21
  1.64000000e-05  -1.42608106e-05   1.60017465e-04  -1.60181599e-03  -1.97728859e-18  -2.62579325e-19  -8.62742042e-21
  1.64800000e-05  -1.43550469e-05   1.60933172e-04  -1.59665970e-03  -1.93417158e-18  -2.82390282e-19  -1.10736432e-20
  1.65600000e-05  -1.44492370e-05   1.61848479e-04  -1.59150364e-03  -1.89084565e-18  -3.01520440e-19  -1.34962605e-20
  1.66400000e-05  -1.45433785e-05   1.62763353e-04  -1.58634780e-03  -1.84732209e-18  -3.19972514e-19  -1.58940525e-20
  1.67200000e-05  -1.46374690e-05   1.63677764e-04  -1.58119219e-03  -1.80361202e-18  -3.37749383e-19  -1.82658053e-20
  1.68000000e-05  -1.51384810e-05   1.65197502e-04  -1.57564059e-03  -1.74421860e-18  -3.45102735e-19  -1.94240296e-20
  1.68800000e-05  -1.51396485e-05   1.65834105e-04  -1.57052253e-03  -1.70687000e-18  -3.63571186e-19  -2.19360690e-20
  1.69600000e-05  -1.51407032e-05   1.66470097e-04  -1.56540472e-03  -1.66934293e-18  -3.81457635e-19  -2.44194123e-20
  1.70400000e-05  -1.51416438e-05   1.67105446e-04  -1.56028715e-03  -1.63164717e-18  -3.98764455e-19  -2.68731891e-20
  1.71200000e-05  -1.51424689e-05   1.67740123e-04  -1.55516982e-03  -1.59379234e-18  -4.15494163e-19  -2.92965375e-20
  1.72000000e-05  -1.51431772e-05   1.68374101e-04  -1.55005273e-03  -1.55578792e-18  -4.31649408e-19  -3.16886052e-20
  1.72800000e-05  -1.51437676e-05   1.69007354e-04  -1.54493587e-03  -1.51764325e-18  -4.47232976e-19  -3.40485491e-20
  1.73600000e-05  -1.51442390e-05   1.69639854e-04  -1.53981924e-03  -1.47936754e-18  -4.62247781e-19  -3.63755359e-20
  1.74400000e-05  -1.51445905e-05   1.70271576e-04  -1.53470284e-03  -1.44096984e-18  -4.76696861e-19  -3.86687418e-20
  1.75200000e-05  -1.51874757e-05   1.70966093e-04  -1.53025695e-03  -1.40333609e-18  -4.89965722e-19  -4.08130101e-20
  1.76000000e-05  -1.52713915e-05   1.71604828e-04  -1.52517704e-03  -1.36466246e-18  -5.01373318e-19  -4.27476846e-20
  1.76800000e-05  -1.53551907e-05   1.72242714e-04  -1.52009732e-03  -1.32591528e-18  -5.12224780e-19  -4.46466837e-20
  1.77600000e-05  -1.54388727e-05   1.72879733e-04  -1.51501777e-03  -1.28710273e-18  -5.22523836e-19  -4.65092670e-20
  1.78400000e-05  -1.55323827e-05   1.73263146e-04  -1.50964097e-03  -1.25309416e-18  -5.31907630e-19  -4.81547951e-20
  1.79200000e-05  -1.56143100e-05   1.73881574e-04  -1.50463540e-03  -1.21483043e-18  -5.41250197e-19  -4.99421301e-20
  1.80000000e-05  -1.56961181e-05   1.74499176e-04  -1.49963002e-03  -1.17652062e-18  -5.50060725e-19  -5.16916411e-20
  1.80800000e-05  -1.57778070e-05   1.75115937e-04  -1.49462480e-03  -1.13817223e-18  -5.58343139e-19  -5.34026468e-20
  1.81600000e-05  -1.59226932e-05   1.76113480e-04  -1.48968097e-03  -1.09109739e-18  -5.64640663e-19  -5.50907376e-20
  1.82400000e-05  -1.60446878e-05   1.76774186e-04  -1.48464726e-03  -1.05154895e-18  -5.70808901e-19  -5.66009896e-20
  1.83200000e-05  -1.61665503e-05   1.77433914e-04  -1.47961369e-03  -1.01199808e-18  -5.76448937e-19  -5.80699365e-20
  1.84000000e-05  -1.62882814e-05   1.78092656e-04  -1.47458026e-03  -9.72451645e-19  -5.81565346e-19  -5.94968978e-20
  1.84800000e-05  -1.64098818e-05   1.78750403e-04  -1.46954695e-03  -9.32916345e-19  -5.86162777e-19  -6.08812025e-20
  1.85600000e-05  -1.65313524e-05   1.79407149e-04  -1.46451377e-03  -8.93398732e-19  -5.90245949e-19  -6.22221894e-20
  1.86400000e-05  -1.66526941e-05   1.80062886e-04  -1.45948071e-03  -8.53905208e-19  -5.93819650e-19  -6.35192072e-20
  1.87200000e-05  -1.67739077e-05   1.80717609e-04  -1.45444776e-03  -8.14442022e-19  -5.96888734e-19  -6.47716143e-20
  1.88000000e-05  -1.68949944e-05   1.81371314e-04  -1.44941493e-03  -7.75015273e-19  -5.99458116e-19  -6.59787790e-20
  1.88800000e-05  -1.68747166e-05   1.81778746e-04  -1.44457386e-03  -7.41994722e-19  -6.05022825e-19  -6.74658059e-20
  1.89600000e-05  -1.70257615e-05   1.82688972e-04  -1.43951526e-03  -6.96493488e-19  -6.05921146e-19  -6.86597649e-20
  1.90400000e-05  -1.71767037e-05   1.83598226e-04  -1.43445672e-03  -6.51052692e-19  -6.06266000e-19  -6.98009370e-20
  1.91200000e-05  -1.73275446e-05   1.84506508e-04  -1.42939824e-03  -6.05678509e-19  -6.06063342e-19  -7.08883687e-20
  1.92000000e-05  -1.74782854e-05   1.85413816e-04  -1.42433982e-03  -5.60376949e-19  -6.05319184e-19  -7.19211175e-20
  1.92800000e-05  -1.76289276e-05   1.86320152e-04  -1.41928146e-03  -5.15153851e-19  -6.04039589e-19  -7.28982523e-20
  1.93600000e-05  -1.77794725e-05   1.87225514e-04  -1.41422314e-03  -4.70014890e-19  -6.02230668e-19  -7.38188527e-20
  1.94400000e-05  -1.79299217e-05   1.88129907e-04  -1.40916487e-03  -4.24965571e-19  -5.99898581e-19  -7.46820098e-20
  1.95200000e-05  -1.82489263e-05   1.88651715e-04  -1.40391751e-03  -3.88283134e-19  -5.92977850e-19  -7.46343981e-20
  1.96000000e-05  -1.83336063e-05   1.89524937e-04  -1.39896129e-03  -3.44496622e-19  -5.91318430e-19  -7.55944594e-20
  1.96800000e-05  -1.84181810e-05   1.90397232e-04  -1.39400513e-03  -3.00794924e-19  -5.89166149e-19  -7.64957791e-20
  1.97600000e-05  -1.85026527e-05   1.91268601e-04  -1.38904901e-03  -2.57183066e-19  -5.86526877e-19  -7.73375201e-20
  1.98400000e-05  -1.85870235e-05   1.92139045e-04  -1.38409293e-03  -2.13665921e-19  -5.83406517e-19  -7.81188567e-20
  1.99200000e-05  -1.86712956e-05   1.93008567e-04  -1.37913689e-03  -1.70248211e-19  -5.79811012e-19  -7.88389746e-20
  2.00000000e-05  -1.87554714e-05   1.93877171e-04  -1.37418087e-03  -1.26934505e-19  -5.75746334e-19  -7.94970708e-20
  2.00800000e-05  -1.88395532e-05   1.94744859e-04  -1.36922487e-03  -8.37292271e-20  -5.71218486e-19  -8.00923538e-20
  2.01600000e-05  -1.89235434e-05   1.95611639e-04  -1.36426889e-03  -4.06366498e-20  -5.66233501e-19  -8.06240432e-20
  2.02400000e-05  -1.90580461e-05   1.97848010e-04  -1.35924218e-03   3.45949567e-20  -5.59391206e-19  -8.19086922e-20
  2.03200000e-05  -1.91068584e-05   1.98469939e-04  -1.35419015e-03   7.20837383e-20  -5.53950680e-19  -8.22040031e-20
  2.04000000e-05  -1.91555831e-05   1.99090921e-04  -1.34913812e-03   1.09450294e-19  -5.48129277e-19  -8.24408897e-20
  2.04800000e-05  -1.92042224e-05   1.99710968e-04  -1.34408607e-03   1.46691572e-19  -5.41932572e-19  -8.26189471e-20
  2.05600000e-05  -1.92527783e-05   2.00330092e-04  -1.33903401e-03   1.83804649e-19  -5.35366153e-19  -8.27377794e-20
  2.06400000e-05  -1.93012531e-05   2.00948304e-04  -1.33398192e-03   2.20786730e-19  -5.28435615e-19  -8.27969998e-20
  2.07200000e-05  -1.93496490e-05   2.01565618e-04  -1.32892981e-03   2.57635146e-19  -5.21146561e-19  -8.27962301e-20
  2.08000000e-05  -1.93979686e-05   2.02182047e-04  -1.32387766e-03   2.94347353e-19  -5.13504599e-19  -8.27351008e-20
  2.08800000e-05  -1.94462140e-05   2.02797605e-04  -1.31882547e-03   3.30920932e-19  -5.05515338e-19  -8.26132506e-20
  2.09600000e-05  -1.95526451e-05   2.03104385e-04  -1.31401389e-03   3.59338679e-19  -4.96082049e-19  -8.20253593e-20
  2.10400000e-05  -1.95676296e-05   2.03815030e-04  -1.30890481e-03   3.98073067e-19  -4.88215234e-19  -8.19730728e-20
  2.11200000e-05  -1.95825466e-05   2.04524861e-04  -1.30379567e-03   4.36670441e-19  -4.79993289e-19  -8.18546051e-20
  2.12000000e-05  -1.95973990e-05   2.05233892e-04  -1.29868648e-03   4.75128490e-19  -4.71422073e-19  -8.16694953e-20
  2.12800000e-05  -1.96121896e-05   2.05942139e-04  -1.29357723e-03   5.13445027e-19  -4.62507444e-19  -8.14172908e-20
  2.13600000e-05  -1.96269214e-05   2.06649617e-04  -1.28846791e-03   5.51617988e-19  -4.53255257e-19  -8.10975480e-20
  2.14400000e-05  -1.96415973e-05   2.07356342e-04  -1.28335852e-03   5.89645432e-19  -4.43671366e-19  -8.07098314e-20
  2.15200000e-05  -1.96562204e-05   2.08062331e-04  -1.27824905e-03   6.27525538e-19  -4.33761616e-19  -8.02537139e-20
  2.16000000e-05  -1.93575474e-05   2.07313533e-04  -1.27316331e-03   6.31211470e-19  -4.30989903e-19  -7.97766827e-20
  2.16800000e-05  -1.94242141e-05   2.08137135e-04  -1.26814839e-03   6.71328905e-19  -4.19610350e-19  -7.91520400e-20
  2.17600000e-05  -1.96831788e-05   2.12781348e-04  -1.26387094e-03   7.98154188e-19  -4.03251435e-19  -8.03203813e-20
  2.18400000e-05  -1.97122509e-05   2.13397344e-04  -1.25879897e-03   8.33278103e-19  -3.91226049e-19  -7.93712017e-20
  2.19200000e-05  -1.97412929e-05   2.14012701e-04  -1.25372690e-03   8.68238823e-19  -3.78928158e-19  -7.83548597e-20
  2.20000000e-05  -1.97703078e-05   2.14627442e-04  -1.24865473e-03   9.03035599e-19  -3.66363353e-19  -7.72710970e-20
  2.20800000e-05  -1.97992988e-05   2.15241590e-04  -1.24358246e-03   9.37667786e-19  -3.53537205e-19  -7.61196604e-20
  2.21600000e-05  -1.98282689e-05   2.15855169e-04  -1.23851009e-03   9.72134842e-19  -3.40455264e-19  -7.49003022e-20
  2.22400000e-05  -1.98572214e-05   2.16468203e-04  -1.23343760e-03   1.00643633e-18  -3.27123062e-19  -7.36127796e-20
  2.23200000e-05  -1.92407210e-05   2.13167093e-04  -1.22795670e-03   9.50517894e-19  -3.29061079e-19  -7.20169064e-20
  2.24000000e-05  -1.93314794e-05   2.13995087e-04  -1.22288809e-03   9.89662762e-19  -3.14622105e-19  -7.07008525e-20
  2.24800000e-05  -1.94222155e-05   2.14822536e-04  -1.21781936e-03   1.02863281e-18  -2.99894557e-19  -6.93062045e-20
  2.25600000e-05  -2.03239254e-05   2.18326235e-04  -1.21312701e-03   1.12867215e-18  -2.65772165e-19  -6.67399902e-20
  2.26400000e-05  -2.03841267e-05   2.18918236e-04  -1.20802843e-03   1.16173039e-18  -2.50638173e-19  -6.50234088e-20
  2.27200000e-05  -2.04443396e-05   2.19509835e-04  -1.20292972e-03   1.19461660e-18  -2.35289600e-19  -6.32385479e-20
  2.28000000e-05  -2.05045679e-05   2.20101060e-04  -1.19783090e-03   1.22733113e-18  -2.19731812e-19  -6.13852081e-20
  2.28800000e-05  -2.05648157e-05   2.20691936e-04  -1.19273195e-03   1.25987438e-18  -2.03970144e-19  -5.94631932e-20
  2.29600000e-05  -2.06919228e-05   2.20767878e-04  -1.18746455e-03   1.28075833e-18  -1.86375390e-19  -5.69676391e-20
  2.30400000e-05  -2.07253530e-05   2.21437111e-04  -1.18245855e-03   1.31449052e-18  -1.71000695e-19  -5.50625474e-20
  2.31200000e-05  -2.07588213e-05   2.22106062e-04  -1.17745241e-03   1.34806046e-18  -1.55421244e-19  -5.30842229e-20
  2.32000000e-05  -2.07923315e-05   2.22774755e-04  -1.17244613e-03   1.38146856e-18  -1.39642288e-19  -5.10323903e-20
  2.32800000e-05  -2.08258877e-05   2.23443219e-04  -1.16743971e-03   1.41471535e-18  -1.23669052e-19  -4.89067771e-20
  2.33600000e-05  -2.08594938e-05   2.24111479e-04  -1.16243315e-03   1.44780141e-18  -1.07506729e-19  -4.67071132e-20
  2.34400000e-05  -2.08931539e-05   2.24779563e-04  -1.15742643e-03   1.48072743e-18  -9.11604824e-20  -4.44331304e-20
  2.35200000e-05  -2.09268720e-05   2.25447498e-04  -1.15241957e-03   1.51349417e-18  -7.46354452e-20  -4.20845622e-20
  2.36000000e-05  -2.09606522e-05   2.26115313e-04  -1.14741256e-03   1.54610244e-18  -5.79367181e-20  -3.96611439e-20
  2.36800000e-05  -2.07462314e-05   2.24457815e-04  -1.14300428e-03   1.52224949e-18  -4.74846958e-20  -3.69545871e-20
  2.37600000e-05  -2.07985273e-05   2.25222869e-04  -1.13802979e-03   1.55677004e-18  -3.05113975e-20  -3.44897724e-20
  2.38400000e-05  -2.08508833e-05   2.25987757e-04  -1.13305519e-03   1.59113201e-18  -1.33553421e-20  -3.19442972e-20
  2.39200000e-05  -2.09033031e-05   2.26752503e-04  -1.12808046e-03   1.62533620e-18   3.97823116e-21  -2.93177859e-20
  2.40000000e-05  -2.09557906e-05   2.27517132e-04  -1.12310561e-03   1.65938347e-18   2.14841142e-20  -2.66098648e-20
  2.40800000e-05  -2.10083493e-05   2.28281669e-04  -1.11813065e-03   1.69327477e-18   3.91571304e-20  -2.38201616e-20
  2.41600000e-05  -2.10609832e-05   2.29046140e-04  -1.11315556e-03   1.72701110e-18   5.69921356e-20  -2.09483058e-20
  2.42400000e-05  -2.11136960e-05   2.29810571e-04  -1.10818035e-03   1.76059356e-18   7.49840180e-20  -1.79939277e-20
  2.43200000e-05  -2.13343934e-05   2.33265100e-04  -1.10262655e-03   1.85883363e-18   9.73194397e-20  -1.53776989e-20
  2.44000000e-05  -2.13936574e-05   2.33910216e-04  -1.09765555e-03   1.88926960e-18   1.16282598e-19  -1.20426657e-20
  2.44800000e-05  -2.14530246e-05   2.34555536e-04  -1.09268439e-03   1.91955381e-18   1.35359118e-19  -8.63104165e-21
  2.45600000e-05  -2.15124990e-05   2.35201091e-04  -1.08771307e-03   1.94968808e-18   1.54544344e-19  -5.14259193e-21
  2.46400000e-05  -2.15720848e-05   2.35846915e-04  -1.08274158e-03   1.97967428e-18   1.73833657e-19  -1.57707955e-21
  2.47200000e-05  -2.16317859e-05   2.36493040e-04  -1.07776992e-03   2.00951435e-18   1.93222477e-19   2.06573482e-21
  2.48000000e-05  -2.16916064e-05   2.37139499e-04  -1.07279811e-03   2.03921026e-18   2.12706260e-19   5.78609303e-21
  2.48800000e-05  -2.17515504e-05   2.37786324e-04  -1.06782613e-03   2.06876406e-18   2.32280504e-19   9.58423974e-21
  2.49600000e-05  -2.18116220e-05   2.38433550e-04  -1.06285398e-03   2.09817783e-18   2.51940743e-19   1.34604227e-20
  2.50400000e-05  -2.21082726e-05   2.40040447e-04  -1.05779935e-03   2.15013596e-18   2.77325722e-19   1.79935811e-20
  2.51200000e-05  -2.21418331e-05   2.40862491e-04  -1.05278376e-03   2.18344104e-18   2.96725248e-19   2.19651900e-20
  2.52000000e-05  -2.21755495e-05   2.41685096e-04  -1.04776800e-03   2.21661801e-18   3.16228098e-19   2.60295178e-20
  2.52800000e-05  -2.22094266e-05   2.42508296e-04  -1.04275206e-03   2.24966885e-18   3.35829503e-19   3.01870277e-20
  2.53600000e-05  -2.22434690e-05   2.43332124e-04  -1.03773594e-03   2.28259559e-18   3.55524731e-19   3.44381864e-20
  2.54400000e-05  -2.22776813e-05   2.44156616e-04  -1.03271965e-03   2.31540032e-18   3.75309083e-19   3.87834639e-20
  2.55200000e-05  -2.23120681e-05   2.44981806e-04  -1.02770319e-03   2.34808518e-18   3.95177897e-19   4.32233341e-20
  2.56000000e-05  -2.23466343e-05   2.45807728e-04  -1.02268656e-03   2.38065236e-18   4.15126548e-19   4.77582750e-20
  2.56800000e-05  -2.23813845e-05   2.46634417e-04  -1.01766975e-03   2.41310409e-18   4.35150442e-19   5.23887687e-20
  2.57600000e-05  -2.23083298e-05   2.45038870e-04  -1.01360288e-03   2.38566041e-18   4.52197561e-19   5.68130593e-20
  2.58400000e-05  -2.23955015e-05   2.45916593e-04  -1.00855776e-03   2.41915453e-18   4.73139985e-19   6.16472317e-20
  2.59200000e-05  -2.24828507e-05   2.46795002e-04  -1.00351256e-03   2.45252940e-18   4.94156989e-19   6.65817505e-20
  2.60000000e-05  -2.25703819e-05   2.47674130e-04  -9.98467267e-04   2.48578738e-18   5.15243869e-19   7.16171766e-20
  2.60800000e-05  -2.26580996e-05   2.48554011e-04  -9.93421888e-04   2.51893087e-18   5.36395952e-19   7.67540755e-20
  2.61600000e-05  -2.27460085e-05   2.49434677e-04  -9.88376426e-04   2.55196232e-18   5.57608604e-19   8.19930173e-20
  2.62400000e-05  -2.28341132e-05   2.50316162e-04  -9.83330885e-04   2.58488420e-18   5.78877226e-19   8.73345774e-20
  2.63200000e-05  -2.29224182e-05   2.51198500e-04  -9.78285269e-04   2.61769905e-18   6.00197255e-19   9.27793364e-20
  2.64000000e-05  -2.28773893e-05   2.53501285e-04  -9.72802217e-04   2.68507306e-18   6.18514042e-19   9.80329209e-20
  2.64800000e-05  -2.29893603e-05   2.54109118e-04  -9.67741987e-04   2.71128990e-18   6.40689503e-19   1.03823359e-19
  2.65600000e-05  -2.31015244e-05   2.54718034e-04  -9.62681648e-04   2.73740539e-18   6.62852034e-19   1.09695796e-19
  2.66400000e-05  -2.32138858e-05   2.55328070e-04  -9.57621202e-04   2.76342283e-18   6.84997920e-19   1.15650546e-19
  2.67200000e-05  -2.33264488e-05   2.55939263e-04  -9.52560655e-04   2.78934554e-18   7.07123489e-19   1.21687935e-19
  2.68000000e-05  -2.34392174e-05   2.56551652e-04  -9.47500011e-04   2.81517689e-18   7.29225103e-19   1.27808296e-19
  2.68800000e-05  -2.35521960e-05   2.57165273e-04  -9.42439275e-04   2.84092022e-18   7.51299168e-19   1.34011972e-19
  2.69600000e-05  -2.36653887e-05   2.57780164e-04  -9.37378452e-04   2.86657893e-18   7.73342123e-19   1.40299315e-19
  2.70400000e-05  -2.37787997e-05   2.58396361e-04  -9.32317546e-04   2.89215641e-18   7.95350447e-19   1.46670686e-19
  2.71200000e-05  -2.38285082e-05   2.59266625e-04  -9.28113665e-04   2.92066805e-18   8.16082624e-19   1.52985384e-19
  2.72000000e-05  -2.38818599e-05   2.59904943e-04  -9.23060757e-04   2.94652735e-18   8.36641478e-19   1.59338051e-19
  2.72800000e-05  -2.39354517e-05   2.60544687e-04  -9.18007846e-04   2.97232522e-18   8.57159154e-19   1.65776706e-19
  2.73600000e-05  -2.39892875e-05   2.61185893e-04  -9.12954938e-04   2.99806488e-18   8.77632306e-19   1.72301754e-19
  2.74400000e-05  -2.43996007e-05   2.60708409e-04  -9.07551872e-04   2.99871196e-18   9.06099760e-19   1.79670669e-19
  2.75200000e-05  -2.44437592e-05   2.61357192e-04  -9.02556260e-04   3.02420414e-18   9.26077052e-19   1.86264267e-19
  2.76000000e-05  -2.44882155e-05   2.62007389e-04  -8.97560647e-04   3.04964712e-18   9.46004533e-19   1.92944914e-19
  2.76800000e-05  -2.45329741e-05   2.62659033e-04  -8.92565040e-04   3.07504400e-18   9.65879032e-19   1.99713040e-19
  2.77600000e-05  -2.45549747e-05   2.64619548e-04  -8.87794013e-04   3.13017325e-18   9.85317881e-19   2.07112285e-19
  2.78400000e-05  -2.46237238e-05   2.65366956e-04  -8.82795439e-04   3.15765996e-18   1.00583536e-18   2.14276279e-19
  2.79200000e-05  -2.46927856e-05   2.66116118e-04  -8.77796927e-04   3.18510873e-18   1.02630250e-18   2.21539203e-19
  2.80000000e-05  -2.47621644e-05   2.66867069e-04  -8.72798482e-04   3.21252271e-18   1.04671599e-18   2.28901649e-19
  2.80800000e-05  -2.48318648e-05   2.67619844e-04  -8.67800115e-04   3.23990507e-18   1.06707252e-18   2.36364218e-19
  2.81600000e-05  -2.49018913e-05   2.68374477e-04  -8.62801831e-04   3.26725900e-18   1.08736883e-18   2.43927524e-19
  2.82400000e-05  -2.49722483e-05   2.69131005e-04  -8.57803639e-04   3.29458768e-18   1.10760170e-18   2.51592190e-19
  2.83200000e-05  -2.50429403e-05   2.69889462e-04  -8.52805549e-04   3.32189428e-18   1.12776789e-18   2.59358853e-19
  2.84000000e-05  -2.51139716e-05   2.70649883e-04  -8.47807567e-04   3.34918201e-18   1.14786423e-18   2.67228161e-19
  2.84800000e-05  -2.54333491e-05   2.71044402e-04  -8.43143823e-04   3.36666355e-18   1.17385551e-18   2.75802809e-19
  2.85600000e-05  -2.55305221e-05   2.72015497e-04  -8.38102493e-04   3.39885731e-18   1.19432697e-18   2.84095136e-19
  2.86400000e-05  -2.56280815e-05   2.72988571e-04  -8.33061358e-04   3.43103591e-18   1.21474964e-18   2.92513749e-19
  2.87200000e-05  -2.57260324e-05   2.73963658e-04  -8.28020427e-04   3.46320232e-18   1.23511980e-18   3.01059582e-19
  2.88000000e-05  -2.58243798e-05   2.74940793e-04  -8.22979710e-04   3.49535953e-18   1.25543375e-18   3.09733587e-19
  2.88800000e-05  -2.59231288e-05   2.75920008e-04  -8.17939218e-04   3.52751050e-18   1.27568780e-18   3.18536724e-19
  2.89600000e-05  -2.60222844e-05   2.76901338e-04  -8.12898962e-04   3.55965823e-18   1.29587830e-18   3.27469967e-19
  2.90400000e-05  -2.61218516e-05   2.77884816e-04  -8.07858951e-04   3.59180571e-18   1.31600160e-18   3.36534301e-19
  2.91200000e-05  -2.56739401e-05   2.77696818e-04  -8.02319398e-04   3.59838023e-18   1.32280234e-18   3.42698188e-19
  2.92000000e-05  -2.57361408e-05   2.78621174e-04  -7.97333095e-04   3.62896219e-18   1.34176590e-18   3.51733688e-19
  2.92800000e-05  -2.57986913e-05   2.79547595e-04  -7.92346990e-04   3.65955410e-18   1.36064524e-18   3.60894156e-19
  2.93600000e-05  -2.58615955e-05   2.80476109e-04  -7.87361094e-04   3.69015882e-18   1.37943699e-18   3.70180503e-19
  2.94400000e-05  -2.59248575e-05   2.81406747e-04  -7.82375419e-04   3.72077918e-18   1.39813782e-18   3.79593657e-19
  2.95200000e-05  -2.59884812e-05   2.82339537e-04  -7.77389975e-04   3.75141803e-18   1.41674440e-18   3.89134556e-19
  2.96000000e-05  -2.64604229e-05   2.83991200e-04  -7.72676164e-04   3.79778597e-18   1.44506693e-18   4.01067461e-19
  2.96800000e-05  -2.64955097e-05   2.84864676e-04  -7.67647880e-04   3.82707832e-18   1.46283948e-18   4.10749397e-19
  2.97600000e-05  -2.65310665e-05   2.85740610e-04  -7.62619913e-04   3.85640850e-18   1.48049864e-18   4.20555440e-19
  2.98400000e-05  -2.64427509e-05   2.86291582e-04  -7.57608226e-04   3.87810051e-18   1.49514137e-18   4.29639926e-19
  2.99200000e-05  -2.64998298e-05   2.87037833e-04  -7.52642595e-04   3.90416692e-18   1.51306449e-18   4.39580480e-19
  3.00000000e-05  -2.65573396e-05   2.87786582e-04  -7.47677276e-04   3.93027553e-18   1.53084895e-18   4.49632663e-19
  3.00800000e-05  -2.66152843e-05   2.88537859e-04  -7.42712281e-04   3.95642936e-18   1.54849212e-18   4.59797310e-19
  3.01600000e-05  -2.66736682e-05   2.89291693e-04  -7.37747623e-04   3.98263142e-18   1.56599138e-18   4.70075265e-19
  3.02400000e-05  -2.67324953e-05   2.90048114e-04  -7.32783314e-04   4.00888468e-18   1.58334413e-18   4.80467391e-19
  3.03200000e-05  -2.67917696e-05   2.90807149e-04  -7.27819368e-04   4.03519210e-18   1.60054776e-18   4.90974561e-19
  3.04000000e-05  -2.68514952e-05   2.91568829e-04  -7.22855798e-04   4.06155663e-18   1.61759969e-18   5.01597663e-19
  3.04800000e-05  -2.69116761e-05   2.92333181e-04  -7.17892618e-04   4.08798119e-18   1.63449734e-18   5.12337601e-19
  3.05600000e-05  -2.68155438e-05   2.92865697e-04  -7.13221658e-04   4.10792134e-18   1.64798125e-18   5.22251434e-19
  3.06400000e-05  -2.68711441e-05   2.93528851e-04  -7.08208505e-04   4.13220504e-18   1.66432865e-18   5.33022969e-19
  3.07200000e-05  -2.69271157e-05   2.94194757e-04  -7.03195843e-04   4.15656077e-18   1.68049724e-18   5.43901515e-19
  3.08000000e-05  -2.69834620e-05   2.94863442e-04  -6.98183687e-04   4.18099147e-18   1.69648471e-18   5.54887925e-19
  3.08800000e-05  -2.70401859e-05   2.95534934e-04  -6.93172052e-04   4.20550006e-18   1.71228876e-18   5.65983066e-19
  3.09600000e-05  -2.70972908e-05   2.96209259e-04  -6.88160953e-04   4.23008943e-18   1.72790710e-18   5.77187817e-19
  3.10400000e-05  -2.71547796e-05   2.96886443e-04  -6.83150405e-04   4.25476244e-18   1.74333743e-18   5.88503073e-19
  3.11200000e-05  -2.72126554e-05   2.97566513e-04  -6.78140425e-04   4.27952192e-18   1.75857747e-18   5.99929741e-19
  3.12000000e-05  -2.76498418e-05   2.98343825e-04  -6.73663694e-04   4.30446763e-18   1.78333058e-18   6.13106841e-19
  3.12800000e-05  -2.77155175e-05   2.99152851e-04  -6.68665605e-04   4.33216443e-18   1.79838769e-18   6.25012896e-19
  3.13600000e-05  -2.77817220e-05   2.99964824e-04  -6.63668253e-04   4.35995265e-18   1.81326551e-18   6.37048518e-19
  3.14400000e-05  -2.78484596e-05   3.00779768e-04  -6.58671656e-04   4.38783481e-18   1.82796146e-18   6.49214797e-19
  3.15200000e-05  -2.79157340e-05   3.01597708e-04  -6.53675831e-04   4.41581343e-18   1.84247298e-18   6.61512840e-19
  3.16000000e-05  -2.79835493e-05   3.02418668e-04  -6.48680796e-04   4.44389097e-18   1.85679749e-18   6.73943767e-19
  3.16800000e-05  -2.80519094e-05   3.03242670e-04  -6.43686570e-04   4.47206987e-18   1.87093241e-18   6.86508713e-19
  3.17600000e-05  -2.80029204e-05   3.04032450e-04  -6.38538650e-04   4.50010917e-18   1.88184152e-18   6.98665130e-19
  3.18400000e-05  -2.80999120e-05   3.04870297e-04  -6.33594247e-04   4.52849958e-18   1.89631689e-18   7.11623026e-19
  3.19200000e-05  -2.83514297e-05   3.05914437e-04  -6.28684044e-04   4.56155696e-18   1.91424471e-18   7.25751567e-19
  3.20000000e-05  -2.84634274e-05   3.06955268e-04  -6.23708186e-04   4.59482831e-18   1.92861628e-18   7.39471398e-19
  3.20800000e-05  -2.85760408e-05   3.07999267e-04  -6.18733178e-04   4.62820420e-18   1.94280846e-18   7.53358390e-19
  3.21600000e-05  -2.86892745e-05   3.09046457e-04  -6.13759038e-04   4.66168675e-18   1.95681810e-18   7.67414021e-19
  3.22400000e-05  -2.88031329e-05   3.10096862e-04  -6.08785788e-04   4.69527803e-18   1.97064202e-18   7.81639782e-19
  3.23200000e-05  -2.89176203e-05   3.11150503e-04  -6.03813448e-04   4.72898008e-18   1.98427706e-18   7.96037180e-19
  3.24000000e-05  -2.90327414e-05   3.12207401e-04  -5.98842039e-04   4.76279491e-18   1.99772005e-18   8.10607738e-19
  3.24800000e-05  -2.91485003e-05   3.13267580e-04  -5.93871582e-04   4.79672450e-18   2.01096779e-18   8.25352993e-19
  3.25600000e-05  -2.90044131e-05   3.14423387e-04  -5.89044740e-04   4.83231693e-18   2.01831572e-18   8.39405083e-19
  3.26400000e-05  -2.91742443e-05   3.15461034e-04  -5.84066366e-04   4.86587036e-18   2.03237430e-18   8.54657686e-19
  3.27200000e-05  -2.93445766e-05   3.16502073e-04  -5.79089080e-04   4.89953960e-18   2.04622056e-18   8.70087435e-19
  3.28000000e-05  -2.95154134e-05   3.17546525e-04  -5.74112906e-04   4.93332671e-18   2.05985130e-18   8.85695898e-19
  3.28800000e-05  -2.96867577e-05   3.18594413e-04  -5.69137866e-04   4.96723368e-18   2.07326334e-18   9.01484657e-19
  3.29600000e-05  -2.98586127e-05   3.19645759e-04  -5.64163985e-04   5.00126249e-18   2.08645347e-18   9.17455308e-19
  3.30400000e-05  -3.00309815e-05   3.20700584e-04  -5.59191286e-04   5.03541504e-18   2.09941848e-18   9.33609463e-19
  3.31200000e-05  -3.02038672e-05   3.21758910e-04  -5.54219793e-04   5.06969320e-18   2.11215515e-18   9.49948749e-19
  3.32000000e-05  -3.03772728e-05   3.22820758e-04  -5.49249532e-04   5.10409880e-18   2.12466027e-18   9.66474809e-19
  3.32800000e-05  -3.11898202e-05   3.23790917e-04  -5.44366519e-04   5.13603985e-18   2.15189194e-18   9.85679475e-19
  3.33600000e-05  -3.12994336e-05   3.24691947e-04  -5.39461756e-04   5.16649542e-18   2.16257506e-18   1.00185476e-18
  3.34400000e-05  -3.14098479e-05   3.25596622e-04  -5.34558291e-04   5.19709405e-18   2.17301242e-18   1.01819685e-18
  3.35200000e-05  -3.15210675e-05   3.26504959e-04  -5.29656150e-04   5.22783733e-18   2.18320138e-18   1.03470726e-18
  3.36000000e-05  -3.16330969e-05   3.27416977e-04  -5.24755358e-04   5.25872679e-18   2.19313929e-18   1.05138750e-18
  3.36800000e-05  -3.17459403e-05   3.28332691e-04  -5.19855940e-04   5.28976393e-18   2.20282350e-18   1.06823910e-18
  3.37600000e-05  -3.18596020e-05   3.29252119e-04  -5.14957920e-04   5.32095016e-18   2.21225134e-18   1.08526360e-18
  3.38400000e-05  -3.19740863e-05   3.30175276e-04  -5.10061326e-04   5.35228688e-18   2.22142013e-18   1.10246257e-18
  3.39200000e-05  -3.20893975e-05   3.31102178e-04  -5.05166184e-04   5.38377540e-18   2.23032718e-18   1.11983758e-18
  3.40000000e-05  -3.14948184e-05   3.30839641e-04  -5.00698652e-04   5.38612647e-18   2.22382087e-18   1.13060624e-18
  3.40800000e-05  -3.16411453e-05   3.31672727e-04  -4.95841565e-04   5.41551187e-18   2.23288824e-18   1.14801819e-18
  3.41600000e-05  -3.17880910e-05   3.32509320e-04  -4.90986086e-04   5.44504384e-18   2.24167677e-18   1.16559488e-18
  3.42400000e-05  -3.19356581e-05   3.33349432e-04  -4.86132242e-04   5.47472366e-18   2.25018395e-18   1.18333776e-18
  3.43200000e-05  -3.20838492e-05   3.34193077e-04  -4.81280061e-04   5.50455259e-18   2.25840725e-18   1.20124825e-18
  3.44000000e-05  -3.22326671e-05   3.35040269e-04  -4.76429570e-04   5.53453182e-18   2.26634414e-18   1.21932782e-18
  3.44800000e-05  -3.23821144e-05   3.35891020e-04  -4.71580797e-04   5.56466247e-18   2.27399208e-18   1.23757792e-18
  3.45600000e-05  -3.25321937e-05   3.36745342e-04  -4.66733771e-04   5.59494560e-18   2.28134851e-18   1.25600003e-18
  3.46400000e-05  -3.26829075e-05   3.37603247e-04  -4.61888521e-04   5.62538224e-18   2.28841086e-18   1.27459563e-18
  3.47200000e-05  -3.28331935e-05   3.38768197e-04  -4.56915364e-04   5.66352195e-18   2.29474024e-18   1.29440493e-18
  3.48000000e-05  -3.29269617e-05   3.39626460e-04  -4.52085244e-04   5.69405920e-18   2.29993163e-18   1.31309212e-18
  3.48800000e-05  -3.30214002e-05   3.40488417e-04  -4.47256925e-04   5.72475934e-18   2.30482254e-18   1.33195436e-18
  3.49600000e-05  -3.31165114e-05   3.41354076e-04  -4.42430435e-04   5.75562296e-18   2.30941042e-18   1.35099319e-18
  3.50400000e-05  -3.32122981e-05   3.42223443e-04  -4.37605805e-04   5.78665059e-18   2.31369269e-18   1.37021014e-18
  3.51200000e-05  -3.33087626e-05   3.43096526e-04  -4.32783063e-04   5.81784270e-18   2.31766676e-18   1.38960677e-18
  3.52000000e-05  -3.34059075e-05   3.43973331e-04  -4.27962239e-04   5.84919968e-18   2.32133005e-18   1.40918462e-18
  3.52800000e-05  -3.35037351e-05   3.44853865e-04  -4.23143365e-04   5.88072186e-18   2.32467991e-18   1.42894526e-18
  3.53600000e-05  -3.44546746e-05   3.46508465e-04  -4.18381304e-04   5.92972370e-18   2.34739743e-18   1.45581644e-18
  3.54400000e-05  -3.37155118e-05   3.47160360e-04  -4.13602782e-04   5.95594657e-18   2.33115624e-18   1.47116334e-18
  3.55200000e-05  -3.38394640e-05   3.48303242e-04  -4.08779305e-04   5.99372867e-18   2.33410652e-18   1.49262033e-18
  3.56000000e-05  -3.39640741e-05   3.49449892e-04  -4.03957986e-04   6.03166642e-18   2.33674721e-18   1.51430624e-18
  3.56800000e-05  -3.40893444e-05   3.50600314e-04  -3.99138857e-04   6.06975956e-18   2.33907495e-18   1.53622299e-18
  3.57600000e-05  -3.42152773e-05   3.51754509e-04  -3.94321953e-04   6.10800775e-18   2.34108633e-18   1.55837252e-18
  3.58400000e-05  -3.43418751e-05   3.52912479e-04  -3.89507309e-04   6.14641059e-18   2.34277795e-18   1.58075676e-18
  3.59200000e-05  -3.44691400e-05   3.54074226e-04  -3.84694960e-04   6.18496759e-18   2.34414638e-18   1.60337765e-18
  3.60000000e-05  -3.45970744e-05   3.55239751e-04  -3.79884940e-04   6.22367821e-18   2.34518817e-18   1.62623715e-18
  3.60800000e-05  -3.47538468e-05   3.56342470e-04  -3.75091837e-04   6.26094581e-18   2.34660168e-18   1.64920115e-18
  3.61600000e-05  -3.48676892e-05   3.57530850e-04  -3.70259067e-04   6.30044448e-18   2.34651011e-18   1.67252572e-18
  3.62400000e-05  -3.49821975e-05   3.58722873e-04  -3.65428792e-04   6.34009338e-18   2.34608069e-18   1.69609626e-18
  3.63200000e-05  -3.50973737e-05   3.59918538e-04  -3.60601052e-04   6.37989159e-18   2.34530987e-18   1.71991473e-18
  3.64000000e-05  -3.52132197e-05   3.61117839e-04  -3.55775882e-04   6.41983807e-18   2.34419406e-18   1.74398310e-18
  3.64800000e-05  -3.53297374e-05   3.62320774e-04  -3.50953323e-04   6.45993173e-18   2.34272967e-18   1.76830335e-18
  3.65600000e-05  -3.54469285e-05   3.63527338e-04  -3.46133412e-04   6.50017139e-18   2.34091309e-18   1.79287746e-18
  3.66400000e-05  -3.55647948e-05   3.64737524e-04  -3.41316189e-04   6.54055580e-18   2.33874069e-18   1.81770741e-18
  3.67200000e-05  -3.56833381e-05   3.65951328e-04  -3.36501693e-04   6.58108361e-18   2.33620884e-18   1.84279517e-18
  3.68000000e-05  -3.61024199e-05   3.67282389e-04  -3.31642590e-04   6.62454832e-18   2.33988151e-18   1.87019117e-18
  3.68800000e-05  -3.61727065e-05   3.68360215e-04  -3.26870706e-04   6.66191453e-18   2.33566618e-18   1.89489913e-18
  3.69600000e-05  -3.62439188e-05   3.69441906e-04  -3.22101581e-04   6.69943439e-18   2.33108236e-18   1.91984699e-18
  3.70400000e-05  -3.63160594e-05   3.70527455e-04  -3.17335255e-04   6.73710634e-18   2.32612683e-18   1.94503665e-18
  3.71200000e-05  -3.63891309e-05   3.71616854e-04  -3.12571768e-04   6.77492871e-18   2.32079638e-18   1.97046996e-18
  3.72000000e-05  -3.64631357e-05   3.72710092e-04  -3.07811158e-04   6.81289975e-18   2.31508775e-18   1.99614882e-18
  3.72800000e-05  -3.65380763e-05   3.73807161e-04  -3.03053468e-04   6.85101764e-18   2.30899769e-18   2.02207508e-18
  3.73600000e-05  -3.66139551e-05   3.74908049e-04  -2.98298737e-04   6.88928046e-18   2.30252293e-18   2.04825063e-18
  3.74400000e-05  -3.66907744e-05   3.76012747e-04  -2.93547007e-04   6.92768623e-18   2.29566019e-18   2.07467733e-18
  3.75200000e-05  -3.66258039e-05   3.77116495e-04  -2.88817053e-04   6.96603571e-18   2.28529373e-18   2.10058685e-18
  3.76000000e-05  -3.67526834e-05   3.78197668e-04  -2.84094266e-04   7.00391012e-18   2.27884584e-18   2.12760962e-18
  3.76800000e-05  -3.68804550e-05   3.79282655e-04  -2.79374625e-04   7.04191904e-18   2.27199810e-18   2.15488537e-18
  3.77600000e-05  -3.70091205e-05   3.80371445e-04  -2.74658174e-04   7.08006035e-18   2.26474724e-18   2.18241593e-18
  3.78400000e-05  -3.71386818e-05   3.81464025e-04  -2.69944955e-04   7.11833184e-18   2.25709000e-18   2.21020309e-18
  3.79200000e-05  -3.72691408e-05   3.82560384e-04  -2.65235013e-04   7.15673120e-18   2.24902310e-18   2.23824868e-18
  3.80000000e-05  -3.74004993e-05   3.83660507e-04  -2.60528392e-04   7.19525604e-18   2.24054327e-18   2.26655450e-18
  3.80800000e-05  -3.75327590e-05   3.84764381e-04  -2.55825137e-04   7.23390388e-18   2.23164720e-18   2.29512233e-18
  3.81600000e-05  -3.76659215e-05   3.85871992e-04  -2.51125293e-04   7.27267214e-18   2.22233159e-18   2.32395397e-18
  3.82400000e-05  -3.74657634e-05   3.86220521e-04  -2.46710478e-04   7.29304187e-18   2.20667092e-18   2.34697049e-18
  3.83200000e-05  -3.76279477e-05   3.87366733e-04  -2.42025636e-04   7.33273182e-18   2.19714871e-18   2.37655266e-18
  3.84000000e-05  -3.77909251e-05   3.88516373e-04  -2.37344379e-04   7.37252458e-18   2.18719722e-18   2.40640798e-18
  3.84800000e-05  -3.79546967e-05   3.89669423e-04  -2.32666756e-04   7.41241725e-18   2.17681304e-18   2.43653818e-18
  3.85600000e-05  -3.87205755e-05   3.91294356e-04  -2.27858355e-04   7.46355830e-18   2.17859319e-18   2.47293081e-18
  3.86400000e-05  -3.88887050e-05   3.92418300e-04  -2.23217972e-04   7.50263525e-18   2.16756623e-18   2.50349415e-18
  3.87200000e-05  -3.90578779e-05   3.93545780e-04  -2.18581351e-04   7.54180804e-18   2.15610237e-18   2.53433318e-18
  3.88000000e-05  -3.92280957e-05   3.94676777e-04  -2.13948542e-04   7.58107348e-18   2.14419830e-18   2.56544958e-18
  3.88800000e-05  -3.93993603e-05   3.95811271e-04  -2.09319594e-04   7.62042827e-18   2.13185073e-18   2.59684503e-18
  3.89600000e-05  -3.92360224e-05   3.97045897e-04  -2.04857892e-04   7.66111944e-18   2.11261439e-18   2.62725060e-18
  3.90400000e-05  -3.94607502e-05   3.98331098e-04  -2.00254494e-04   7.70373230e-18   2.10063576e-18   2.66038220e-18
  3.91200000e-05  -3.96863219e-05   3.99619589e-04  -1.95655169e-04   7.74640817e-18   2.08820369e-18   2.69382432e-18
  3.92000000e-05  -4.02852375e-05   4.00861694e-04  -1.90961330e-04   7.78859114e-18   2.08292493e-18   2.72934615e-18
  3.92800000e-05  -4.05034508e-05   4.02131776e-04  -1.86375209e-04   7.83079118e-18   2.06939076e-18   2.76320933e-18
  3.93600000e-05  -4.07227270e-05   4.03404940e-04  -1.81793262e-04   7.87304223e-18   2.05539670e-18   2.79738329e-18
  3.94400000e-05  -4.09430670e-05   4.04681159e-04  -1.77215542e-04   7.91534024e-18   2.04093915e-18   2.83186966e-18
  3.95200000e-05  -4.11644720e-05   4.05960408e-04  -1.72642103e-04   7.95768106e-18   2.02601452e-18   2.86667003e-18
  3.96000000e-05  -4.13869428e-05   4.07242659e-04  -1.68073001e-04   8.00006043e-18   2.01061923e-18   2.90178599e-18
  3.96800000e-05  -4.14413912e-05   4.08507021e-04  -1.63813287e-04   8.04029072e-18   1.99305197e-18   2.93611649e-18
  3.97600000e-05  -4.16875368e-05   4.09817185e-04  -1.59232131e-04   8.08333595e-18   1.97705843e-18   2.97212723e-18
  3.98400000e-05  -4.19345851e-05   4.11130221e-04  -1.54655713e-04   8.12640246e-18   1.96057880e-18   3.00846227e-18
  3.99200000e-05  -4.21825360e-05   4.12446099e-04  -1.50084090e-04   8.16948557e-18   1.94360948e-18   3.04512309e-18
  4.00000000e-05  -4.24313894e-05   4.13764789e-04  -1.45517320e-04   8.21258051e-18   1.92614687e-18   3.08211113e-18
  4.00800000e-05  -4.26811449e-05   4.15086259e-04  -1.40955464e-04   8.25568239e-18   1.90818741e-18   3.11942782e-18
  4.01600000e-05  -4.29318022e-05   4.16410475e-04  -1.36398580e-04   8.29878623e-18   1.88972752e-18   3.15707456e-18
  4.02400000e-05  -4.31833609e-05   4.17737404e-04  -1.31846728e-04   8.34188692e-18   1.87076367e-18   3.19505270e-18
  4.03200000e-05  -4.34358204e-05   4.19067012e-04  -1.27299971e-04   8.38497926e-18   1.85129232e-18   3.23336357e-18
  4.04000000e-05  -4.36838006e-05   4.20472019e-04  -1.22160886e-04   8.43310743e-18   1.82690605e-18   3.27250977e-18
  4.04800000e-05  -4.38898363e-05   4.21635569e-04  -1.17620078e-04   8.47248418e-18   1.80529421e-18   3.30998172e-18
  4.05600000e-05  -4.40967857e-05   4.22801940e-04  -1.13084290e-04   8.51185760e-18   1.78316164e-18   3.34775627e-18
  4.06400000e-05  -4.43046478e-05   4.23971095e-04  -1.08553580e-04   8.55122229e-18   1.76050527e-18   3.38583449e-18
  4.07200000e-05  -4.45134213e-05   4.25142995e-04  -1.04028008e-04   8.59057273e-18   1.73732205e-18   3.42421740e-18
  4.08000000e-05  -4.47231050e-05   4.26317602e-04  -9.95076357e-05   8.62990328e-18   1.71360895e-18   3.46290600e-18
  4.08800000e-05  -4.49336976e-05   4.27494876e-04  -9.49925237e-05   8.66920822e-18   1.68936298e-18   3.50190123e-18
  4.09600000e-05  -4.51451976e-05   4.28674776e-04  -9.04827334e-05   8.70848171e-18   1.66458114e-18   3.54120402e-18
  4.10400000e-05  -4.53576033e-05   4.29857261e-04  -8.59783269e-05   8.74771780e-18   1.63926047e-18   3.58081524e-18
  4.11200000e-05  -4.53650389e-05   4.31629137e-04  -8.28570143e-05   8.79136773e-18   1.61968102e-18   3.62408403e-18
  4.12000000e-05  -4.55529851e-05   4.32738415e-04  -7.83513193e-05   8.82885619e-18   1.59271361e-18   3.66359637e-18
  4.12800000e-05  -4.57417754e-05   4.33850446e-04  -7.38516185e-05   8.86630058e-18   1.56520014e-18   3.70340492e-18
  4.13600000e-05  -4.61273488e-05   4.33945820e-04  -6.80316662e-05   8.88976279e-18   1.53075457e-18   3.73654463e-18
  4.14400000e-05  -4.63855408e-05   4.35346701e-04  -6.39383841e-05   8.93088011e-18   1.50666125e-18   3.77951840e-18
  4.15200000e-05  -4.65728485e-05   4.36448039e-04  -5.94701994e-05   8.96772426e-18   1.47744121e-18   3.81996119e-18
  4.16000000e-05  -4.67610453e-05   4.37552004e-04  -5.50082332e-05   9.00450158e-18   1.44766824e-18   3.86069901e-18
  4.16800000e-05  -4.69501287e-05   4.38658549e-04  -5.05525508e-05   9.04120539e-18   1.41733994e-18   3.90173239e-18
  4.17600000e-05  -4.71400962e-05   4.39767625e-04  -4.61032183e-05   9.07782890e-18   1.38645397e-18   3.94306183e-18
  4.18400000e-05  -4.73309451e-05   4.40879184e-04  -4.16603020e-05   9.11436522e-18   1.35500799e-18   3.98468776e-18
