       time             b_x              b_y              b_z              F_x              F_y              F_z
  0.00000000e+00  -8.99327520e-08   8.30107617e-05  -2.67945049e-03  -3.61119689e-18  -3.42781439e-18  -1.06074256e-19
  8.00000000e-08  -7.00197577e-08   8.33745404e-05  -2.67451407e-03  -3.52139024e-18  -3.49505952e-18  -1.08861799e-19
  1.60000000e-07  -6.70401544e-08   8.38947883e-05  -2.66954446e-03  -3.42674968e-18  -3.55970251e-18  -1.11783401e-19
  2.40000000e-07  -6.40013129e-08   8.44093340e-05  -2.66457638e-03  -3.33121461e-18  -3.62214269e-18  -1.14663423e-19
  3.20000000e-07  -6.09048848e-08   8.49180769e-05  -2.65960986e-03  -3.23483955e-18  -3.68237336e-18  -1.17499582e-19
  4.00000000e-07  -5.77525360e-08   8.54209200e-05  -2.65464490e-03  -3.13767872e-18  -3.74038906e-18  -1.20289635e-19
  4.80000000e-07  -5.45459460e-08   8.59177698e-05  -2.64968155e-03  -3.03978601e-18  -3.79618553e-18  -1.23031383e-19
  5.60000000e-07  -5.12868072e-08   8.64085364e-05  -2.64471982e-03  -2.94121494e-18  -3.84975972e-18  -1.25722678e-19
  6.40000000e-07  -4.79768234e-08   8.68931333e-05  -2.63975973e-03  -2.84201869e-18  -3.90110975e-18  -1.28361417e-19
  7.20000000e-07  -4.46177094e-08   8.73714778e-05  -2.63480130e-03  -2.74225001e-18  -3.95023491e-18  -1.30945551e-19
  8.00000000e-07  -2.33229829e-08   8.78001359e-05  -2.62972620e-03  -2.64276307e-18  -3.99738216e-18  -1.33439390e-19
  8.80000000e-07  -2.13692476e-08   8.82167292e-05  -2.62471354e-03  -2.54305662e-18  -4.04196037e-18  -1.35829749e-19
  9.60000000e-07  -1.93906325e-08   8.86268377e-05  -2.61970269e-03  -2.44293928e-18  -4.08433698e-18  -1.38158617e-19
  1.04000000e-06  -1.73881169e-08   8.90303928e-05  -2.61469366e-03  -2.34246165e-18  -4.12451587e-18  -1.40424304e-19
  1.12000000e-06  -1.53626840e-08   8.94273294e-05  -2.60968647e-03  -2.24167380e-18  -4.16250199e-18  -1.42625178e-19
  1.20000000e-06  -1.33153196e-08   8.98175860e-05  -2.60468113e-03  -2.14062529e-18  -4.19830132e-18  -1.44759672e-19
  1.28000000e-06  -1.12470125e-08   9.02011045e-05  -2.59967766e-03  -2.03936511e-18  -4.23192086e-18  -1.46826280e-19
  1.36000000e-06  -9.15875316e-09   9.05778303e-05  -2.59467605e-03  -1.93794170e-18  -4.26336861e-18  -1.48823561e-19
  1.44000000e-06  -6.89365248e-09   9.09892875e-05  -2.58982387e-03  -1.83564992e-18  -4.29289389e-18  -1.50819022e-19
  1.52000000e-06  -4.81605378e-09   9.12774683e-05  -2.58480738e-03  -1.73576464e-18  -4.31999777e-18  -1.52549123e-19
  1.60000000e-06  -2.72185331e-09   9.15586193e-05  -2.57979262e-03  -1.63586150e-18  -4.34499277e-18  -1.54205064e-19
  1.68000000e-06  -6.12006545e-10   9.18327015e-05  -2.57477960e-03  -1.53598580e-18  -4.36789055e-18  -1.55785858e-19
  1.76000000e-06   7.92757667e-08   9.16894116e-05  -2.56946384e-03  -1.44538559e-18  -4.39014862e-18  -1.56703792e-19
  1.84000000e-06   8.34355617e-08   9.20142379e-05  -2.56450959e-03  -1.34422518e-18  -4.40919604e-18  -1.58245058e-19
  1.92000000e-06   8.75424618e-08   9.23320747e-05  -2.55955718e-03  -1.24321073e-18  -4.42615668e-18  -1.59709291e-19
  2.00000000e-06   9.15952477e-08   9.26428933e-05  -2.55460661e-03  -1.14238556e-18  -4.44104538e-18  -1.61095618e-19
  2.08000000e-06   9.55927330e-08   9.29466685e-05  -2.54965788e-03  -1.04179230e-18  -4.45387776e-18  -1.62403235e-19
  2.16000000e-06  -5.79815725e-08   9.38170601e-05  -2.54480677e-03  -9.28157732e-19  -4.46091276e-18  -1.64435237e-19
  2.24000000e-06  -4.33416702e-08   9.41214947e-05  -2.53983532e-03  -8.27842254e-19  -4.46962775e-18  -1.65621826e-19
  2.32000000e-06  -2.86988782e-08   9.44187153e-05  -2.53486571e-03  -7.27887516e-19  -4.47633402e-18  -1.66726315e-19
  2.40000000e-06  -1.40545294e-08   9.47087113e-05  -2.52989793e-03  -6.28333302e-19  -4.48105039e-18  -1.67748142e-19
  2.48000000e-06   5.90052411e-10   9.49914752e-05  -2.52493199e-03  -5.29218648e-19  -4.48379638e-18  -1.68686819e-19
  2.56000000e-06   1.52335527e-08   9.52670027e-05  -2.51996788e-03  -4.30581829e-19  -4.48459219e-18  -1.69541929e-19
  2.64000000e-06   2.98746668e-08   9.55352926e-05  -2.51500562e-03  -3.32460352e-19  -4.48345867e-18  -1.70313126e-19
  2.72000000e-06   4.45121003e-08   9.57963468e-05  -2.51004519e-03  -2.34890950e-19  -4.48041728e-18  -1.71000134e-19
  2.80000000e-06  -3.70191777e-08   9.67243980e-05  -2.50514909e-03  -1.22116802e-19  -4.47323514e-18  -1.72710860e-19
  2.88000000e-06  -8.23836778e-09   9.70036255e-05  -2.50014652e-03  -2.49882963e-20  -4.46638629e-18  -1.73292027e-19
  2.96000000e-06   2.04918842e-08   9.72754862e-05  -2.49514570e-03   7.14749641e-20  -4.45768300e-18  -1.73786171e-19
  3.04000000e-06   4.91696984e-08   9.75399964e-05  -2.49014665e-03   1.67239191e-19  -4.44714937e-18  -1.74193239e-19
  3.12000000e-06   7.77932298e-08   9.77971752e-05  -2.48514934e-03   2.62271413e-19  -4.43481001e-18  -1.74513250e-19
  3.20000000e-06   1.06360669e-07   9.80470449e-05  -2.48015379e-03   3.56539476e-19  -4.42069004e-18  -1.74746290e-19
  3.28000000e-06   1.34870244e-07   9.82896305e-05  -2.47515997e-03   4.50012048e-19  -4.40481506e-18  -1.74892515e-19
  3.36000000e-06   1.63320216e-07   9.85249601e-05  -2.47016788e-03   5.42658624e-19  -4.38721111e-18  -1.74952146e-19
  3.44000000e-06   1.91708886e-07   9.87530645e-05  -2.46517752e-03   6.34449526e-19  -4.36790469e-18  -1.74925473e-19
  3.52000000e-06   8.25875913e-08   9.83803590e-05  -2.46026466e-03   7.11281711e-19  -4.34403102e-18  -1.73683992e-19
  3.60000000e-06   1.08389099e-07   9.85252383e-05  -2.45526871e-03   7.99607642e-19  -4.32160646e-18  -1.73382504e-19
  3.68000000e-06   1.34123275e-07   9.86630540e-05  -2.45027442e-03   8.86998588e-19  -4.29759141e-18  -1.72998796e-19
  3.76000000e-06   1.59788048e-07   9.87938451e-05  -2.44528178e-03   9.73428673e-19  -4.27201362e-18  -1.72533535e-19
  3.84000000e-06   1.85381385e-07   9.89176536e-05  -2.44029078e-03   1.05887284e-18  -4.24490118e-18  -1.71987442e-19
  3.92000000e-06   2.10901298e-07   9.90345236e-05  -2.43530141e-03   1.14330687e-18  -4.21628247e-18  -1.71361294e-19
  4.00000000e-06   2.36345841e-07   9.91445019e-05  -2.43031366e-03   1.22670733e-18  -4.18618616e-18  -1.70655921e-19
  4.08000000e-06   2.61713112e-07   9.92476377e-05  -2.42532750e-03   1.30905163e-18  -4.15464117e-18  -1.69872202e-19
  4.16000000e-06   3.91055569e-07   9.89533580e-05  -2.42067227e-03   1.38100676e-18  -4.12474279e-18  -1.68390040e-19
  4.24000000e-06   3.68528064e-07   9.89443346e-05  -2.41569195e-03   1.45890710e-18  -4.08945793e-18  -1.67277556e-19
  4.32000000e-06   3.45950928e-07   9.89286861e-05  -2.41071314e-03   1.53567240e-18  -4.05285412e-18  -1.66097019e-19
  4.40000000e-06   3.23322987e-07   9.89064710e-05  -2.40573583e-03   1.61128420e-18  -4.01496122e-18  -1.64849638e-19
  4.48000000e-06   3.00643097e-07   9.88777496e-05  -2.40076000e-03   1.68572480e-18  -3.97580922e-18  -1.63536658e-19
  4.56000000e-06   2.77910140e-07   9.88425845e-05  -2.39578564e-03   1.75897731e-18  -3.93542827e-18  -1.62159359e-19
  4.64000000e-06   2.55123027e-07   9.88010402e-05  -2.39081274e-03   1.83102562e-18  -3.89384861e-18  -1.60719052e-19
  4.72000000e-06   2.32280699e-07   9.87531830e-05  -2.38584127e-03   1.90185441e-18  -3.85110061e-18  -1.59217079e-19
  4.80000000e-06   2.09382124e-07   9.86990815e-05  -2.38087123e-03   1.97144914e-18  -3.80721469e-18  -1.57654812e-19
  4.88000000e-06   3.33331240e-07   9.87158034e-05  -2.37585493e-03   2.04166567e-18  -3.76558361e-18  -1.56172019e-19
  4.96000000e-06   3.20883317e-07   9.86725285e-05  -2.37092475e-03   2.10935513e-18  -3.71978204e-18  -1.54523437e-19
  5.04000000e-06   3.08365244e-07   9.86232538e-05  -2.36599594e-03   2.17577885e-18  -3.67292193e-18  -1.52817074e-19
  5.12000000e-06   2.95776691e-07   9.85680544e-05  -2.36106848e-03   2.24092504e-18  -3.62503378e-18  -1.51054371e-19
  5.20000000e-06   2.83117360e-07   9.85070072e-05  -2.35614235e-03   2.30478263e-18  -3.57614811e-18  -1.49236791e-19
  5.28000000e-06   2.70386980e-07   9.84401906e-05  -2.35121753e-03   2.36734130e-18  -3.52629543e-18  -1.47365819e-19
  5.36000000e-06   2.57585307e-07   9.83676846e-05  -2.34629401e-03   2.42859148e-18  -3.47550625e-18  -1.45442955e-19
  5.44000000e-06   2.44712127e-07   9.82895708e-05  -2.34137177e-03   2.48852430e-18  -3.42381101e-18  -1.43469716e-19
  5.52000000e-06   2.21962775e-07   9.85501017e-05  -2.33624867e-03   2.55522244e-18  -3.37067151e-18  -1.41942448e-19
  5.60000000e-06   2.22174477e-07   9.85591893e-05  -2.33137398e-03   2.61480443e-18  -3.31747019e-18  -1.39997371e-19
  5.68000000e-06   2.22325459e-07   9.85628881e-05  -2.32650052e-03   2.67305207e-18  -3.26341194e-18  -1.37999977e-19
  5.76000000e-06   2.22415463e-07   9.85612866e-05  -2.32162826e-03   2.72995850e-18  -3.20852704e-18  -1.35951726e-19
  5.84000000e-06   2.22444253e-07   9.85544744e-05  -2.31675718e-03   2.78551758e-18  -3.15284570e-18  -1.33854092e-19
  5.92000000e-06   2.22411618e-07   9.85425423e-05  -2.31188727e-03   2.83972381e-18  -3.09639804e-18  -1.31708562e-19
  6.00000000e-06   2.22317370e-07   9.85255825e-05  -2.30701849e-03   2.89257240e-18  -3.03921404e-18  -1.29516632e-19
  6.08000000e-06   2.22161343e-07   9.85036885e-05  -2.30215083e-03   2.94405920e-18  -2.98132357e-18  -1.27279806e-19
  6.16000000e-06   2.21943395e-07   9.84769547e-05  -2.29728427e-03   2.99418074e-18  -2.92275638e-18  -1.24999598e-19
  6.24000000e-06   2.11089890e-07   9.88258504e-05  -2.29265197e-03   3.05198128e-18  -2.86347174e-18  -1.23150304e-19
  6.32000000e-06   2.02843331e-07   9.89424414e-05  -2.28765941e-03   3.10292340e-18  -2.80310146e-18  -1.20960443e-19
  6.40000000e-06   1.94559427e-07   9.90544164e-05  -2.28266789e-03   3.15247708e-18  -2.74208807e-18  -1.18721865e-19
  6.48000000e-06   1.86237907e-07   9.91618765e-05  -2.27767738e-03   3.20064069e-18  -2.68046145e-18  -1.16435940e-19
  6.56000000e-06   1.77878514e-07   9.92649240e-05  -2.27268787e-03   3.24741327e-18  -2.61825134e-18  -1.14104043e-19
  6.64000000e-06   1.69481007e-07   9.93636619e-05  -2.26769933e-03   3.29279447e-18  -2.55548725e-18  -1.11727557e-19
  6.72000000e-06   1.61045157e-07   9.94581945e-05  -2.26271173e-03   3.33678455e-18  -2.49219849e-18  -1.09307865e-19
  6.80000000e-06   1.52570752e-07   9.95486265e-05  -2.25772506e-03   3.37938440e-18  -2.42841413e-18  -1.06846356e-19
  6.88000000e-06   7.84079145e-08   9.91534339e-05  -2.25273217e-03   3.40921886e-18  -2.36267511e-18  -1.03873884e-19
  6.96000000e-06   1.03929777e-07   9.92032412e-05  -2.24766783e-03   3.44821303e-18  -2.29891175e-18  -1.01305505e-19
  7.04000000e-06   1.29381510e-07   9.92492250e-05  -2.24260429e-03   3.48583538e-18  -2.23475537e-18  -9.87007547e-20
  7.12000000e-06   1.54762809e-07   9.92914894e-05  -2.23754154e-03   3.52208933e-18  -2.17023384e-18  -9.60610824e-20
  7.20000000e-06   1.80073394e-07   9.93301393e-05  -2.23247955e-03   3.55697881e-18  -2.10537474e-18  -9.33879325e-20
  7.28000000e-06   2.05313009e-07   9.93652802e-05  -2.22741830e-03   3.59050830e-18  -2.04020538e-18  -9.06827427e-20
  7.36000000e-06   2.30481424e-07   9.93970179e-05  -2.22235778e-03   3.62268280e-18  -1.97475276e-18  -8.79469436e-20
  7.44000000e-06   2.55578432e-07   9.94254589e-05  -2.21729795e-03   3.65350783e-18  -1.90904360e-18  -8.51819566e-20
  7.52000000e-06   2.80603851e-07   9.94507101e-05  -2.21223880e-03   3.68298939e-18  -1.84310430e-18  -8.23891934e-20
  7.60000000e-06   2.85495240e-07   1.00004939e-04  -2.20695691e-03   3.72354329e-18  -1.77608651e-18  -7.99990111e-20
  7.68000000e-06   2.94299714e-07   9.97534112e-05  -2.20196693e-03   3.74399045e-18  -1.70928917e-18  -7.69337486e-20
  7.76000000e-06   3.03017486e-07   9.94990900e-05  -2.19697751e-03   3.76311111e-18  -1.64244270e-18  -7.38656925e-20
  7.84000000e-06   3.11648741e-07   9.92420886e-05  -2.19198862e-03   3.78091500e-18  -1.57557150e-18  -7.07963020e-20
  7.92000000e-06   3.20193694e-07   9.89825195e-05  -2.18700024e-03   3.79741225e-18  -1.50869961e-18  -6.77270072e-20
  8.00000000e-06   3.28652584e-07   9.87204954e-05  -2.18201235e-03   3.81261338e-18  -1.44185071e-18  -6.46592086e-20
  8.08000000e-06   3.37025673e-07   9.84561288e-05  -2.17702491e-03   3.82652933e-18  -1.37504810e-18  -6.15942766e-20
  8.16000000e-06   3.45313252e-07   9.81895322e-05  -2.17203791e-03   3.83917137e-18  -1.30831470e-18  -5.85335508e-20
  8.24000000e-06   4.27898158e-07   9.77728141e-05  -2.16766129e-03   3.84750529e-18  -1.24379809e-18  -5.53422710e-20
  8.32000000e-06   4.04796444e-07   9.76094902e-05  -2.16260523e-03   3.86015398e-18  -1.17650726e-18  -5.23792765e-20
  8.40000000e-06   3.81638080e-07   9.74442555e-05  -2.15754962e-03   3.87155001e-18  -1.10931519e-18  -4.94166440e-20
  8.48000000e-06   3.58423554e-07   9.72772218e-05  -2.15249445e-03   3.88170566e-18  -1.04224379e-18  -4.64555369e-20
  8.56000000e-06   3.35153370e-07   9.71085010e-05  -2.14743968e-03   3.89063353e-18  -9.75314582e-19  -4.34970905e-20
  8.64000000e-06   3.11828044e-07   9.69382043e-05  -2.14238530e-03   3.89834655e-18  -9.08548705e-19  -4.05424113e-20
  8.72000000e-06   2.88448106e-07   9.67664430e-05  -2.13733130e-03   3.90485797e-18  -8.41966882e-19  -3.75925770e-20
  8.80000000e-06   2.65014098e-07   9.65933279e-05  -2.13227764e-03   3.91018133e-18  -7.75589437e-19  -3.46486359e-20
  8.88000000e-06   2.41526574e-07   9.64189695e-05  -2.12722431e-03   3.91433046e-18  -7.09436287e-19  -3.17116068e-20
  8.96000000e-06   2.40691844e-07   9.55820771e-05  -2.12194301e-03   3.90153273e-18  -6.44238251e-19  -2.85769047e-20
  9.04000000e-06   2.48124368e-07   9.54949291e-05  -2.11697048e-03   3.90556655e-18  -5.79590576e-19  -2.56871294e-20
  9.12000000e-06   2.55492944e-07   9.54067330e-05  -2.11199813e-03   3.90848262e-18  -5.15182704e-19  -2.27998824e-20
  9.20000000e-06   2.62798342e-07   9.53175922e-05  -2.10702593e-03   3.91029477e-18  -4.51032966e-19  -1.99161086e-20
  9.28000000e-06   2.70041348e-07   9.52276103e-05  -2.10205387e-03   3.91101708e-18  -3.87159301e-19  -1.70367274e-20
  9.36000000e-06   2.77222756e-07   9.51368900e-05  -2.09708192e-03   3.91066388e-18  -3.23579255e-19  -1.41626318e-20
  9.44000000e-06   2.84343376e-07   9.50455339e-05  -2.09211007e-03   3.90924971e-18  -2.60309984e-19  -1.12946888e-20
  9.52000000e-06   2.91404027e-07   9.49536439e-05  -2.08713828e-03   3.90678932e-18  -1.97368244e-19  -8.43373913e-21
  9.60000000e-06   2.18154158e-07   9.54319883e-05  -2.08209349e-03   3.91669811e-18  -1.32778617e-19  -5.67548168e-21
  9.68000000e-06   2.36149195e-07   9.51899632e-05  -2.07713482e-03   3.90864342e-18  -7.06192889e-20  -2.79193457e-21
  9.76000000e-06   2.54063185e-07   9.49478550e-05  -2.07217614e-03   3.89959328e-18  -8.89122804e-21   7.07179556e-23
  9.84000000e-06   2.71896821e-07   9.47057662e-05  -2.06721743e-03   3.88956415e-18   5.23908850e-20   2.91177839e-21
  9.92000000e-06   2.89650811e-07   9.44637983e-05  -2.06225866e-03   3.87857261e-18   1.13212778e-19   5.73058120e-21
  1.00000000e-05   3.07325880e-07   9.42220524e-05  -2.05729983e-03   3.86663538e-18   1.73560586e-19   8.52649257e-21
  1.00800000e-05   3.24922767e-07   9.39806285e-05  -2.05234091e-03   3.85376932e-18   2.33420850e-19   1.12989102e-20
  1.01600000e-05   3.42442227e-07   9.37396258e-05  -2.04738188e-03   3.83999139e-18   2.92780517e-19   1.40472628e-20
  1.02400000e-05   3.59885031e-07   9.34991428e-05  -2.04242272e-03   3.82531865e-18   3.51626938e-19   1.67710102e-20
  1.03200000e-05   3.61665198e-07   9.35712768e-05  -2.03772064e-03   3.81733330e-18   4.10470554e-19   1.95261557e-20
  1.04000000e-05   3.56752838e-07   9.33835303e-05  -2.03269657e-03   3.80207123e-18   4.68897181e-19   2.22087617e-20
  1.04800000e-05   3.51769924e-07   9.31966686e-05  -2.02767241e-03   3.78595828e-18   5.26788325e-19   2.48692555e-20
  1.05600000e-05   3.46717166e-07   9.30107886e-05  -2.02264814e-03   3.76901186e-18   5.84132714e-19   2.75072191e-20
  1.06400000e-05   3.41595283e-07   9.28259862e-05  -2.01762373e-03   3.75124944e-18   6.40919473e-19   3.01222624e-20
  1.07200000e-05   3.36405007e-07   9.26423564e-05  -2.01259917e-03   3.73268855e-18   6.97138122e-19   3.27140220e-20
  1.08000000e-05   3.31147083e-07   9.24599932e-05  -2.00757444e-03   3.71334677e-18   7.52778573e-19   3.52821616e-20
  1.08800000e-05   3.25822266e-07   9.22789897e-05  -2.00254953e-03   3.69324173e-18   8.07831129e-19   3.78263706e-20
  1.09600000e-05   2.93164403e-07   9.14403090e-05  -1.99766563e-03   3.65693346e-18   8.62883939e-19   4.00339554e-20
  1.10400000e-05   3.01053431e-07   9.13344902e-05  -1.99264874e-03   3.63705960e-18   9.16203249e-19   4.25443302e-20
  1.11200000e-05   3.08866590e-07   9.12300814e-05  -1.98763166e-03   3.61647795e-18   9.68935730e-19   4.50350518e-20
  1.12000000e-05   3.16604716e-07   9.11271686e-05  -1.98261438e-03   3.59520562e-18   1.02107305e-18   4.75058368e-20
  1.12800000e-05   3.24268651e-07   9.10258370e-05  -1.97759688e-03   3.57325978e-18   1.07260724e-18   4.99564239e-20
  1.13600000e-05   3.31859251e-07   9.09261709e-05  -1.97257915e-03   3.55065758e-18   1.12353070e-18   5.23865737e-20
  1.14400000e-05   3.39377383e-07   9.08282534e-05  -1.96756118e-03   3.52741617e-18   1.17383619e-18   5.47960678e-20
  1.15200000e-05   3.46823922e-07   9.07321669e-05  -1.96254295e-03   3.50355270e-18   1.22351681e-18   5.71847085e-20
  1.16000000e-05   3.54199754e-07   9.06379924e-05  -1.95752445e-03   3.47908428e-18   1.27256602e-18   5.95523188e-20
  1.16800000e-05   4.02614420e-07   9.06896804e-05  -1.95235254e-03   3.45733922e-18   1.31995870e-18   6.20270183e-20
  1.17600000e-05   3.86709946e-07   9.05475382e-05  -1.94740120e-03   3.43054104e-18   1.36835750e-18   6.43052020e-20
  1.18400000e-05   3.70760467e-07   9.04076186e-05  -1.94244947e-03   3.40318014e-18   1.41609262e-18   6.65589136e-20
  1.19200000e-05   3.54767112e-07   9.02700004e-05  -1.93749734e-03   3.37527378e-18   1.46315885e-18   6.87881133e-20
  1.20000000e-05   3.38731013e-07   9.01347616e-05  -1.93254481e-03   3.34683916e-18   1.50955133e-18   7.09927794e-20
  1.20800000e-05   3.22653300e-07   9.00019790e-05  -1.92759185e-03   3.31789343e-18   1.55526550e-18   7.31729084e-20
  1.21600000e-05   3.06535107e-07   8.98717282e-05  -1.92263847e-03   3.28845367e-18   1.60029716e-18   7.53285138e-20
  1.22400000e-05   2.90377564e-07   8.97440839e-05  -1.91768464e-03   3.25853689e-18   1.64464244e-18   7.74596263e-20
  1.23200000e-05   3.23559034e-07   9.01630405e-05  -1.91269306e-03   3.24098104e-18   1.68718605e-18   8.00810525e-20
  1.24000000e-05   3.06225501e-07   9.01054867e-05  -1.90763224e-03   3.21164142e-18   1.73027469e-18   8.22436982e-20
  1.24800000e-05   2.88862699e-07   9.00509554e-05  -1.90257096e-03   3.18188072e-18   1.77268249e-18   8.43862762e-20
  1.25600000e-05   2.71471370e-07   8.99995181e-05  -1.89750920e-03   3.15171557e-18   1.81440680e-18   8.65088497e-20
  1.26400000e-05   2.54052252e-07   8.99512452e-05  -1.89244696e-03   3.12116246e-18   1.85544532e-18   8.86114953e-20
  1.27200000e-05   2.36606087e-07   8.99062058e-05  -1.88738423e-03   3.09023780e-18   1.89579601e-18   9.06943021e-20
  1.28000000e-05   2.19133614e-07   8.98644679e-05  -1.88232099e-03   3.05895789e-18   1.93545715e-18   9.27573718e-20
  1.28800000e-05   2.01635571e-07   8.98260982e-05  -1.87725723e-03   3.02733892e-18   1.97442730e-18   9.48008175e-20
  1.29600000e-05   1.84112697e-07   8.97911625e-05  -1.87219295e-03   2.99539696e-18   2.01270532e-18   9.68247641e-20
  1.30400000e-05   1.71118625e-07   8.90464671e-05  -1.86723429e-03   2.94636824e-18   2.05006371e-18   9.80354258e-20
  1.31200000e-05   1.71063791e-07   8.90166057e-05  -1.86209521e-03   2.91375686e-18   2.08622222e-18   9.99985707e-20
  1.32000000e-05   1.70979590e-07   8.89901163e-05  -1.85695564e-03   2.88087685e-18   2.12168410e-18   1.01941846e-19
  1.32800000e-05   1.70866693e-07   8.89670581e-05  -1.85181556e-03   2.84774374e-18   2.15644946e-18   1.03865392e-19
  1.33600000e-05   1.70725770e-07   8.89474894e-05  -1.84667498e-03   2.81437295e-18   2.19051865e-18   1.05769354e-19
  1.34400000e-05   1.70557489e-07   8.89314673e-05  -1.84153388e-03   2.78077974e-18   2.22389231e-18   1.07653892e-19
  1.35200000e-05   1.70362519e-07   8.89190477e-05  -1.83639226e-03   2.74697921e-18   2.25657131e-18   1.09519169e-19
  1.36000000e-05   1.70141527e-07   8.89102854e-05  -1.83125010e-03   2.71298634e-18   2.28855677e-18   1.11365360e-19
  1.36800000e-05   1.69829327e-07   8.91847438e-05  -1.82582938e-03   2.68532183e-18   2.31955191e-18   1.13550966e-19
  1.37600000e-05   1.67372370e-07   8.89574135e-05  -1.82079302e-03   2.64569680e-18   2.35039241e-18   1.15074939e-19
  1.38400000e-05   1.64897274e-07   8.87340004e-05  -1.81575600e-03   2.60591973e-18   2.38047429e-18   1.16567818e-19
  1.39200000e-05   1.62404858e-07   8.85145545e-05  -1.81071831e-03   2.56600589e-18   2.40980007e-18   1.18030016e-19
  1.40000000e-05   1.59895938e-07   8.82991247e-05  -1.80567994e-03   2.52597036e-18   2.43837252e-18   1.19461953e-19
  1.40800000e-05   1.57371323e-07   8.80877584e-05  -1.80064089e-03   2.48582805e-18   2.46619462e-18   1.20864052e-19
  1.41600000e-05   1.54831819e-07   8.78805019e-05  -1.79560115e-03   2.44559366e-18   2.49326957e-18   1.22236744e-19
  1.42400000e-05   1.52278227e-07   8.76774003e-05  -1.79056071e-03   2.40528171e-18   2.51960081e-18   1.23580463e-19
  1.43200000e-05   4.33375540e-08   8.77239605e-05  -1.78571860e-03   2.37072752e-18   2.54798424e-18   1.25228023e-19
  1.44000000e-05   5.87944640e-08   8.76220721e-05  -1.78067238e-03   2.33244966e-18   2.57250515e-18   1.26663034e-19
  1.44800000e-05   7.41985443e-08   8.75245173e-05  -1.77562549e-03   2.29414228e-18   2.59632344e-18   1.28074405e-19
  1.45600000e-05   8.95505347e-08   8.74313352e-05  -1.77057793e-03   2.25581864e-18   2.61944319e-18   1.29462489e-19
  1.46400000e-05   1.04851177e-07   8.73425638e-05  -1.76552970e-03   2.21749183e-18   2.64186864e-18   1.30827642e-19
  1.47200000e-05   1.20101214e-07   8.72582399e-05  -1.76048079e-03   2.17917474e-18   2.66360424e-18   1.32170224e-19
  1.48000000e-05   1.35301389e-07   8.71783992e-05  -1.75543119e-03   2.14088008e-18   2.68465459e-18   1.33490595e-19
  1.48800000e-05   1.50452448e-07   8.71030762e-05  -1.75038090e-03   2.10262033e-18   2.70502445e-18   1.34789116e-19
  1.49600000e-05   1.65555135e-07   8.70323042e-05  -1.74532992e-03   2.06440782e-18   2.72471877e-18   1.36066152e-19
  1.50400000e-05   2.31865220e-07   8.66178801e-05  -1.74060497e-03   2.01804929e-18   2.74298920e-18   1.36768439e-19
  1.51200000e-05   2.18276282e-07   8.67044504e-05  -1.73556639e-03   1.98345794e-18   2.76196318e-18   1.38230057e-19
  1.52000000e-05   2.04691389e-07   8.67955592e-05  -1.73052720e-03   1.94893744e-18   2.78032328e-18   1.39679194e-19
  1.52800000e-05   1.91111391e-07   8.68912371e-05  -1.72548739e-03   1.91449879e-18   2.79807445e-18   1.41116090e-19
  1.53600000e-05   1.77537132e-07   8.69915134e-05  -1.72044695e-03   1.88015280e-18   2.81522179e-18   1.42540984e-19
  1.54400000e-05   1.63969445e-07   8.70964167e-05  -1.71540588e-03   1.84591010e-18   2.83177051e-18   1.43954117e-19
  1.55200000e-05   1.50409153e-07   8.72059746e-05  -1.71036417e-03   1.81178112e-18   2.84772597e-18   1.45355727e-19
  1.56000000e-05   1.36857069e-07   8.73202134e-05  -1.70532183e-03   1.77777613e-18   2.86309362e-18   1.46746053e-19
  1.56800000e-05   1.46209025e-07   8.77130542e-05  -1.70001090e-03   1.75040791e-18   2.87688626e-18   1.48585169e-19
  1.57600000e-05   1.39688093e-07   8.78749393e-05  -1.69497366e-03   1.71759834e-18   2.89102776e-18   1.50025232e-19
  1.58400000e-05   1.33186684e-07   8.80416843e-05  -1.68993576e-03   1.68494521e-18   2.90460990e-18   1.51456147e-19
  1.59200000e-05   1.26705551e-07   8.82133119e-05  -1.68489720e-03   1.65245787e-18   2.91763848e-18   1.52878128e-19
  1.60000000e-05   1.20245433e-07   8.83898438e-05  -1.67985796e-03   1.62014550e-18   2.93011945e-18   1.54291387e-19
  1.60800000e-05   1.13807058e-07   8.85713005e-05  -1.67481806e-03   1.58801707e-18   2.94205880e-18   1.55696137e-19
  1.61600000e-05   1.07391143e-07   8.87577019e-05  -1.66977748e-03   1.55608139e-18   2.95346264e-18   1.57092588e-19
  1.62400000e-05   1.00998391e-07   8.89490670e-05  -1.66473623e-03   1.52434707e-18   2.96433714e-18   1.58480950e-19
  1.63200000e-05   9.46294967e-08   8.91454136e-05  -1.65969431e-03   1.49282255e-18   2.97468858e-18   1.59861432e-19
  1.64000000e-05   3.88199555e-08   8.87870943e-05  -1.65459617e-03   1.44835141e-18   2.98550298e-18   1.60238713e-19
  1.64800000e-05   4.20946504e-08   8.90098500e-05  -1.64944995e-03   1.41769339e-18   2.99425036e-18   1.61615969e-19
  1.65600000e-05   4.53755656e-08   8.92375630e-05  -1.64430311e-03   1.38727962e-18   3.00249865e-18   1.62986136e-19
  1.66400000e-05   4.86633506e-08   8.94702475e-05  -1.63915565e-03   1.35711771e-18   3.01025457e-18   1.64349410e-19
  1.67200000e-05   5.19586449e-08   8.97079171e-05  -1.63400756e-03   1.32721505e-18   3.01752485e-18   1.65705984e-19
  1.68000000e-05   5.52620778e-08   8.99505844e-05  -1.62885884e-03   1.29757888e-18   3.02431630e-18   1.67056051e-19
  1.68800000e-05   5.85742683e-08   9.01982612e-05  -1.62370950e-03   1.26821624e-18   3.03063577e-18   1.68399804e-19
  1.69600000e-05   6.18958255e-08   9.04509586e-05  -1.61855954e-03   1.23913401e-18   3.03649016e-18   1.69737434e-19
  1.70400000e-05   6.52273481e-08   9.07086870e-05  -1.61340895e-03   1.21033886e-18   3.04188639e-18   1.71069132e-19
  1.71200000e-05   1.45663643e-07   9.13042766e-05  -1.60814991e-03   1.18976131e-18   3.04494494e-18   1.72987480e-19
  1.72000000e-05   1.31650465e-07   9.13292742e-05  -1.60300649e-03   1.15586135e-18   3.04993168e-18   1.73860940e-19
  1.72800000e-05   1.17667026e-07   9.13594025e-05  -1.59786247e-03   1.12226414e-18   3.05441082e-18   1.74721671e-19
  1.73600000e-05   1.03713891e-07   9.13946688e-05  -1.59271783e-03   1.08897660e-18   3.05839005e-18   1.75570011e-19
  1.74400000e-05   8.97916131e-08   9.14350796e-05  -1.58757258e-03   1.05600544e-18   3.06187711e-18   1.76406296e-19
  1.75200000e-05   7.59007337e-08   9.14806407e-05  -1.58242671e-03   1.02335719e-18   3.06487977e-18   1.77230855e-19
  1.76000000e-05   6.20417822e-08   9.15313571e-05  -1.57728023e-03   9.91038194e-19   3.06740582e-18   1.78044015e-19
  1.76800000e-05   4.82152754e-08   9.15872329e-05  -1.57213313e-03   9.59054592e-19   3.06946309e-18   1.78846096e-19
  1.77600000e-05  -6.42256517e-08   9.20137027e-05  -1.56703537e-03   9.35955326e-19   3.07352897e-18   1.80434134e-19
  1.78400000e-05  -5.83139798e-08   9.20595201e-05  -1.56192903e-03   9.04116656e-19   3.07439107e-18   1.81169720e-19
  1.79200000e-05  -2.01731126e-09   9.17535362e-05  -1.55685823e-03   8.64211564e-19   3.07364382e-18   1.81144270e-19
  1.80000000e-05  -6.66452721e-09   9.18411227e-05  -1.55175460e-03   8.33836128e-19   3.07377298e-18   1.81918716e-19
  1.80800000e-05  -1.13267599e-08   9.19337583e-05  -1.54665044e-03   8.03820547e-19   3.07347713e-18   1.82683295e-19
  1.81600000e-05  -1.60034689e-08   9.20314430e-05  -1.54154576e-03   7.74169807e-19   3.07276409e-18   1.83438294e-19
  1.82400000e-05  -2.06941200e-08   9.21341763e-05  -1.53644056e-03   7.44888721e-19   3.07164167e-18   1.84183995e-19
  1.83200000e-05  -2.53981861e-08   9.22419568e-05  -1.53133484e-03   7.15981926e-19   3.07011766e-18   1.84920678e-19
  1.84000000e-05  -3.01151467e-08   9.23547827e-05  -1.52622859e-03   6.87453893e-19   3.06819986e-18   1.85648618e-19
  1.84800000e-05  -4.09195686e-08   9.26792655e-05  -1.52113766e-03   6.64149480e-19   3.06612048e-18   1.86793494e-19
  1.85600000e-05  -4.64875457e-08   9.28446440e-05  -1.51607150e-03   6.37343803e-19   3.06360268e-18   1.87596344e-19
  1.86400000e-05  -5.20690022e-08   9.30151816e-05  -1.51100481e-03   6.10928150e-19   3.06072544e-18   1.88392598e-19
  1.87200000e-05  -5.76633795e-08   9.31908732e-05  -1.50593759e-03   5.84906204e-19   3.05749637e-18   1.89182494e-19
  1.88000000e-05  -6.32701274e-08   9.33717130e-05  -1.50086983e-03   5.59281487e-19   3.05392306e-18   1.89966269e-19
  1.88800000e-05  -6.88887039e-08   9.35576945e-05  -1.49580155e-03   5.34057368e-19   3.05001308e-18   1.90744154e-19
  1.89600000e-05  -7.45185753e-08   9.37488108e-05  -1.49073275e-03   5.09237064e-19   3.04577396e-18   1.91516380e-19
  1.90400000e-05  -8.01592171e-08   9.39450543e-05  -1.48566342e-03   4.84823638e-19   3.04121323e-18   1.92283175e-19
  1.91200000e-05  -8.65763651e-08   9.39897283e-05  -1.48069305e-03   4.57018791e-19   3.03653650e-18   1.92723046e-19
  1.92000000e-05  -9.22874827e-08   9.43461986e-05  -1.47560216e-03   4.36973701e-19   3.03129153e-18   1.93785638e-19
  1.92800000e-05  -9.80079248e-08   9.47076755e-05  -1.47051083e-03   4.17342278e-19   3.02578741e-18   1.94846841e-19
  1.93600000e-05  -1.03737273e-07   9.50741500e-05  -1.46541904e-03   3.98126554e-19   3.02003111e-18   1.95906824e-19
  1.94400000e-05  -1.09475116e-07   9.54456130e-05  -1.46032681e-03   3.79328431e-19   3.01402955e-18   1.96965753e-19
  1.95200000e-05  -1.15221054e-07   9.58220546e-05  -1.45523414e-03   3.60949686e-19   3.00778963e-18   1.98023799e-19
  1.96000000e-05  -1.20974694e-07   9.62034648e-05  -1.45014103e-03   3.42991969e-19   3.00131817e-18   1.99081129e-19
  1.96800000e-05  -1.26735654e-07   9.65898331e-05  -1.44504748e-03   3.25456811e-19   2.99462198e-18   2.00137915e-19
  1.97600000e-05  -1.32503558e-07   9.69811487e-05  -1.43995350e-03   3.08345623e-19   2.98770779e-18   2.01194327e-19
  1.98400000e-05  -1.14757385e-07   9.73356012e-05  -1.43467928e-03   2.90937292e-19   2.97965398e-18   2.02130906e-19
  1.99200000e-05  -1.19554800e-07   9.76940240e-05  -1.42957352e-03   2.73703859e-19   2.97226443e-18   2.03095362e-19
  2.00000000e-05  -1.24357061e-07   9.80573650e-05  -1.42446729e-03   2.56899442e-19   2.96466616e-18   2.04059024e-19
  2.00800000e-05  -1.29163873e-07   9.84256118e-05  -1.41936060e-03   2.40525099e-19   2.95686582e-18   2.05022079e-19
  2.01600000e-05  -1.33974945e-07   9.87987519e-05  -1.41425346e-03   2.24581779e-19   2.94887004e-18   2.05984712e-19
  2.02400000e-05  -1.38789994e-07   9.91767720e-05  -1.40914586e-03   2.09070317e-19   2.94068536e-18   2.06947111e-19
  2.03200000e-05  -1.43608746e-07   9.95596590e-05  -1.40403782e-03   1.93991441e-19   2.93231829e-18   2.07909463e-19
  2.04000000e-05  -1.48430933e-07   9.99473992e-05  -1.39892934e-03   1.79345770e-19   2.92377525e-18   2.08871959e-19
  2.04800000e-05  -1.46416480e-07   1.01109066e-04  -1.39379570e-03   1.83227801e-19   2.91492993e-18   2.11436307e-19
  2.05600000e-05  -1.51029555e-07   1.01419690e-04  -1.38863568e-03   1.67492776e-19   2.90612491e-18   2.12232046e-19
  2.06400000e-05  -1.55645464e-07   1.01735306e-04  -1.38347523e-03   1.52198484e-19   2.89714069e-18   2.13027166e-19
  2.07200000e-05  -1.60263949e-07   1.02055899e-04  -1.37831434e-03   1.37345350e-19   2.88798376e-18   2.13821883e-19
  2.08000000e-05  -1.64884759e-07   1.02381453e-04  -1.37315304e-03   1.22933696e-19   2.87866056e-18   2.14616413e-19
  2.08800000e-05  -1.69507648e-07   1.02711950e-04  -1.36799131e-03   1.08963740e-19   2.86917746e-18   2.15410975e-19
  2.09600000e-05  -1.74132382e-07   1.03047375e-04  -1.36282916e-03   9.54356042e-20   2.85954075e-18   2.16205784e-19
  2.10400000e-05  -1.78758731e-07   1.03387710e-04  -1.35766661e-03   8.23493129e-20   2.84975667e-18   2.17001062e-19
  2.11200000e-05  -1.83386473e-07   1.03732939e-04  -1.35250364e-03   6.97047957e-20   2.83983137e-18   2.17797026e-19
  2.12000000e-05  -1.28529205e-07   1.03699355e-04  -1.34769931e-03   4.78713924e-20   2.82903725e-18   2.17677031e-19
  2.12800000e-05  -1.31694094e-07   1.04103011e-04  -1.34252581e-03   3.72714483e-20   2.81870045e-18   2.18565852e-19
  2.13600000e-05  -1.34859414e-07   1.04511445e-04  -1.33735198e-03   2.71124894e-20   2.80825322e-18   2.19456768e-19
  2.14400000e-05  -1.38025048e-07   1.04924636e-04  -1.33217783e-03   1.73939405e-20   2.79770130e-18   2.20350003e-19
  2.15200000e-05  -1.41190884e-07   1.05342569e-04  -1.32700336e-03   8.11514665e-21   2.78705034e-18   2.21245781e-19
  2.16000000e-05  -1.44356814e-07   1.05765223e-04  -1.32182858e-03  -7.24625302e-22   2.77630594e-18   2.22144329e-19
  2.16800000e-05  -1.47522737e-07   1.06192583e-04  -1.31665348e-03  -9.12618404e-21   2.76547360e-18   2.23045877e-19
  2.17600000e-05  -1.50688554e-07   1.06624628e-04  -1.31147807e-03  -1.70904119e-20   2.75455875e-18   2.23950658e-19
  2.18400000e-05  -1.05754204e-07   1.06324923e-04  -1.30634327e-03  -4.19608063e-20   2.74246686e-18   2.23216227e-19
  2.19200000e-05  -1.07929836e-07   1.06800637e-04  -1.30116338e-03  -4.82265560e-20   2.73120314e-18   2.24183563e-19
  2.20000000e-05  -1.10105085e-07   1.07280883e-04  -1.29598319e-03  -5.40585028e-20   2.71988232e-18   2.25155180e-19
  2.20800000e-05  -1.12279905e-07   1.07765641e-04  -1.29080272e-03  -5.94579181e-20   2.70850939e-18   2.26131323e-19
  2.21600000e-05  -1.14454252e-07   1.08254894e-04  -1.28562197e-03  -6.44261342e-20   2.69708930e-18   2.27112243e-19
  2.22400000e-05  -1.16628087e-07   1.08748622e-04  -1.28044095e-03  -6.89645420e-20   2.68562690e-18   2.28098192e-19
  2.23200000e-05  -1.18801374e-07   1.09246806e-04  -1.27525966e-03  -7.30745895e-20   2.67412695e-18   2.29089430e-19
  2.24000000e-05  -1.20974081e-07   1.09749427e-04  -1.27007810e-03  -7.67577794e-20   2.66259413e-18   2.30086218e-19
  2.24800000e-05  -1.23146178e-07   1.10256466e-04  -1.26489628e-03  -8.00156676e-20   2.65103307e-18   2.31088822e-19
  2.25600000e-05  -2.47207380e-07   1.11781500e-04  -1.25951926e-03  -5.87058767e-20   2.64208306e-18   2.34494645e-19
  2.26400000e-05  -2.51490093e-07   1.12250774e-04  -1.25432829e-03  -6.22164491e-20   2.63073630e-18   2.35439026e-19
  2.27200000e-05  -2.55771832e-07   1.12724528e-04  -1.24913708e-03  -6.53055149e-20   2.61936220e-18   2.36389645e-19
  2.28000000e-05  -2.60052547e-07   1.13202743e-04  -1.24394562e-03  -6.79746796e-20   2.60796518e-18   2.37346783e-19
  2.28800000e-05  -2.64332197e-07   1.13685401e-04  -1.23875391e-03  -7.02255960e-20   2.59654957e-18   2.38310724e-19
  2.29600000e-05  -2.68610745e-07   1.14172482e-04  -1.23356198e-03  -7.20599621e-20   2.58511961e-18   2.39281757e-19
  2.30400000e-05  -2.72888165e-07   1.14663965e-04  -1.22836981e-03  -7.34795198e-20   2.57367948e-18   2.40260175e-19
  2.31200000e-05  -2.77164433e-07   1.15159832e-04  -1.22317741e-03  -7.44860527e-20   2.56223325e-18   2.41246277e-19
  2.32000000e-05  -3.19151681e-07   1.15539748e-04  -1.21902001e-03  -8.02713792e-20   2.55381888e-18   2.42074131e-19
  2.32800000e-05  -3.23998232e-07   1.16053129e-04  -1.21381514e-03  -8.02712237e-20   2.54231264e-18   2.43092488e-19
  2.33600000e-05  -3.28843355e-07   1.16570825e-04  -1.20861017e-03  -7.98628061e-20   2.53081442e-18   2.44119563e-19
  2.34400000e-05  -3.33687059e-07   1.17092817e-04  -1.20340509e-03  -7.90480988e-20   2.51932797e-18   2.45155673e-19
  2.35200000e-05  -3.38529358e-07   1.17619086e-04  -1.19819992e-03  -7.78291067e-20   2.50785694e-18   2.46201142e-19
  2.36000000e-05  -3.43370273e-07   1.18149613e-04  -1.19299466e-03  -7.62078663e-20   2.49640490e-18   2.47256296e-19
  2.36800000e-05  -3.48209834e-07   1.18684377e-04  -1.18778930e-03  -7.41864431e-20   2.48497536e-18   2.48321468e-19
  2.37600000e-05  -3.53048076e-07   1.19223359e-04  -1.18258386e-03  -7.17669308e-20   2.47357171e-18   2.49396998e-19
  2.38400000e-05  -3.57885043e-07   1.19766541e-04  -1.17737834e-03  -6.89514495e-20   2.46219728e-18   2.50483228e-19
  2.39200000e-05  -4.54129194e-07   1.18656889e-04  -1.17171407e-03  -1.03393289e-19   2.45180733e-18   2.48329171e-19
  2.40000000e-05  -4.60181126e-07   1.19224767e-04  -1.16657131e-03  -9.95583738e-20   2.44032607e-18   2.49443062e-19
  2.40800000e-05  -4.66230843e-07   1.19796664e-04  -1.16142844e-03  -9.53375325e-20   2.42888835e-18   2.50568317e-19
  2.41600000e-05  -4.72278438e-07   1.20372562e-04  -1.15628547e-03  -9.07330164e-20   2.41749711e-18   2.51705294e-19
  2.42400000e-05  -4.78324014e-07   1.20952443e-04  -1.15114239e-03  -8.57470947e-20   2.40615523e-18   2.52854356e-19
  2.43200000e-05  -4.84367681e-07   1.21536286e-04  -1.14599921e-03  -8.03820530e-20   2.39486548e-18   2.54015874e-19
  2.44000000e-05  -4.90409559e-07   1.22124074e-04  -1.14085594e-03  -7.46401923e-20   2.38363056e-18   2.55190223e-19
  2.44800000e-05  -4.96449777e-07   1.22715788e-04  -1.13571257e-03  -6.85238274e-20   2.37245311e-18   2.56377783e-19
  2.45600000e-05  -5.57263523e-07   1.25192937e-04  -1.13011583e-03  -1.68562249e-20   2.36172214e-18   2.61637184e-19
  2.46400000e-05  -5.63959635e-07   1.25729917e-04  -1.12500999e-03  -1.15636281e-20   2.35114348e-18   2.62767086e-19
  2.47200000e-05  -5.70655462e-07   1.26270885e-04  -1.11990406e-03  -5.90584767e-21   2.34061271e-18   2.63910651e-19
  2.48000000e-05  -5.77351144e-07   1.26815824e-04  -1.11479806e-03   1.14984007e-22   2.33013232e-18   2.65068262e-19
  2.48800000e-05  -5.84046829e-07   1.27364715e-04  -1.10969198e-03   6.49672254e-21   2.31970470e-18   2.66240308e-19
  2.49600000e-05  -5.90742676e-07   1.27917541e-04  -1.10458583e-03   1.32372127e-20   2.30933219e-18   2.67427182e-19
  2.50400000e-05  -5.97438850e-07   1.28474285e-04  -1.09947961e-03   2.03342896e-20   2.29901703e-18   2.68629284e-19
  2.51200000e-05  -6.04135527e-07   1.29034928e-04  -1.09437333e-03   2.77857800e-20   2.28876142e-18   2.69847018e-19
  2.52000000e-05  -6.10832891e-07   1.29599455e-04  -1.08926699e-03   3.55895029e-20   2.27856746e-18   2.71080794e-19
  2.52800000e-05  -4.57222046e-07   1.31092405e-04  -1.08535143e-03   6.20586284e-20   2.26724942e-18   2.73819886e-19
  2.53600000e-05  -4.62182600e-07   1.31729504e-04  -1.08018339e-03   7.22326776e-20   2.25717497e-18   2.75233963e-19
  2.54400000e-05  -4.67144475e-07   1.32370477e-04  -1.07501538e-03   8.27548709e-20   2.24718053e-18   2.76667392e-19
  2.55200000e-05  -4.72107864e-07   1.33015307e-04  -1.06984740e-03   9.36228793e-20   2.23726772e-18   2.78120648e-19
  2.56000000e-05  -6.65931064e-07   1.31938898e-04  -1.06383834e-03   6.69239212e-20   2.23009566e-18   2.76538065e-19
  2.56800000e-05  -7.38301920e-07   1.32804095e-04  -1.05904933e-03   8.23467038e-20   2.22243075e-18   2.78633959e-19
  2.57600000e-05  -7.26324271e-07   1.33482717e-04  -1.05388054e-03   9.47404318e-20   2.21210167e-18   2.80115740e-19
  2.58400000e-05  -7.14366741e-07   1.34165152e-04  -1.04871183e-03   1.07476822e-19   2.20186722e-18   2.81618900e-19
  2.59200000e-05  -7.02429561e-07   1.34851383e-04  -1.04354320e-03   1.20553400e-19   2.19172867e-18   2.83143968e-19
  2.60000000e-05  -7.05130171e-07   1.35439914e-04  -1.03837368e-03   1.31601351e-19   2.18200488e-18   2.84519689e-19
  2.60800000e-05  -7.16548615e-07   1.36172540e-04  -1.03324050e-03   1.46149868e-19   2.17266394e-18   2.86237758e-19
  2.61600000e-05  -7.27976950e-07   1.36908777e-04  -1.02810736e-03   1.61021989e-19   2.16342825e-18   2.87980718e-19
  2.62400000e-05  -7.39415451e-07   1.37648612e-04  -1.02297429e-03   1.76215326e-19   2.15429864e-18   2.89749138e-19
  2.63200000e-05  -7.50864403e-07   1.38392027e-04  -1.01784129e-03   1.91727503e-19   2.14527583e-18   2.91543595e-19
  2.64000000e-05  -7.62324097e-07   1.39139007e-04  -1.01270835e-03   2.07556159e-19   2.13636049e-18   2.93364670e-19
  2.64800000e-05  -7.73794831e-07   1.39889537e-04  -1.00757549e-03   2.23698946e-19   2.12755323e-18   2.95212957e-19
  2.65600000e-05  -7.85276909e-07   1.40643602e-04  -1.00244270e-03   2.40153532e-19   2.11885457e-18   2.97089052e-19
  2.66400000e-05  -8.16847335e-07   1.41542521e-04  -9.97356013e-04   2.60072354e-19   2.11084183e-18   2.99352919e-19
  2.67200000e-05  -8.20515615e-07   1.42136310e-04  -9.92193185e-04   2.73328874e-19   2.10212495e-18   3.00913186e-19
  2.68000000e-05  -8.24203635e-07   1.42733671e-04  -9.87030479e-04   2.86896196e-19   2.09348910e-18   3.02498180e-19
  2.68800000e-05  -8.27911669e-07   1.43334590e-04  -9.81867897e-04   3.00772245e-19   2.08493504e-18   3.04108421e-19
  2.69600000e-05  -8.31640000e-07   1.43939052e-04  -9.76705445e-04   3.14954957e-19   2.07646345e-18   3.05744433e-19
  2.70400000e-05  -8.35388917e-07   1.44547044e-04  -9.71543126e-04   3.29442277e-19   2.06807497e-18   3.07406745e-19
  2.71200000e-05  -8.39158718e-07   1.45158550e-04  -9.66380945e-04   3.44232160e-19   2.05977015e-18   3.09095895e-19
  2.72000000e-05  -8.42949709e-07   1.45773558e-04  -9.61218906e-04   3.59322574e-19   2.05154949e-18   3.10812423e-19
  2.72800000e-05  -8.46762203e-07   1.46392052e-04  -9.56057013e-04   3.74711495e-19   2.04341345e-18   3.12556879e-19
  2.73600000e-05  -8.93843210e-07   1.47001605e-04  -9.51006021e-04   3.89746457e-19   2.03660251e-18   3.14441190e-19
  2.74400000e-05  -8.94577927e-07   1.47610392e-04  -9.45881239e-04   4.05209717e-19   2.02863578e-18   3.16197444e-19
  2.75200000e-05  -8.95346412e-07   1.48222625e-04  -9.40756631e-04   4.20964566e-19   2.02075149e-18   3.17982539e-19
  2.76000000e-05  -8.96148964e-07   1.48838293e-04  -9.35632202e-04   4.37009067e-19   2.01294992e-18   3.19797036e-19
  2.76800000e-05  -8.96985891e-07   1.49457381e-04  -9.30507955e-04   4.53341295e-19   2.00523127e-18   3.21641498e-19
  2.77600000e-05  -8.97857509e-07   1.50079876e-04  -9.25383895e-04   4.69959339e-19   1.99759568e-18   3.23516497e-19
  2.78400000e-05  -8.98764144e-07   1.50705767e-04  -9.20260026e-04   4.86861300e-19   1.99004323e-18   3.25422609e-19
  2.79200000e-05  -8.99706127e-07   1.51335040e-04  -9.15136353e-04   5.04045295e-19   1.98257397e-18   3.27360417e-19
  2.80000000e-05  -9.43997040e-07   1.51424279e-04  -9.10330869e-04   5.07797964e-19   1.97685835e-18   3.28303697e-19
  2.80800000e-05  -9.77729139e-07   1.52170707e-04  -9.05215171e-04   5.28070218e-19   1.97024842e-18   3.30637174e-19
  2.81600000e-05  -1.01149642e-06   1.52920402e-04  -9.00099722e-04   5.48611150e-19   1.96373982e-18   3.33008617e-19
  2.82400000e-05  -1.04529938e-06   1.53673352e-04  -8.94984527e-04   5.69418894e-19   1.95733199e-18   3.35418709e-19
  2.83200000e-05  -1.07913852e-06   1.54429547e-04  -8.89869593e-04   5.90491602e-19   1.95102434e-18   3.37868139e-19
  2.84000000e-05  -1.11301436e-06   1.55188975e-04  -8.84754923e-04   6.11827449e-19   1.94481623e-18   3.40357603e-19
  2.84800000e-05  -1.14692742e-06   1.55951625e-04  -8.79640523e-04   6.33424632e-19   1.93870696e-18   3.42887806e-19
  2.85600000e-05  -1.18087823e-06   1.56717487e-04  -8.74526399e-04   6.55281366e-19   1.93269577e-18   3.45459459e-19
  2.86400000e-05  -1.21486733e-06   1.57486551e-04  -8.69412556e-04   6.77395893e-19   1.92678185e-18   3.48073281e-19
  2.87200000e-05  -1.33036898e-06   1.58852740e-04  -8.64076974e-04   7.14342973e-19   1.92243172e-18   3.52321859e-19
  2.88000000e-05  -1.34929827e-06   1.59673826e-04  -8.58988834e-04   7.37933489e-19   1.91651006e-18   3.55092860e-19
  2.88800000e-05  -1.36827817e-06   1.60498139e-04  -8.53900970e-04   7.61778308e-19   1.91068863e-18   3.57909939e-19
  2.89600000e-05  -1.38730942e-06   1.61325668e-04  -8.48813388e-04   7.85875693e-19   1.90496633e-18   3.60773896e-19
  2.90400000e-05  -1.40639274e-06   1.62156403e-04  -8.43726092e-04   8.10223933e-19   1.89934202e-18   3.63685538e-19
  2.91200000e-05  -1.42552889e-06   1.62990336e-04  -8.38639088e-04   8.34821341e-19   1.89381450e-18   3.66645682e-19
  2.92000000e-05  -1.44471862e-06   1.63827457e-04  -8.33552381e-04   8.59666253e-19   1.88838253e-18   3.69655151e-19
  2.92800000e-05  -1.46396269e-06   1.64667755e-04  -8.28465978e-04   8.84757028e-19   1.88304483e-18   3.72714778e-19
  2.93600000e-05  -1.30631264e-06   1.66135691e-04  -8.23799194e-04   9.23110706e-19   1.87462603e-18   3.76592285e-19
  2.94400000e-05  -1.30938035e-06   1.66977702e-04  -8.18686499e-04   9.48689700e-19   1.86911897e-18   3.79704556e-19
  2.95200000e-05  -1.31249214e-06   1.67822912e-04  -8.13574170e-04   9.74513573e-19   1.86370060e-18   3.82869360e-19
  2.96000000e-05  -1.31564862e-06   1.68671315e-04  -8.08462212e-04   1.00058074e-18   1.85836946e-18   3.86087568e-19
  2.96800000e-05  -1.31885045e-06   1.69522901e-04  -8.03350630e-04   1.02688962e-18   1.85312403e-18   3.89360059e-19
  2.97600000e-05  -1.32209827e-06   1.70377662e-04  -7.98239433e-04   1.05343870e-18   1.84796274e-18   3.92687718e-19
  2.98400000e-05  -1.32539272e-06   1.71235589e-04  -7.93128624e-04   1.08022644e-18   1.84288397e-18   3.96071442e-19
  2.99200000e-05  -1.32873448e-06   1.72096674e-04  -7.88018211e-04   1.10725135e-18   1.83788607e-18   3.99512133e-19
  3.00000000e-05  -1.33212422e-06   1.72960908e-04  -7.82908200e-04   1.13451196e-18   1.83296733e-18   4.03010702e-19
  3.00800000e-05  -1.38507531e-06   1.73194043e-04  -7.78392404e-04   1.14508387e-18   1.83060998e-18   4.05277227e-19
  3.01600000e-05  -1.40234360e-06   1.73989821e-04  -7.73277254e-04   1.17107913e-18   1.82605037e-18   4.08743332e-19
  3.02400000e-05  -1.41966300e-06   1.74788691e-04  -7.68162571e-04   1.19730477e-18   1.82155580e-18   4.12266359e-19
  3.03200000e-05  -1.43703424e-06   1.75590647e-04  -7.63048360e-04   1.22375950e-18   1.81712459e-18   4.15847167e-19
  3.04000000e-05  -1.45445806e-06   1.76395681e-04  -7.57934629e-04   1.25044204e-18   1.81275501e-18   4.19486624e-19
  3.04800000e-05  -1.54735819e-06   1.77245472e-04  -7.52456037e-04   1.27969050e-18   1.80934246e-18   4.23569753e-19
  3.05600000e-05  -1.56478447e-06   1.77995527e-04  -7.47393340e-04   1.30521721e-18   1.80521169e-18   4.27187674e-19
  3.06400000e-05  -1.58227227e-06   1.78748628e-04  -7.42331117e-04   1.33096647e-18   1.80112888e-18   4.30863474e-19
  3.07200000e-05  -1.59982245e-06   1.79504768e-04  -7.37269375e-04   1.35693715e-18   1.79709234e-18   4.34597985e-19
  3.08000000e-05  -1.71313688e-06   1.80519832e-04  -7.32201599e-04   1.38907533e-18   1.79533006e-18   4.39377631e-19
  3.08800000e-05  -1.71326390e-06   1.81245220e-04  -7.27151841e-04   1.41457662e-18   1.79103051e-18   4.43087891e-19
  3.09600000e-05  -1.71347356e-06   1.81973682e-04  -7.22102591e-04   1.44029954e-18   1.78676729e-18   4.46857151e-19
  3.10400000e-05  -1.71376684e-06   1.82705209e-04  -7.17053855e-04   1.46624300e-18   1.78253869e-18   4.50686239e-19
  3.11200000e-05  -1.71414471e-06   1.83439796e-04  -7.12005641e-04   1.49240595e-18   1.77834297e-18   4.54575995e-19
  3.12000000e-05  -1.71460820e-06   1.84177435e-04  -7.06957954e-04   1.51878735e-18   1.77417836e-18   4.58527262e-19
  3.12800000e-05  -1.71515829e-06   1.84918121e-04  -7.01910802e-04   1.54538616e-18   1.77004302e-18   4.62540891e-19
  3.13600000e-05  -1.71579602e-06   1.85661846e-04  -6.96864191e-04   1.57220136e-18   1.76593511e-18   4.66617743e-19
  3.14400000e-05  -1.58431542e-06   1.85923428e-04  -6.91586863e-04   1.58890673e-18   1.75820946e-18   4.69030020e-19
  3.15200000e-05  -1.59451926e-06   1.86798047e-04  -6.86545139e-04   1.61905311e-18   1.75432850e-18   4.73564675e-19
  3.16000000e-05  -1.60479319e-06   1.87675603e-04  -6.81503933e-04   1.64940843e-18   1.75048438e-18   4.78172225e-19
  3.16800000e-05  -1.61513827e-06   1.88556090e-04  -6.76463255e-04   1.67997161e-18   1.74667474e-18   4.82853680e-19
  3.17600000e-05  -1.62555554e-06   1.89439500e-04  -6.71423111e-04   1.71074160e-18   1.74289717e-18   4.87610060e-19
  3.18400000e-05  -1.63604605e-06   1.90325828e-04  -6.66383510e-04   1.74171737e-18   1.73914925e-18   4.92442393e-19
  3.19200000e-05  -1.64661086e-06   1.91215067e-04  -6.61344460e-04   1.77289787e-18   1.73542848e-18   4.97351714e-19
  3.20000000e-05  -1.65725106e-06   1.92107210e-04  -6.56305969e-04   1.80428209e-18   1.73173238e-18   5.02339066e-19
  3.20800000e-05  -1.66796770e-06   1.93002251e-04  -6.51268046e-04   1.83586903e-18   1.72805840e-18   5.07405501e-19
  3.21600000e-05  -1.38817732e-06   1.94338190e-04  -6.46560440e-04   1.87646495e-18   1.71856269e-18   5.12523619e-19
  3.22400000e-05  -1.41904289e-06   1.95345851e-04  -6.41482966e-04   1.91111134e-18   1.71533623e-18   5.18130464e-19
  3.23200000e-05  -1.44995634e-06   1.96356410e-04  -6.36406135e-04   1.94595492e-18   1.71213434e-18   5.23827450e-19
  3.24000000e-05  -1.48091848e-06   1.97369862e-04  -6.31329956e-04   1.98099471e-18   1.70895398e-18   5.29615799e-19
  3.24800000e-05  -1.51193011e-06   1.98386200e-04  -6.26254439e-04   2.01622974e-18   1.70579209e-18   5.35496743e-19
  3.25600000e-05  -1.54299205e-06   1.99405420e-04  -6.21179594e-04   2.05165905e-18   1.70264556e-18   5.41471520e-19
  3.26400000e-05  -1.57410510e-06   2.00427515e-04  -6.16105432e-04   2.08728169e-18   1.69951126e-18   5.47541378e-19
  3.27200000e-05  -1.96062648e-06   2.01242693e-04  -6.11080698e-04   2.11801126e-18   1.70470298e-18   5.54601692e-19
  3.28000000e-05  -1.97831059e-06   2.02285859e-04  -6.06034839e-04   2.15422132e-18   1.70132090e-18   5.60844722e-19
  3.28800000e-05  -1.84514829e-06   2.03197885e-04  -6.01167332e-04   2.18680210e-18   1.69493338e-18   5.66184963e-19
  3.29600000e-05  -1.89045824e-06   2.04267299e-04  -5.96084208e-04   2.22404234e-18   1.69207397e-18   5.72789744e-19
  3.30400000e-05  -1.93585156e-06   2.05339463e-04  -5.91001863e-04   2.26146782e-18   1.68921542e-18   5.79498548e-19
  3.31200000e-05  -1.98132925e-06   2.06414368e-04  -5.85920307e-04   2.29907763e-18   1.68635429e-18   5.86312715e-19
  3.32000000e-05  -2.02689232e-06   2.07492010e-04  -5.80839552e-04   2.33687086e-18   1.68348709e-18   5.93233595e-19
  3.32800000e-05  -2.07254179e-06   2.08572382e-04  -5.75759611e-04   2.37484661e-18   1.68061033e-18   6.00262548e-19
  3.33600000e-05  -2.11827869e-06   2.09655478e-04  -5.70680494e-04   2.41300398e-18   1.67772045e-18   6.07400943e-19
  3.34400000e-05  -2.16410403e-06   2.10741292e-04  -5.65602214e-04   2.45134207e-18   1.67481391e-18   6.14650154e-19
  3.35200000e-05  -2.40561981e-06   2.12181249e-04  -5.60845793e-04   2.49658764e-18   1.67732738e-18   6.23864138e-19
  3.36000000e-05  -2.43042226e-06   2.13086797e-04  -5.55791275e-04   2.53088019e-18   1.67397666e-18   6.30724580e-19
  3.36800000e-05  -2.45536243e-06   2.13995160e-04  -5.50737655e-04   2.56535773e-18   1.67058177e-18   6.37685708e-19
  3.37600000e-05  -2.48044166e-06   2.14906332e-04  -5.45684945e-04   2.60001948e-18   1.66713959e-18   6.44748698e-19
  3.38400000e-05  -2.50566127e-06   2.15820305e-04  -5.40633158e-04   2.63486466e-18   1.66364699e-18   6.51914736e-19
  3.39200000e-05  -2.53102260e-06   2.16737075e-04  -5.35582306e-04   2.66989249e-18   1.66010078e-18   6.59185015e-19
  3.40000000e-05  -2.55652698e-06   2.17656634e-04  -5.30532400e-04   2.70510218e-18   1.65649778e-18   6.66560734e-19
  3.40800000e-05  -2.58217576e-06   2.18578977e-04  -5.25483453e-04   2.74049294e-18   1.65283476e-18   6.74043100e-19
  3.41600000e-05  -2.60797030e-06   2.19504096e-04  -5.20435479e-04   2.77606397e-18   1.64910845e-18   6.81633328e-19
  3.42400000e-05  -2.52815136e-06   2.20699098e-04  -5.15391161e-04   2.81795153e-18   1.64290123e-18   6.89694815e-19
  3.43200000e-05  -2.54677449e-06   2.21548391e-04  -5.10368886e-04   2.85191279e-18   1.63896084e-18   6.97232859e-19
  3.44000000e-05  -2.65706364e-06   2.22063669e-04  -5.05358386e-04   2.87825744e-18   1.63706319e-18   7.04222104e-19
  3.44800000e-05  -2.67063110e-06   2.22915169e-04  -5.00348515e-04   2.91244861e-18   1.63283869e-18   7.11916647e-19
  3.45600000e-05  -2.68434200e-06   2.23769382e-04  -4.95339689e-04   2.94681669e-18   1.62852829e-18   7.19717223e-19
  3.46400000e-05  -2.69819768e-06   2.24626300e-04  -4.90331922e-04   2.98136088e-18   1.62412885e-18   7.27624976e-19
  3.47200000e-05  -2.71219947e-06   2.25485915e-04  -4.85325227e-04   3.01608034e-18   1.61963719e-18   7.35641056e-19
  3.48000000e-05  -2.72634870e-06   2.26348219e-04  -4.80319618e-04   3.05097423e-18   1.61505012e-18   7.43766619e-19
  3.48800000e-05  -2.74064671e-06   2.27213204e-04  -4.75315107e-04   3.08604171e-18   1.61036440e-18   7.52002829e-19
  3.49600000e-05  -2.86462096e-06   2.28227711e-04  -4.70200806e-04   3.12514463e-18   1.60773732e-18   7.61329732e-19
  3.50400000e-05  -2.85779454e-06   2.29091437e-04  -4.65233639e-04   3.16023887e-18   1.60247852e-18   7.69683795e-19
  3.51200000e-05  -2.85116890e-06   2.29957870e-04  -4.60267561e-04   3.19550627e-18   1.59711269e-18   7.78151086e-19
  3.52000000e-05  -2.84474571e-06   2.30827001e-04  -4.55302589e-04   3.23094588e-18   1.59163658e-18   7.86732794e-19
  3.52800000e-05  -2.83852665e-06   2.31698821e-04  -4.50338734e-04   3.26655674e-18   1.58604690e-18   7.95430112e-19
  3.53600000e-05  -2.83251343e-06   2.32573322e-04  -4.45376012e-04   3.30233786e-18   1.58034036e-18   8.04244240e-19
  3.54400000e-05  -2.82670772e-06   2.33450494e-04  -4.40414436e-04   3.33828824e-18   1.57451362e-18   8.13176382e-19
  3.55200000e-05  -2.82111124e-06   2.34330327e-04  -4.35454023e-04   3.37440686e-18   1.56856333e-18   8.22227749e-19
  3.56000000e-05  -2.81572569e-06   2.35212811e-04  -4.30494785e-04   3.41069268e-18   1.56248611e-18   8.31399557e-19
  3.56800000e-05  -2.58477271e-06   2.36563919e-04  -4.25743557e-04   3.45687758e-18   1.55185880e-18   8.41301179e-19
  3.57600000e-05  -2.60129747e-06   2.37586077e-04  -4.20760688e-04   3.49669802e-18   1.54596054e-18   8.51321803e-19
  3.58400000e-05  -2.61797714e-06   2.38610883e-04  -4.15779102e-04   3.53667872e-18   1.53993159e-18   8.61480267e-19
  3.59200000e-05  -2.63481314e-06   2.39638327e-04  -4.10798816e-04   3.57681851e-18   1.53376807e-18   8.71777989e-19
  3.60000000e-05  -2.65180689e-06   2.40668399e-04  -4.05819847e-04   3.61711621e-18   1.52746608e-18   8.82216394e-19
  3.60800000e-05  -2.66895982e-06   2.41701089e-04  -4.00842214e-04   3.65757061e-18   1.52102169e-18   8.92796913e-19
  3.61600000e-05  -2.68627337e-06   2.42736386e-04  -3.95865932e-04   3.69818048e-18   1.51443096e-18   9.03520979e-19
  3.62400000e-05  -2.70374897e-06   2.43774279e-04  -3.90891021e-04   3.73894455e-18   1.50768992e-18   9.14390034e-19
  3.63200000e-05  -2.96802195e-06   2.44559563e-04  -3.86295430e-04   3.77225096e-18   1.50783331e-18   9.25610048e-19
  3.64000000e-05  -3.00125109e-06   2.45714563e-04  -3.81303905e-04   3.81594360e-18   1.50104991e-18   9.37250352e-19
  3.64800000e-05  -3.03468231e-06   2.46872054e-04  -3.76313881e-04   3.85978224e-18   1.49411203e-18   9.49051604e-19
  3.65600000e-05  -3.06831738e-06   2.48032023e-04  -3.71325378e-04   3.90376544e-18   1.48701527e-18   9.61015424e-19
  3.66400000e-05  -3.10215807e-06   2.49194459e-04  -3.66338418e-04   3.94789171e-18   1.47975526e-18   9.73143437e-19
  3.67200000e-05  -3.13620617e-06   2.50359347e-04  -3.61353021e-04   3.99215956e-18   1.47232758e-18   9.85437272e-19
  3.68000000e-05  -3.17046346e-06   2.51526675e-04  -3.56369209e-04   4.03656745e-18   1.46472779e-18   9.97898562e-19
  3.68800000e-05  -3.20493171e-06   2.52696430e-04  -3.51387003e-04   4.08111381e-18   1.45695144e-18   1.01052894e-18
  3.69600000e-05  -3.23961272e-06   2.53868597e-04  -3.46406425e-04   4.12579704e-18   1.44899407e-18   1.02333006e-18
  3.70400000e-05  -2.82916742e-06   2.55740542e-04  -3.41227554e-04   4.18747300e-18   1.42992595e-18   1.03697070e-18
  3.71200000e-05  -2.88899162e-06   2.56859674e-04  -3.36272363e-04   4.23102475e-18   1.42228324e-18   1.05005303e-18
  3.72000000e-05  -2.94896329e-06   2.57981282e-04  -3.31318830e-04   4.27470886e-18   1.41444046e-18   1.06330570e-18
  3.72800000e-05  -3.00908367e-06   2.59105351e-04  -3.26366980e-04   4.31852376e-18   1.40639322e-18   1.07673028e-18
  3.73600000e-05  -3.06935400e-06   2.60231868e-04  -3.21416836e-04   4.36246783e-18   1.39813713e-18   1.09032832e-18
  3.74400000e-05  -3.72079660e-06   2.60488078e-04  -3.16762595e-04   4.38526422e-18   1.40432829e-18   1.10333135e-18
  3.75200000e-05  -3.77205727e-06   2.61635141e-04  -3.11809308e-04   4.42982173e-18   1.39535637e-18   1.11723643e-18
  3.76000000e-05  -3.82356560e-06   2.62784445e-04  -3.06857828e-04   4.47450130e-18   1.38616677e-18   1.13132039e-18
  3.76800000e-05  -3.87532334e-06   2.63935977e-04  -3.01908179e-04   4.51930107e-18   1.37675499e-18   1.14558480e-18
  3.77600000e-05  -4.13423035e-06   2.65106995e-04  -2.97085673e-04   4.56398955e-18   1.37235426e-18   1.16112004e-18
  3.78400000e-05  -4.08475627e-06   2.66106862e-04  -2.92110692e-04   4.60561378e-18   1.36004749e-18   1.17457241e-18
  3.79200000e-05  -4.19650296e-06   2.67162294e-04  -2.87228420e-04   4.64812262e-18   1.35154734e-18   1.18921598e-18
  3.80000000e-05  -4.30845895e-06   2.68220094e-04  -2.82348066e-04   4.69074640e-18   1.34280376e-18   1.20403539e-18
  3.80800000e-05  -4.42062565e-06   2.69280247e-04  -2.77469655e-04   4.73348339e-18   1.33381254e-18   1.21903208e-18
  3.81600000e-05  -4.53300447e-06   2.70342740e-04  -2.72593214e-04   4.77633180e-18   1.32456942e-18   1.23420751e-18
  3.82400000e-05  -4.64559683e-06   2.71407555e-04  -2.67718766e-04   4.81928978e-18   1.31507014e-18   1.24956311e-18
  3.83200000e-05  -4.75840413e-06   2.72474680e-04  -2.62846340e-04   4.86235546e-18   1.30531044e-18   1.26510033e-18
  3.84000000e-05  -4.87142777e-06   2.73544096e-04  -2.57975959e-04   4.90552690e-18   1.29528602e-18   1.28082060e-18
  3.84800000e-05  -5.22598249e-06   2.74374577e-04  -2.53113870e-04   4.94330603e-18   1.29047107e-18   1.29680300e-18
  3.85600000e-05  -5.30256039e-06   2.75459212e-04  -2.48261436e-04   4.98684848e-18   1.27912248e-18   1.31274116e-18
  3.86400000e-05  -5.37953084e-06   2.76545951e-04  -2.43411110e-04   5.03048923e-18   1.26750254e-18   1.32886714e-18
  3.87200000e-05  -5.45689631e-06   2.77634774e-04  -2.38562917e-04   5.07422599e-18   1.25560696e-18   1.34518238e-18
  3.88000000e-05  -5.53465931e-06   2.78725661e-04  -2.33716885e-04   5.11805642e-18   1.24343143e-18   1.36168830e-18
  3.88800000e-05  -5.61282230e-06   2.79818591e-04  -2.28873041e-04   5.16197811e-18   1.23097160e-18   1.37838634e-18
  3.89600000e-05  -5.69138777e-06   2.80913542e-04  -2.24031415e-04   5.20598859e-18   1.21822317e-18   1.39527792e-18
  3.90400000e-05  -5.77035819e-06   2.82010493e-04  -2.19192033e-04   5.25008535e-18   1.20518178e-18   1.41236446e-18
  3.91200000e-05  -5.84973601e-06   2.83109422e-04  -2.14354925e-04   5.29426582e-18   1.19184310e-18   1.42964736e-18
  3.92000000e-05  -5.36588578e-06   2.84229260e-04  -2.09681317e-04   5.33815985e-18   1.16631009e-18   1.44436091e-18
  3.92800000e-05  -5.44925237e-06   2.85361039e-04  -2.04870596e-04   5.38306364e-18   1.15255728e-18   1.46219749e-18
  3.93600000e-05  -5.53285990e-06   2.86494671e-04  -2.00062232e-04   5.42803932e-18   1.13849289e-18   1.48023723e-18
  3.94400000e-05  -5.61670994e-06   2.87630131e-04  -1.95256253e-04   5.47308410e-18   1.12411247e-18   1.49848153e-18
  3.95200000e-05  -5.70080402e-06   2.88767393e-04  -1.90452692e-04   5.51819508e-18   1.10941158e-18   1.51693179e-18
  3.96000000e-05  -5.78514371e-06   2.89906433e-04  -1.85651577e-04   5.56336933e-18   1.09438580e-18   1.53558938e-18
  3.96800000e-05  -5.86973052e-06   2.91047223e-04  -1.80852941e-04   5.60860385e-18   1.07903067e-18   1.55445571e-18
  3.97600000e-05  -5.95456601e-06   2.92189738e-04  -1.76056813e-04   5.65389556e-18   1.06334174e-18   1.57353212e-18
  3.98400000e-05  -6.74770874e-06   2.93567382e-04  -1.71325802e-04   5.70415522e-18   1.06353049e-18   1.59770379e-18
  3.99200000e-05  -6.77825218e-06   2.94735927e-04  -1.66504490e-04   5.75018193e-18   1.04577005e-18   1.61707244e-18
  4.00000000e-05  -6.80922595e-06   2.95906154e-04  -1.61685786e-04   5.79626006e-18   1.02766546e-18   1.63665896e-18
  4.00800000e-05  -6.84063258e-06   2.97078029e-04  -1.56869721e-04   5.84238599e-18   1.00921222e-18   1.65646474e-18
  4.01600000e-05  -6.87247464e-06   2.98251522e-04  -1.52056327e-04   5.88855609e-18   9.90405818e-19   1.67649117e-18
  4.02400000e-05  -6.90475466e-06   2.99426598e-04  -1.47245639e-04   5.93476661e-18   9.71241760e-19   1.69673962e-18
  4.03200000e-05  -6.93747516e-06   3.00603225e-04  -1.42437689e-04   5.98101374e-18   9.51715543e-19   1.71721143e-18
  4.04000000e-05  -6.97063868e-06   3.01781369e-04  -1.37632511e-04   6.02729361e-18   9.31822672e-19   1.73790796e-18
  4.04800000e-05  -7.00424772e-06   3.02960995e-04  -1.32830139e-04   6.07360227e-18   9.11558655e-19   1.75883052e-18
  4.05600000e-05  -6.57566351e-06   3.04094307e-04  -1.28271879e-04   6.11761397e-18   8.81978004e-19   1.77729617e-18
  4.06400000e-05  -6.58261860e-06   3.05235782e-04  -1.23457770e-04   6.16315908e-18   8.60258198e-19   1.79828179e-18
  4.07200000e-05  -6.92105856e-06   3.06609753e-04  -1.18559803e-04   6.21432037e-18   8.45027265e-19   1.82257325e-18
  4.08000000e-05  -6.89688348e-06   3.07782427e-04  -1.13754427e-04   6.26050271e-18   8.21830795e-19   1.84403477e-18
  4.08800000e-05  -6.87309922e-06   3.08956524e-04  -1.08951992e-04   6.30669820e-18   7.98239176e-19   1.86572669e-18
  4.09600000e-05  -6.77553893e-06   3.10117679e-04  -1.04178477e-04   6.35244801e-18   7.72752980e-19   1.88717581e-18
  4.10400000e-05  -6.78731920e-06   3.11269672e-04  -9.93903109e-05   6.39806254e-18   7.49182536e-19   1.90936227e-18
  4.11200000e-05  -6.79954208e-06   3.12422875e-04  -9.46052640e-05   6.44367375e-18   7.25204575e-19   1.93177905e-18
  4.12000000e-05  -6.81220983e-06   3.13577248e-04  -8.98233735e-05   6.48927696e-18   7.00814775e-19   1.95442729e-18
  4.12800000e-05  -6.71157898e-06   3.14785792e-04  -8.51269343e-05   6.53561134e-18   6.73992752e-19   1.97703667e-18
  4.13600000e-05  -6.71802074e-06   3.15849715e-04  -8.04044357e-05   6.57885206e-18   6.48943468e-19   1.99953826e-18
  4.14400000e-05  -6.72481299e-06   3.16914802e-04  -7.56852212e-05   6.62207643e-18   6.23471653e-19   2.02225966e-18
  4.15200000e-05  -6.73195752e-06   3.17981009e-04  -7.09693279e-05   6.66527962e-18   5.97573348e-19   2.04520180e-18
  4.16000000e-05  -6.73945612e-06   3.19048295e-04  -6.62567934e-05   6.70845669e-18   5.71244609e-19   2.06836555e-18
  4.16800000e-05  -6.74731059e-06   3.20116614e-04  -6.15476553e-05   6.75160266e-18   5.44481511e-19   2.09175178e-18
  4.17600000e-05  -6.75552267e-06   3.21185922e-04  -5.68419520e-05   6.79471243e-18   5.17280144e-19   2.11536131e-18
  4.18400000e-05  -6.76409415e-06   3.22256174e-04  -5.21397219e-05   6.83778084e-18   4.89636620e-19   2.13919496e-18
  4.19200000e-05  -6.77302678e-06   3.23327323e-04  -4.74410038e-05   6.88080263e-18   4.61547070e-19   2.16325351e-18
