       time             b_x              b_y              b_z              F_x              F_y              F_z
  0.00000000e+00  -7.73128968e-01  -4.29227506e-01  -4.54822724e+00   1.05507666e-14  -2.12268235e-14   2.09759357e-16
  8.00000000e-08  -7.64275064e-01  -4.24493804e-01  -4.50555030e+00  -2.39425001e-14   7.83020370e-15   3.32363016e-15
  1.60000000e-07  -7.56168720e-01  -4.19910701e-01  -4.46625899e+00   2.63644794e-14   3.78610553e-15  -4.81965352e-15
  2.40000000e-07  -7.49218223e-01  -4.15971714e-01  -4.42657803e+00  -2.71047940e-14  -8.10848297e-15   5.34957365e-15
  3.20000000e-07  -7.40987616e-01  -4.11320928e-01  -4.38727323e+00   2.98690240e-14   3.72685886e-15  -5.39412767e-15
  4.00000000e-07  -7.34106150e-01  -4.07422492e-01  -4.34750222e+00  -3.01957688e-14   1.11155226e-14   4.05708492e-15
  4.80000000e-07  -7.25997557e-01  -4.02834106e-01  -4.30821174e+00   1.47532119e-14  -3.10162027e-14   4.13997411e-16
  5.60000000e-07  -7.18278228e-01  -3.98473895e-01  -4.26858571e+00   2.15020434e-14   2.85968950e-14  -6.28769518e-15
  6.40000000e-07  -7.11346146e-01  -3.94545364e-01  -4.22879068e+00  -3.35925387e-14   1.80835129e-14   3.96358156e-15
  7.20000000e-07  -7.03612280e-01  -3.90164903e-01  -4.18931063e+00  -2.32674632e-14  -3.23620801e-14   6.92185977e-15
  8.00000000e-07  -6.88235084e-01  -3.82064326e-01  -4.15980659e+00   2.10264539e-14  -3.71628411e-14  -6.55192575e-17
  8.80000000e-07  -6.82354674e-01  -3.78762808e-01  -4.12610659e+00   4.38781604e-14  -7.63104834e-15  -6.55584385e-15
  9.60000000e-07  -6.76745432e-01  -3.75612411e-01  -4.09229098e+00   4.16520131e-14   2.08635958e-14  -8.80299944e-15
  1.04000000e-06  -6.71210610e-01  -3.72502350e-01  -4.05843625e+00   3.29280336e-14   3.64069475e-14  -8.78745329e-15
  1.12000000e-06  -6.65601724e-01  -3.69350048e-01  -4.02457983e+00   3.05347721e-14   4.16418870e-14  -8.87159194e-15
  1.20000000e-06  -6.59863201e-01  -3.66124594e-01  -3.99073215e+00   3.87188405e-14   3.77693611e-14  -9.86721950e-15
  1.28000000e-06  -6.54039305e-01  -3.62850022e-01  -3.95688499e+00   5.34437543e-14   1.87995478e-14  -1.05577323e-14
  1.36000000e-06  -6.48358276e-01  -3.59652888e-01  -3.92297317e+00   5.60449799e-14  -2.10999722e-14  -7.32825828e-15
  1.44000000e-06  -6.29860509e-01  -3.49403730e-01  -3.89762349e+00   1.64092645e-14  -6.11321518e-14   2.82845539e-15
  1.52000000e-06  -6.26326470e-01  -3.47422597e-01  -3.86827226e+00  -5.10155216e-14  -4.06915080e-14   1.19147562e-14
  1.60000000e-06  -6.22048488e-01  -3.45033592e-01  -3.83896106e+00  -5.20538620e-14   4.56499894e-14   4.33170489e-15
  1.68000000e-06  -6.16643188e-01  -3.42008919e-01  -3.81002970e+00   4.87054299e-14   5.22100246e-14  -1.25694993e-14
  1.76000000e-06  -6.12503180e-01  -3.39676449e-01  -3.78087355e+00   3.92836709e-14  -6.46804647e-14  -5.53031666e-16
  1.84000000e-06  -6.09547617e-01  -3.38021642e-01  -3.75099592e+00  -7.77803991e-14  -3.35897979e-15   1.29422334e-14
  1.92000000e-06  -6.03722964e-01  -3.34769496e-01  -3.72182118e+00   5.03041627e-14   6.35612396e-14  -1.38771155e-14
  2.00000000e-06  -6.00117474e-01  -3.32730634e-01  -3.69229501e+00  -4.43010265e-15  -8.50757926e-14   8.38662794e-15
  2.08000000e-06  -5.96028503e-01  -3.30456257e-01  -3.66222027e+00  -2.87342209e-14   8.41879520e-14  -2.92009218e-15
  2.16000000e-06  -5.74946310e-01  -3.18925196e-01  -3.64390614e+00   4.44264026e-14  -8.07961020e-14   6.17788708e-17
  2.24000000e-06  -5.72502537e-01  -3.17529027e-01  -3.61726070e+00  -4.58265988e-14   8.42097648e-14  -1.39110961e-16
  2.32000000e-06  -5.68368737e-01  -3.15162106e-01  -3.59150614e+00   2.88829441e-14  -9.52670452e-14   3.78905107e-15
  2.40000000e-06  -5.65109811e-01  -3.13315484e-01  -3.56476767e+00   1.15190592e-14   1.02201458e-13  -1.08087920e-14
  2.48000000e-06  -5.62702756e-01  -3.11907682e-01  -3.53830217e+00  -7.05485548e-14  -7.87437428e-14   1.81608696e-14
  2.56000000e-06  -5.57201014e-01  -3.08802608e-01  -3.51204819e+00   1.09772778e-13   7.72138773e-16  -1.74837982e-14
  2.64000000e-06  -5.55718954e-01  -3.07934507e-01  -3.48453616e+00  -6.06348328e-14   9.78135548e-14   1.02617878e-15
  2.72000000e-06  -5.52507124e-01  -3.06076486e-01  -3.45779836e+00  -7.34281217e-14  -9.16315624e-14   1.98437907e-14
  2.80000000e-06  -5.29589974e-01  -2.93095059e-01  -3.44236037e+00   1.04898507e-13  -6.41503271e-14  -1.06761203e-14
  2.88000000e-06  -5.27185501e-01  -2.91739480e-01  -3.41826868e+00   6.60151957e-14   1.07595473e-13  -1.93642184e-14
  2.96000000e-06  -5.26158053e-01  -2.91128528e-01  -3.39397482e+00  -9.55199929e-14   9.09167374e-14   7.00952682e-15
  3.04000000e-06  -5.24081151e-01  -2.89463271e-01  -3.36919201e+00  -1.22392494e-13  -5.53534369e-14   2.37939499e-14
  3.12000000e-06  -5.20145066e-01  -2.87275108e-01  -3.34510335e+00  -2.01348887e-14  -1.38559901e-13   1.50302900e-14
  3.20000000e-06  -5.16061505e-01  -2.85015220e-01  -3.32062538e+00   8.77409884e-14  -1.15652186e-13  -3.70927516e-15
  3.28000000e-06  -5.12530534e-01  -2.83063774e-01  -3.29566630e+00   1.41187410e-13  -4.61942083e-14  -1.79893674e-14
  3.36000000e-06  -5.09464214e-01  -2.81367368e-01  -3.27031989e+00   1.51244683e-13   1.56185227e-14  -2.49052994e-14
  3.44000000e-06  -4.88002707e-01  -2.69647432e-01  -3.25661324e+00   1.47615805e-13   5.29105350e-14  -2.65011827e-14
  3.52000000e-06  -4.85675975e-01  -2.68267425e-01  -3.23419702e+00   1.45801373e-13   6.92906662e-14  -2.76423026e-14
  3.60000000e-06  -4.83218818e-01  -2.66811278e-01  -3.21158148e+00   1.55079133e-13   5.96191974e-14  -2.82864470e-14
  3.68000000e-06  -4.80683971e-01  -2.65307343e-01  -3.18874251e+00   1.70059612e-13   1.92219155e-14  -2.72347626e-14
  3.76000000e-06  -4.78317100e-01  -2.63890583e-01  -3.16560977e+00   1.67914012e-13  -5.54729679e-14  -2.07471401e-14
  3.84000000e-06  -4.76545580e-01  -2.62798908e-01  -3.14203201e+00   1.10139998e-13  -1.45834707e-13  -4.50712394e-15
  3.92000000e-06  -4.75626185e-01  -2.62182030e-01  -3.11780609e+00  -2.55072779e-14  -1.84791892e-13   1.94306641e-14
  4.00000000e-06  -4.56050741e-01  -2.51579580e-01  -3.10161946e+00  -1.70225644e-13  -8.28049108e-14   3.17458532e-14
  4.08000000e-06  -4.50638315e-01  -2.48470416e-01  -3.08077331e+00  -1.54001506e-13   1.22354779e-13   1.26583271e-14
  4.16000000e-06  -4.43473488e-01  -2.44489573e-01  -3.06006853e+00   7.29631087e-14   1.87400232e-13  -2.55466851e-14
  4.24000000e-06  -4.37274870e-01  -2.41002486e-01  -3.03932718e+00   1.99130400e-13  -5.37266798e-14  -2.43891006e-14
  4.32000000e-06  -4.34823549e-01  -2.39593358e-01  -3.01672344e+00  -6.26698176e-14  -2.01640195e-13   2.50476934e-14
  4.40000000e-06  -4.30769696e-01  -2.37359775e-01  -2.99339335e+00  -1.85901018e-13   1.11279494e-13   1.79285657e-14
  4.48000000e-06  -4.21681504e-01  -2.32310130e-01  -2.97187642e+00   1.76635653e-13   1.30223831e-13  -3.52424826e-14
  4.56000000e-06  -4.17252271e-01  -2.29917012e-01  -2.95111538e+00   1.38161329e-14  -2.26228812e-13   1.56717151e-14
  4.64000000e-06  -4.14372594e-01  -2.28389601e-01  -2.92859999e+00  -1.78408132e-13   1.47694930e-13   1.37251432e-14
  4.72000000e-06  -4.05705807e-01  -2.23604385e-01  -2.90841541e+00   2.34605462e-13  -8.01817772e-15  -3.21095460e-14
  4.80000000e-06  -4.05323954e-01  -2.23403281e-01  -2.88493170e+00  -2.14266182e-13  -1.05021018e-13   3.82363493e-14
  4.88000000e-06  -3.96409077e-01  -2.18533318e-01  -2.86308981e+00   1.75053792e-13   1.69249917e-13  -3.71555435e-14
  4.96000000e-06  -3.91640624e-01  -2.15724512e-01  -2.84168233e+00  -1.54914997e-13  -1.94092891e-13   3.60848217e-14
  5.04000000e-06  -3.84335473e-01  -2.11685518e-01  -2.82094584e+00   1.64197336e-13   1.92477915e-13  -3.68144777e-14
  5.12000000e-06  -3.83554729e-01  -2.11131774e-01  -2.79893804e+00  -2.02820909e-13  -1.58248413e-13   3.97308499e-14
  5.20000000e-06  -3.74707607e-01  -2.06223380e-01  -2.77794809e+00   2.51019242e-13   7.45154555e-14  -3.93908183e-14
  5.28000000e-06  -3.75075770e-01  -2.06343016e-01  -2.75389382e+00  -2.58378960e-13   6.87212757e-14   3.00416564e-14
  5.36000000e-06  -3.66454221e-01  -2.01482396e-01  -2.73266777e+00   1.52607574e-13  -2.26724025e-13  -3.74827480e-15
  5.44000000e-06  -3.58389994e-01  -1.97417921e-01  -2.71194582e+00   7.90570808e-14   2.64569412e-13  -2.97070868e-14
  5.52000000e-06  -3.57442720e-01  -1.96907747e-01  -2.68958993e+00  -2.72717469e-13  -5.87430459e-14   4.05444092e-14
  5.60000000e-06  -3.49197645e-01  -1.92384267e-01  -2.66871977e+00   1.50161376e-13  -2.43386494e-13  -2.10298100e-15
  5.68000000e-06  -3.43938371e-01  -1.89586008e-01  -2.64528638e+00   2.16235779e-13   1.88384576e-13  -4.16162357e-14
  5.76000000e-06  -3.38427638e-01  -1.86619772e-01  -2.62469684e+00  -1.89150511e-13   2.24662823e-13   8.41515694e-15
  5.84000000e-06  -3.35063720e-01  -1.84850157e-01  -2.60357162e+00  -2.54193917e-13  -1.48907182e-13   4.32854138e-14
  5.92000000e-06  -3.28151586e-01  -1.81156084e-01  -2.58257489e+00   5.68096094e-14  -2.95743728e-13   1.35266599e-14
  6.00000000e-06  -3.21685670e-01  -1.77749022e-01  -2.56025994e+00   2.86504628e-13  -9.99283829e-14  -2.90604324e-14
  6.08000000e-06  -3.12140581e-01  -1.71996433e-01  -2.53913312e+00   2.60982378e-13   1.58988183e-13  -4.28526532e-14
  6.16000000e-06  -3.09680522e-01  -1.70404467e-01  -2.51695790e+00   9.38908500e-14   2.95796217e-13  -3.15782652e-14
  6.24000000e-06  -3.07188045e-01  -1.68770845e-01  -2.49444481e+00  -7.23184494e-14   3.06400272e-13  -1.18247033e-14
  6.32000000e-06  -3.04115396e-01  -1.66806562e-01  -2.47161774e+00  -1.78290998e-13   2.63182983e-13   4.17556032e-15
  6.40000000e-06  -2.95376153e-01  -1.62455172e-01  -2.45456862e+00  -2.30217101e-13   2.23317713e-13   1.29234619e-14
  6.48000000e-06  -2.91977229e-01  -1.60492303e-01  -2.43318208e+00  -2.44334527e-13   2.12035034e-13   1.53338821e-14
  6.56000000e-06  -2.88160711e-01  -1.58301834e-01  -2.41130229e+00  -2.21077968e-13   2.40031500e-13   1.06616900e-14
  6.64000000e-06  -2.76219783e-01  -1.51597232e-01  -2.38969731e+00  -1.46820636e-13   2.94173752e-13  -1.69107712e-15
  6.72000000e-06  -2.71407102e-01  -1.48809206e-01  -2.36895727e+00  -2.61679136e-15   3.30736359e-13  -2.04758438e-14
  6.80000000e-06  -2.66070252e-01  -1.45718680e-01  -2.34802476e+00   1.91584957e-13   2.70552854e-13  -3.85003020e-14
  6.88000000e-06  -2.61082231e-01  -1.42799401e-01  -2.32693792e+00   3.30164509e-13   5.63079170e-14  -4.04999303e-14
  6.96000000e-06  -2.51325702e-01  -1.37659894e-01  -2.31319595e+00   2.49069559e-13  -2.32452257e-13  -1.32276856e-14
  7.04000000e-06  -2.48325131e-01  -1.35998961e-01  -2.29263239e+00  -8.42365815e-14  -3.31526849e-13   2.87902097e-14
  7.12000000e-06  -2.44587932e-01  -1.34000030e-01  -2.27108631e+00  -3.41743708e-13  -2.81338164e-14   3.84645528e-14
  7.20000000e-06  -2.37212753e-01  -1.29723817e-01  -2.25367397e+00  -9.40477441e-14   3.34251845e-13  -9.34079243e-15
  7.28000000e-06  -2.29021580e-01  -1.25129302e-01  -2.23706742e+00   3.29828656e-13   1.09015637e-13  -3.98642121e-14
  7.36000000e-06  -2.25600661e-01  -1.23080363e-01  -2.21894265e+00   7.83624372e-14  -3.42660180e-13   1.10395470e-14
  7.44000000e-06  -2.21972108e-01  -1.21716116e-01  -2.19816272e+00  -3.51238909e-13   9.18022838e-15   3.49600412e-14
  7.52000000e-06  -2.13367767e-01  -1.17061034e-01  -2.17939499e+00   1.43186384e-13   3.23019216e-13  -3.13684865e-14
  7.60000000e-06  -2.06870867e-01  -1.13191685e-01  -2.16469317e+00   2.03205977e-13  -2.93151011e-13  -4.09071350e-15
  7.68000000e-06  -2.05675137e-01  -1.12400497e-01  -2.14687655e+00  -3.56280418e-13   2.15541799e-14   3.30039113e-14
  7.76000000e-06  -1.96602242e-01  -1.07309322e-01  -2.13119411e+00   2.69091522e-13   2.36699052e-13  -3.67418485e-14
  7.84000000e-06  -1.92332997e-01  -1.05284183e-01  -2.11164025e+00  -7.77676914e-14  -3.51970774e-13   2.46321544e-14
  7.92000000e-06  -1.87756422e-01  -1.03028795e-01  -2.09235944e+00  -9.54792321e-14   3.49460761e-13  -8.63985499e-15
  8.00000000e-06  -1.79548283e-01  -9.80969889e-02  -2.08064750e+00   2.11429192e-13  -2.96899021e-13  -4.24716273e-15
  8.08000000e-06  -1.77658322e-01  -9.70702845e-02  -2.06525871e+00  -2.78934817e-13   2.36796465e-13   1.28648248e-14
  8.16000000e-06  -1.67968833e-01  -9.15141301e-02  -2.04775012e+00   3.07112290e-13  -1.99980339e-13  -1.62540663e-14
  8.24000000e-06  -1.67037284e-01  -9.09483508e-02  -2.02986043e+00  -3.04465338e-13   2.05880202e-13   1.58299545e-14
  8.32000000e-06  -1.59392708e-01  -8.66904790e-02  -2.01550116e+00   2.72741110e-13  -2.48618094e-13  -1.08757677e-14
  8.40000000e-06  -1.55586653e-01  -8.48249602e-02  -2.00378156e+00  -2.06123213e-13   3.08738323e-13   2.93510276e-15
  8.48000000e-06  -1.49766303e-01  -8.16385137e-02  -1.99208663e+00   9.14536607e-14  -3.61619226e-13   7.94412213e-15
  8.56000000e-06  -1.43573938e-01  -7.82020559e-02  -1.97340650e+00   8.02207543e-14   3.64082104e-13  -2.02642378e-14
  8.64000000e-06  -1.41298601e-01  -7.67828691e-02  -1.95899000e+00  -2.70082401e-13  -2.57915363e-13   2.95896085e-14
  8.72000000e-06  -1.32186390e-01  -7.17918557e-02  -1.95214862e+00   3.74641865e-13   3.00275936e-14  -2.64725195e-14
  8.80000000e-06  -1.31332012e-01  -7.14370050e-02  -1.93935261e+00  -2.95447587e-13   2.35959611e-13   1.13158783e-14
  8.88000000e-06  -1.23118501e-01  -6.72805916e-02  -1.92310920e+00   1.26887469e-14  -3.78388715e-13   1.24257100e-14
  8.96000000e-06  -1.17637226e-01  -6.43042044e-02  -1.90979234e+00   3.09545431e-13   2.18784100e-13  -2.64336610e-14
  9.04000000e-06  -1.14543014e-01  -6.23324452e-02  -1.90228444e+00  -3.45402526e-13   1.64153908e-13   1.54190042e-14
  9.12000000e-06  -1.09763437e-01  -5.99039034e-02  -1.89762424e+00   1.44568552e-15  -3.85909255e-13   1.20987005e-14
  9.20000000e-06  -1.02274075e-01  -5.57646861e-02  -1.87917069e+00   3.62049411e-13   1.32586915e-13  -2.36391173e-14
  9.28000000e-06  -9.90560451e-02  -5.39671010e-02  -1.87353125e+00  -2.27129037e-13   3.16440722e-13   2.89352831e-15
  9.36000000e-06  -9.46597922e-02  -5.11164923e-02  -1.86122352e+00  -2.66092916e-13  -2.85914587e-13   2.13855297e-14
  9.44000000e-06  -8.81254711e-02  -4.73994475e-02  -1.85188463e+00   3.14413437e-13  -2.35461515e-13  -8.93526854e-15
  9.52000000e-06  -8.31072308e-02  -4.52544958e-02  -1.84627630e+00   2.20207443e-13   3.28320844e-13  -1.79598390e-14
  9.60000000e-06  -7.97541750e-02  -4.37913192e-02  -1.83918328e+00  -3.31630622e-13   2.20166388e-13   9.13859440e-15
  9.68000000e-06  -7.56367904e-02  -4.10887795e-02  -1.82664950e+00  -2.46666128e-13  -3.13829574e-13   1.72731048e-14
  9.76000000e-06  -6.92087714e-02  -3.76781964e-02  -1.82410320e+00   2.73879021e-13  -2.95175392e-13  -4.29424947e-15
  9.84000000e-06  -6.43318091e-02  -3.52869352e-02  -1.81852294e+00   3.40337273e-13   2.20010462e-13  -1.63088442e-14
  9.92000000e-06  -6.07728519e-02  -3.35789428e-02  -1.80635298e+00  -1.39562575e-13   3.82305973e-13  -2.41138625e-15
  1.00000000e-05  -5.72031900e-02  -3.16739473e-02  -1.79684067e+00  -4.08473393e-13  -1.43448985e-14   1.32567907e-14
  1.00800000e-05  -5.16970840e-02  -2.83884864e-02  -1.80069960e+00  -1.27579659e-13  -3.93803700e-13   9.87115639e-15
  1.01600000e-05  -4.65405072e-02  -2.54268189e-02  -1.79885028e+00   3.29616031e-13  -2.56750939e-13  -4.89876100e-15
  1.02400000e-05  -4.16720298e-02  -2.31228678e-02  -1.78586637e+00   3.69751044e-13   1.97092058e-13  -1.11797895e-14
  1.03200000e-05  -3.75445620e-02  -2.08888294e-02  -1.78410802e+00  -4.01229826e-15   4.22992981e-13  -4.86808431e-15
  1.04000000e-05  -3.41020246e-02  -1.87598504e-02  -1.78338972e+00  -3.85336456e-13   1.84708533e-13   5.42542595e-15
  1.04800000e-05  -2.90671211e-02  -1.60543577e-02  -1.77435891e+00  -3.44463675e-13  -2.56735827e-13   7.96586085e-15
  1.05600000e-05  -2.41486941e-02  -1.35119508e-02  -1.77071642e+00   3.80239358e-14  -4.31646602e-13   2.77523786e-15
  1.06400000e-05  -1.93769345e-02  -1.06101585e-02  -1.77738332e+00   3.94629914e-13  -1.93784296e-13  -3.14543060e-15
  1.07200000e-05  -1.52141305e-02  -8.15590964e-03  -1.77670352e+00   3.68904896e-13   2.47562160e-13  -4.29540537e-15
  1.08000000e-05  -1.11377136e-02  -6.03095390e-03  -1.76471766e+00   7.69382167e-16   4.46168577e-13  -1.52964485e-15
  1.08800000e-05  -6.49142868e-03  -3.49054201e-03  -1.76955434e+00  -3.71060857e-13   2.58559121e-13   8.51176811e-16
  1.09600000e-05  -2.44267775e-03  -1.12066163e-03  -1.77328842e+00  -4.21306435e-13  -1.80580122e-13   6.94464058e-16
  1.10400000e-05   2.53176911e-03   1.46218979e-03  -1.76560555e+00  -8.15409627e-14  -4.54424148e-13  -4.93256969e-16
  1.11200000e-05   6.60962688e-03   3.81730267e-03  -1.76456558e+00   3.26367793e-13  -3.33580865e-13   5.00854275e-16
  1.12000000e-05   1.12931221e-02   6.14935415e-03  -1.77448196e+00   4.63893896e-13   1.01255825e-13   3.30319973e-15
  1.12800000e-05   1.61899617e-02   8.82319492e-03  -1.76889937e+00   1.55282877e-13   4.53094416e-13   3.68125192e-15
  1.13600000e-05   2.07126933e-02   1.15006239e-02  -1.76659435e+00  -2.95651483e-13   3.83480240e-13  -9.69932038e-16
  1.14400000e-05   2.56555782e-02   1.40514978e-02  -1.77803208e+00  -4.90350973e-13  -5.42467065e-14  -7.50407452e-15
  1.15200000e-05   2.98571534e-02   1.61818787e-02  -1.78509342e+00  -1.83302471e-13  -4.66750350e-13  -7.29697808e-15
  1.16000000e-05   3.35830193e-02   1.86585441e-02  -1.77970868e+00   3.22159830e-13  -3.90519691e-13   1.98491526e-15
  1.16800000e-05   3.80303258e-02   2.11336669e-02  -1.78757773e+00   5.04699488e-13   1.01323336e-13   1.19352682e-14
  1.17600000e-05   4.31118713e-02   2.37581626e-02  -1.79251402e+00   1.10695557e-13   5.11137325e-13   9.43701199e-15
  1.18400000e-05   4.87358583e-02   2.68894650e-02  -1.78953052e+00  -4.35983510e-13   3.00048555e-13  -7.36499619e-15
  1.19200000e-05   5.30223867e-02   2.93844987e-02  -1.79276684e+00  -4.50482086e-13  -2.92340753e-13  -1.81149724e-14
  1.20000000e-05   5.66903111e-02   3.11292384e-02  -1.80936570e+00   1.38341707e-13  -5.31933369e-13  -4.81718334e-15
  1.20800000e-05   6.00873186e-02   3.29994627e-02  -1.81703848e+00   5.59138194e-13   6.47220396e-15   1.86075829e-14
  1.21600000e-05   6.60272611e-02   3.62332811e-02  -1.81405060e+00   1.26420238e-13   5.51927597e-13   1.56254350e-14
  1.22400000e-05   7.22849823e-02   3.94301286e-02  -1.82263302e+00  -5.25291595e-13   2.39039920e-13  -1.56615833e-14
  1.23200000e-05   7.57081303e-02   4.13975697e-02  -1.83446105e+00  -2.98752025e-13  -5.07402461e-13  -2.37798377e-14
  1.24000000e-05   7.86027746e-02   4.27956152e-02  -1.83968038e+00   5.02530056e-13  -3.26963258e-13   1.38652688e-14
  1.24800000e-05   8.37235700e-02   4.53868124e-02  -1.84421372e+00   3.38233520e-13   5.06874693e-13   2.78294993e-14
  1.25600000e-05   9.08404235e-02   4.92061941e-02  -1.85269362e+00  -5.31562374e-13   3.22966780e-13  -1.74855598e-14
  1.26400000e-05   9.42429992e-02   5.11654387e-02  -1.86601293e+00  -2.53401101e-13  -5.82759709e-13  -2.87770975e-14
  1.27200000e-05   9.53907391e-02   5.20136111e-02  -1.87637292e+00   6.34753047e-13  -1.36061950e-13   2.84977940e-14
  1.28000000e-05   1.02526679e-01   5.57355315e-02  -1.87711045e+00  -3.89246473e-14   6.59283272e-13   1.74495266e-14
  1.28800000e-05   1.08823617e-01   5.92139999e-02  -1.88692619e+00  -6.24047067e-13  -2.54326134e-13  -4.39713683e-14
  1.29600000e-05   1.07661400e-01   5.86655214e-02  -1.89507591e+00   4.82373362e-13  -4.91776229e-13   1.21803473e-14
  1.30400000e-05   1.11720812e-01   6.08696510e-02  -1.90077789e+00   2.33428262e-13   6.61255377e-13   3.48958073e-14
  1.31200000e-05   1.20845988e-01   6.57351903e-02  -1.91132297e+00  -7.03536750e-13  -1.33707102e-13  -4.90805882e-14
  1.32000000e-05   1.18517354e-01   6.45633758e-02  -1.92711019e+00   5.24905625e-13  -5.14761333e-13   1.50358274e-14
  1.32800000e-05   1.22897097e-01   6.70994323e-02  -1.93182811e+00   7.55024508e-14   7.44642342e-13   3.06673820e-14
  1.33600000e-05   1.30281039e-01   7.10475662e-02  -1.93481792e+00  -6.25444190e-13  -4.32403554e-13  -5.79924022e-14
  1.34400000e-05   1.26056513e-01   6.87650486e-02  -1.94062222e+00   7.56490026e-13  -1.71307704e-13   4.30689245e-14
  1.35200000e-05   1.33016450e-01   7.26480808e-02  -1.94299401e+00  -4.25756646e-13   6.65699128e-13  -4.25676734e-15
  1.36000000e-05   1.33601899e-01   7.28107190e-02  -1.95044800e+00  -1.36708276e-13  -7.92831519e-13  -3.89608532e-14
  1.36800000e-05   1.34233817e-01   7.29195057e-02  -1.95908471e+00   6.19895511e-13   5.35560950e-13   6.24086237e-14
  1.37600000e-05   1.42421183e-01   7.73711062e-02  -1.96356070e+00  -8.31139208e-13  -7.00650933e-14  -6.30450806e-14
  1.38400000e-05   1.36305248e-01   7.39988531e-02  -1.96961501e+00   7.43857904e-13  -4.12991365e-13   3.59617735e-14
  1.39200000e-05   1.42275660e-01   7.74397403e-02  -1.96840356e+00  -4.11678248e-13   7.59715981e-13   1.32296993e-16
  1.40000000e-05   1.41370045e-01   7.67542001e-02  -1.97429734e+00  -4.61721099e-14  -8.77468050e-13  -3.74192429e-14
  1.40800000e-05   1.38891812e-01   7.55971811e-02  -1.97183856e+00   4.96520906e-13   7.37312669e-13   6.32412054e-14
  1.41600000e-05   1.45026190e-01   7.88244959e-02  -1.97278918e+00  -8.17498348e-13  -3.80117104e-13  -7.52848867e-14
  1.42400000e-05   1.36699019e-01   7.42781785e-02  -1.97253836e+00   9.09555263e-13  -1.00471877e-13   5.92497699e-14
  1.43200000e-05   1.43429937e-01   7.80376813e-02  -1.96683999e+00  -7.24894343e-13   5.77545481e-13  -2.99471437e-14
  1.44000000e-05   1.37943263e-01   7.48183381e-02  -1.96773322e+00   2.91762699e-13  -8.93568884e-13  -1.35224835e-14
  1.44800000e-05   1.36364722e-01   7.41395442e-02  -1.95879663e+00   2.80981815e-13   9.04000567e-13   5.37769952e-14
  1.45600000e-05   1.39544292e-01   7.57480478e-02  -1.95544395e+00  -7.92474654e-13  -5.34071995e-13  -7.72408874e-14
  1.46400000e-05   1.27472641e-01   6.94891930e-02  -1.94615625e+00   9.53688641e-13  -1.37778164e-13   5.75468268e-14
  1.47200000e-05   1.32646538e-01   7.23846473e-02  -1.93744373e+00  -5.81490519e-13   7.79567180e-13  -1.06862505e-14
  1.48000000e-05   1.27215137e-01   6.94848833e-02  -1.93004525e+00  -1.98024770e-13  -9.58705250e-13  -4.75674188e-14
  1.48800000e-05   1.18340432e-01   6.45444899e-02  -1.92761600e+00   8.75185171e-13   4.55684883e-13   6.89876719e-14
  1.49600000e-05   1.22190734e-01   6.65694333e-02  -1.91001523e+00  -8.76287654e-13   4.60392411e-13  -4.00133825e-14
  1.50400000e-05   1.14007135e-01   6.20579322e-02  -1.90856430e+00   3.93516259e-14  -9.98851912e-13  -3.01275248e-14
  1.51200000e-05   1.05222938e-01   5.73771175e-02  -1.89063041e+00   8.90958155e-13   4.50426941e-13   6.32558501e-14
  1.52000000e-05   1.06409786e-01   5.77838942e-02  -1.87562306e+00  -7.26089422e-13   6.90029385e-13  -1.99349412e-14
  1.52800000e-05   1.00125156e-01   5.39977677e-02  -1.86905171e+00  -4.81907552e-13  -8.83655353e-13  -5.13450134e-14
  1.53600000e-05   8.85052146e-02   4.80828821e-02  -1.85792516e+00   9.59371743e-13  -3.15610506e-13   3.75332337e-14
  1.54400000e-05   8.55833832e-02   4.63690200e-02  -1.84425265e+00   2.37758682e-13   9.83786347e-13   3.57680935e-14
  1.55200000e-05   8.26333960e-02   4.50583861e-02  -1.83220783e+00  -9.81343183e-13   2.57719781e-13  -3.79210707e-14
  1.56000000e-05   7.41332142e-02   4.03684289e-02  -1.83080851e+00  -3.24485288e-13  -9.70989701e-13  -3.45489251e-14
  1.56800000e-05   6.50111479e-02   3.56060417e-02  -1.81761355e+00   8.99841695e-13  -4.92877701e-13   2.25297163e-14
  1.57600000e-05   5.85455376e-02   3.22597478e-02  -1.81185089e+00   6.93488218e-13   7.64835106e-13   3.60261590e-14
  1.58400000e-05   5.42163287e-02   3.00683662e-02  -1.79082453e+00  -5.32738323e-13   8.82844630e-13  -1.30522024e-15
  1.59200000e-05   4.88294675e-02   2.68262705e-02  -1.78645541e+00  -1.02801337e-12  -1.45316971e-13  -3.02810007e-14
  1.60000000e-05   4.05196230e-02   2.22865988e-02  -1.79169180e+00  -2.65761916e-13  -1.01779283e-12  -1.86704617e-14
  1.60800000e-05   3.21902694e-02   1.78128047e-02  -1.78103888e+00   7.73709035e-13  -7.19106984e-13   6.79187306e-15
  1.61600000e-05   2.54625305e-02   1.40099469e-02  -1.78103146e+00   1.00979138e-12   3.45098556e-13   1.71511043e-14
  1.62400000e-05   1.92697502e-02   1.06865346e-02  -1.76725085e+00   2.33158367e-13   1.04459405e-12   8.85895397e-15
  1.63200000e-05   1.26443820e-02   6.82872969e-03  -1.77157030e+00  -7.64188835e-13   7.69624756e-13  -2.48770040e-15
  1.64000000e-05   5.23218123e-03   3.02177713e-03  -1.75929324e+00  -1.06509311e-12  -2.27966640e-13  -3.55917047e-15
  1.64800000e-05  -2.04313705e-03  -7.91567802e-04  -1.77695767e+00  -4.25248366e-13  -1.02859201e-12   9.47147495e-16
  1.65600000e-05  -8.57534232e-03  -4.46241939e-03  -1.76598923e+00   6.51516946e-13  -9.10136262e-13  -8.63862080e-16
  1.66400000e-05  -1.43969425e-02  -7.70604005e-03  -1.77239590e+00   1.13701878e-12   1.43300090e-14  -9.29816062e-15
  1.67200000e-05  -2.12489622e-02  -1.17907190e-02  -1.77426267e+00   5.61379010e-13   1.00679309e-12  -1.34137612e-14
  1.68000000e-05  -2.93268738e-02  -1.62405670e-02  -1.77043203e+00  -5.59850096e-13   1.02227983e-12  -1.03788779e-16
  1.68800000e-05  -3.73330269e-02  -2.04781845e-02  -1.78371126e+00  -1.18961152e-12  -2.16677378e-14   2.51472959e-14
  1.69600000e-05  -4.30035937e-02  -2.37636750e-02  -1.78184223e+00  -5.28899828e-13  -1.08240973e-12   2.72002905e-14
  1.70400000e-05  -4.73354291e-02  -2.57216403e-02  -1.80318497e+00   7.98349801e-13  -9.44367842e-13  -7.48649785e-15
  1.71200000e-05  -5.26934793e-02  -2.92626212e-02  -1.79738493e+00   1.16502263e-12   4.50528209e-13  -4.14895724e-14
  1.72000000e-05  -6.10141156e-02  -3.37321129e-02  -1.80366891e+00  -3.94732462e-14   1.27176350e-12  -2.24491560e-14
  1.72800000e-05  -7.01151874e-02  -3.83845315e-02  -1.81596015e+00  -1.27398172e-12   2.57405327e-13   4.37482531e-14
  1.73600000e-05  -7.53358898e-02  -4.04474233e-02  -1.81915229e+00  -4.77663808e-13  -1.23165370e-12   4.71661703e-14
  1.74400000e-05  -7.48027730e-02  -4.05519247e-02  -1.83529567e+00   1.18354490e-12  -6.56094735e-13  -3.37419944e-14
  1.75200000e-05  -8.01779067e-02  -4.38948952e-02  -1.84233627e+00   7.15901463e-13   1.17683527e-12  -5.91946996e-14
  1.76000000e-05  -9.09279587e-02  -4.93053338e-02  -1.84472540e+00  -1.21175469e-12   7.03013006e-13   4.09383908e-14
  1.76800000e-05  -9.43088261e-02  -5.03082464e-02  -1.85001317e+00  -6.43576060e-13  -1.27082741e-12   6.73660074e-14
  1.77600000e-05  -9.06239631e-02  -4.92818582e-02  -1.87024695e+00   1.37063719e-12  -5.07752751e-13  -5.30355495e-14
  1.78400000e-05  -9.62809196e-02  -5.22819103e-02  -1.86456113e+00   2.70589917e-13   1.45328316e-12  -5.47222961e-14
  1.79200000e-05  -1.04936838e-01  -5.70082661e-02  -1.87047695e+00  -1.50254683e-12  -2.98229592e-14   8.52042947e-14
  1.80000000e-05  -9.93374381e-02  -5.38749993e-02  -1.88096144e+00   3.95052589e-13  -1.48203192e-12   2.15852148e-14
  1.80800000e-05  -9.76234984e-02  -5.31688123e-02  -1.87074336e+00   1.34819627e-12   7.50670263e-13  -9.16896921e-14
  1.81600000e-05  -1.05421185e-01  -5.73945794e-02  -1.87111909e+00  -1.07580626e-12   1.13852480e-12   2.56892349e-14
  1.82400000e-05  -1.03902906e-01  -5.63409405e-02  -1.87682823e+00  -8.54239815e-13  -1.33947615e-12   8.75015316e-14
  1.83200000e-05  -9.51360924e-02  -5.17469428e-02  -1.86675611e+00   1.50958550e-12  -5.30610485e-13  -6.22248374e-14
  1.84000000e-05  -9.59771216e-02  -5.20960067e-02  -1.86152049e+00   2.43281127e-13   1.59608001e-12  -5.72106606e-14
  1.84800000e-05  -9.98778492e-02  -5.36116575e-02  -1.84871130e+00  -1.61962470e-12   3.23621131e-14   8.65628100e-14
  1.85600000e-05  -8.94506475e-02  -4.81707013e-02  -1.85627522e+00   8.51962164e-14  -1.64274302e-12   3.85240430e-14
  1.86400000e-05  -8.10280477e-02  -4.43941408e-02  -1.84143188e+00   1.63987212e-12   1.53903683e-13  -7.58692517e-14
  1.87200000e-05  -7.96131173e-02  -4.35659770e-02  -1.82903728e+00  -1.24320652e-13   1.64915764e-12  -3.38700637e-14
  1.88000000e-05  -7.95159543e-02  -4.28864706e-02  -1.81280524e+00  -1.64959932e-12   1.10183539e-13   6.97505048e-14
  1.88800000e-05  -6.79693291e-02  -3.69836282e-02  -1.82272753e+00  -4.05450642e-13  -1.62873348e-12   4.81666515e-14
  1.89600000e-05  -5.67048141e-02  -3.12820022e-02  -1.80674744e+00   1.47326672e-12  -8.04449215e-13  -3.23102897e-14
  1.90400000e-05  -4.98146228e-02  -2.74120971e-02  -1.79992266e+00   1.26085954e-12   1.12123612e-12  -5.19714972e-14
  1.91200000e-05  -4.52991127e-02  -2.49953597e-02  -1.77980124e+00  -5.64901111e-13   1.58716196e-12  -7.91221220e-15
  1.92000000e-05  -3.87408453e-02  -2.11685543e-02  -1.78299498e+00  -1.68619011e-12   2.39093537e-13   3.37988420e-14
  1.92800000e-05  -2.86212681e-02  -1.57435326e-02  -1.76941883e+00  -1.01289171e-12  -1.37354033e-12   2.86052240e-14
  1.93600000e-05  -1.86118970e-02  -9.98518724e-03  -1.77627691e+00   6.52999825e-13  -1.60238037e-12   2.16548586e-15
  1.94400000e-05  -9.60235497e-03  -5.01110690e-03  -1.76936982e+00   1.71282953e-12  -3.13210528e-13  -8.40845456e-15
  1.95200000e-05  -1.24857101e-03  -4.91884600e-04  -1.77407925e+00   1.20843114e-12   1.28672512e-12  -1.20723601e-15
  1.96000000e-05   8.54980392e-03   4.62179505e-03  -1.76672058e+00  -3.68982601e-13   1.73988818e-12   2.76595956e-15
  1.96800000e-05   1.87107667e-02   1.00483396e-02  -1.75964005e+00  -1.68446395e-12   6.15493103e-13  -1.43966536e-14
  1.97600000e-05   2.76897458e-02   1.47688652e-02  -1.78228513e+00  -1.44973973e-12  -1.13198434e-12  -3.19034524e-14
  1.98400000e-05   3.45533925e-02   1.87320581e-02  -1.78793653e+00   2.97223301e-13  -1.84608778e-12  -1.35972109e-14
  1.99200000e-05   4.09655542e-02   2.24722135e-02  -1.79937333e+00   1.82347679e-12  -5.59091829e-13   3.45318591e-14
  2.00000000e-05   4.97912582e-02   2.75720464e-02  -1.79312864e+00   1.22995987e-12   1.48308684e-12   5.69579819e-14
  2.00800000e-05   6.17433829e-02   3.39512968e-02  -1.80378174e+00  -1.01428998e-12   1.68626153e-12  -2.97981116e-15
  2.01600000e-05   7.22546705e-02   3.94649290e-02  -1.80330067e+00  -1.91326473e-12  -5.64826682e-13  -8.90218476e-14
  2.02400000e-05   7.41043532e-02   4.02800117e-02  -1.82926885e+00   1.82040522e-13  -2.04690774e-12  -3.76978337e-14
  2.03200000e-05   7.43537085e-02   4.05868717e-02  -1.84320390e+00   2.09991371e-12   9.18155470e-15   8.49113993e-14
  2.04000000e-05   8.52803802e-02   4.63856967e-02  -1.83514585e+00   7.72849963e-14   2.12149009e-12   5.72149018e-14
  2.04800000e-05   9.62644094e-02   5.15669692e-02  -1.83404624e+00  -2.14866145e-12   1.02198833e-13  -1.09904285e-13
  2.05600000e-05   9.23684733e-02   4.97103767e-02  -1.85625455e+00   7.09094172e-17  -2.20880542e-12  -5.91481377e-14
  2.06400000e-05   8.61490309e-02   4.67567630e-02  -1.85441608e+00   2.22484999e-12   1.94971591e-13   1.08273927e-13
  2.07200000e-05   9.39988885e-02   5.08777386e-02  -1.84751176e+00  -3.89475333e-13   2.22172383e-12   4.13670090e-14
  2.08000000e-05   9.78475933e-02   5.22133750e-02  -1.83490657e+00  -2.20755983e-12  -4.98738231e-13  -1.31911470e-13
  2.08800000e-05   8.57601396e-02   4.62295145e-02  -1.84931183e+00   5.19385063e-13  -2.24936308e-12  -3.21440802e-14
  2.09600000e-05   7.55989815e-02   4.13068788e-02  -1.84475893e+00   2.28477602e-12   4.22898552e-13   1.03100387e-13
  2.10400000e-05   7.66023345e-02   4.18719374e-02  -1.82217692e+00  -2.31359011e-13   2.30842858e-12   4.33194689e-14
  2.11200000e-05   7.44056821e-02   4.06797460e-02  -1.80931942e+00  -2.31165717e-12   2.39332773e-13  -8.96825789e-14
  2.12000000e-05   6.22165342e-02   3.39879311e-02  -1.80413615e+00  -8.47368491e-13  -2.18021599e-12  -7.02947844e-14
  2.12800000e-05   4.87080419e-02   2.63729269e-02  -1.80340830e+00   1.78996481e-12  -1.53700524e-12   2.58678825e-14
  2.13600000e-05   3.88621336e-02   2.14532288e-02  -1.79242330e+00   2.13760830e-12   1.01409821e-12   5.84837858e-14
  2.14400000e-05   3.13220013e-02   1.69357358e-02  -1.78047379e+00   8.44867036e-14   2.37182949e-12   2.40469533e-14
  2.15200000e-05   2.26610639e-02   1.23677351e-02  -1.76810842e+00  -1.99110449e-12   1.30356292e-12  -1.64008185e-14
  2.16000000e-05   1.07869921e-02   5.90943515e-03  -1.76567355e+00  -2.19810168e-12  -9.68769775e-13  -1.66711382e-14
  2.16800000e-05  -1.82899571e-03  -1.21031401e-03  -1.76698897e+00  -4.44199641e-13  -2.38971179e-12   2.09664064e-15
  2.17600000e-05  -1.18488147e-02  -6.27695660e-03  -1.77976563e+00   1.78542947e-12  -1.71735292e-12  -5.82968516e-15
  2.18400000e-05  -2.12582693e-02  -1.15490587e-02  -1.78273698e+00   2.44170097e-12   5.93440082e-13  -3.29605610e-14
  2.19200000e-05  -3.42631398e-02  -1.86899837e-02  -1.78242342e+00   7.01886982e-13   2.44750804e-12  -3.91560930e-14
  2.20000000e-05  -4.76702338e-02  -2.59548038e-02  -1.78071231e+00  -1.88011152e-12   1.76725340e-12   2.45725490e-14
  2.20800000e-05  -5.89418251e-02  -3.18109216e-02  -1.79168841e+00  -2.42107112e-12  -1.03387710e-12   9.80030527e-14
  2.21600000e-05  -6.29042970e-02  -3.37930738e-02  -1.81378124e+00   1.99618177e-13  -2.69816685e-12   4.33472949e-14
  2.22400000e-05  -6.44269068e-02  -3.52489380e-02  -1.82161164e+00   2.70903541e-12  -5.08950848e-13  -8.59649725e-14
  2.23200000e-05  -7.56129946e-02  -4.08201833e-02  -1.81416216e+00   1.00883665e-12   2.59597348e-12  -1.00459197e-13
  2.24000000e-05  -8.75980149e-02  -4.76961548e-02  -1.81971027e+00  -2.46013198e-12   1.40756969e-12   8.15333180e-14
  2.24800000e-05  -8.85450154e-02  -4.78830749e-02  -1.83273761e+00  -1.69580099e-12  -2.34003214e-12   1.43066120e-13
  2.25600000e-05  -7.83301933e-02  -4.21373842e-02  -1.84171723e+00   2.22091807e-12  -1.93012123e-12  -5.02979939e-14
  2.26400000e-05  -7.74396729e-02  -4.18622136e-02  -1.82713555e+00   2.14388055e-12   2.02693968e-12  -1.37304312e-13
  2.27200000e-05  -8.30584321e-02  -4.52731738e-02  -1.81524057e+00  -1.70698594e-12   2.42590837e-12   1.76015263e-14
  2.28000000e-05  -7.92629565e-02  -4.30420959e-02  -1.80900961e+00  -2.71675312e-12  -1.22849916e-12   1.48266246e-13
  2.28800000e-05  -6.40741382e-02  -3.42372054e-02  -1.81525841e+00   4.66675950e-13  -2.98523695e-12   3.98314150e-14
  2.29600000e-05  -5.00071075e-02  -2.72895570e-02  -1.80211252e+00   2.97635519e-12  -5.39898264e-13  -7.44156252e-14
  2.30400000e-05  -4.22386164e-02  -2.33884180e-02  -1.77704685e+00   1.69935119e-12   2.48423320e-12  -7.30878464e-14
  2.31200000e-05  -3.40175362e-02  -1.83606785e-02  -1.76904528e+00  -1.35741347e-12   2.70327592e-12  -1.95479355e-15
  2.32000000e-05  -2.25846471e-02  -1.20654048e-02  -1.76253243e+00  -3.03240109e-12   2.57180517e-13   3.70958969e-14
  2.32800000e-05  -7.34971693e-03  -3.87486787e-03  -1.76621863e+00  -1.93374151e-12  -2.40119446e-12   1.33147526e-14
  2.33600000e-05   5.39089051e-03   2.87526140e-03  -1.78044649e+00   9.25094296e-13  -3.00409653e-12  -2.05031757e-15
  2.34400000e-05   1.76749910e-02   9.43670361e-03  -1.78258874e+00   3.06624038e-12  -8.66481838e-13   2.58158473e-14
  2.35200000e-05   2.97634252e-02   1.59399744e-02  -1.78699390e+00   2.36222717e-12   2.21154991e-12   5.90712820e-14
  2.36000000e-05   4.57233131e-02   2.49232165e-02  -1.77642405e+00  -8.86334336e-13   3.14110417e-12   2.12563419e-14
  2.36800000e-05   6.09663949e-02   3.30915959e-02  -1.78819234e+00  -3.28920724e-12   5.36570775e-13  -1.02212229e-13
  2.37600000e-05   6.82108027e-02   3.65453705e-02  -1.80269697e+00  -1.66314089e-12  -2.97422562e-12  -1.23225565e-13
  2.38400000e-05   6.65806836e-02   3.54941698e-02  -1.82472681e+00   2.47049924e-12  -2.48131527e-12   4.18776676e-14
  2.39200000e-05   7.01079724e-02   3.81742507e-02  -1.81435580e+00   2.96304240e-12   1.91157599e-12   1.54713798e-13
  2.40000000e-05   8.20273608e-02   4.47288354e-02  -1.81210807e+00  -1.32861881e-12   3.31539351e-12   2.16932959e-14
  2.40800000e-05   8.66757230e-02   4.68871018e-02  -1.81463246e+00  -3.54864385e-12  -6.87252263e-13  -1.87258051e-13
  2.41600000e-05   7.49431024e-02   4.02918439e-02  -1.82005265e+00  -7.41357523e-14  -3.66625327e-12  -8.42151833e-14
  2.42400000e-05   6.00608197e-02   3.26133640e-02  -1.81075919e+00   3.52560785e-12  -1.06007814e-12   9.78474576e-14
  2.43200000e-05   5.37263310e-02   2.95227729e-02  -1.78651342e+00   2.16179215e-12   2.96059585e-12   1.13937101e-13
  2.44000000e-05   4.86965055e-02   2.64379148e-02  -1.77345824e+00  -1.79812144e-12   3.20259010e-12  -1.63095256e-15
  2.44800000e-05   3.75737342e-02   1.99464577e-02  -1.77309228e+00  -3.70420761e-12  -2.51544594e-14  -7.87791230e-14
  2.45600000e-05   1.97403498e-02   1.07488975e-02  -1.77131211e+00  -1.96258072e-12  -3.17997763e-12  -4.11690764e-14
  2.46400000e-05   3.09547980e-03   1.69360083e-03  -1.77707176e+00   1.55712498e-12  -3.45330440e-12  -5.78744371e-16
  2.47200000e-05  -1.15295230e-02  -6.12377418e-03  -1.78281526e+00   3.78800518e-12  -6.63744952e-13  -2.22172593e-14
  2.48000000e-05  -2.65853667e-02  -1.41032387e-02  -1.77896475e+00   2.62874530e-12   2.86260901e-12  -6.19788648e-14
  2.48800000e-05  -4.35250200e-02  -2.36129269e-02  -1.76976882e+00  -1.17896773e-12   3.74136164e-12  -2.09235830e-14
  2.49600000e-05  -6.21080088e-02  -3.31253930e-02  -1.78619456e+00  -3.97050023e-12   6.05991952e-13   1.26820531e-13
  2.50400000e-05  -7.05133590e-02  -3.75007598e-02  -1.79719789e+00  -2.09315560e-12  -3.52448475e-12   1.55668049e-13
  2.51200000e-05  -6.69006064e-02  -3.59876577e-02  -1.82046841e+00   2.79346993e-12  -3.15478571e-12  -4.02926428e-14
  2.52000000e-05  -6.81675021e-02  -3.78315715e-02  -1.81118340e+00   3.79476805e-12   1.89903339e-12  -1.82490230e-13
  2.52800000e-05  -7.85672654e-02  -4.33397832e-02  -1.79583416e+00  -8.28621387e-13   4.18095675e-12  -6.46492007e-14
  2.53600000e-05  -8.11524618e-02  -4.35415069e-02  -1.79341733e+00  -4.27793471e-12   4.18344117e-13   1.83420554e-13
  2.54400000e-05  -6.77521771e-02  -3.57860486e-02  -1.80410426e+00  -1.86604844e-12  -3.94660382e-12   1.48362934e-13
  2.55200000e-05  -4.75207342e-02  -2.50166051e-02  -1.79772156e+00   2.87332867e-12  -3.31675039e-12  -2.97981925e-14
  2.56000000e-05  -3.27755798e-02  -1.71564144e-02  -1.78718296e+00   4.28819333e-12   9.84253141e-13  -8.80907447e-14
  2.56800000e-05  -2.05512098e-02  -1.09794734e-02  -1.76498632e+00   1.45311272e-12   4.14007843e-12  -4.26740450e-14
  2.57600000e-05  -3.69798618e-03  -2.00488557e-03  -1.75721082e+00  -2.56713561e-12   3.59141366e-12   1.30482840e-15
  2.58400000e-05   1.61106017e-02   8.76300980e-03  -1.75686879e+00  -4.46693413e-12   8.30218366e-15  -4.09206680e-14
  2.59200000e-05   3.40958867e-02   1.82732546e-02  -1.77320596e+00  -2.52776667e-12  -3.80555954e-12  -8.78219495e-14
  2.60000000e-05   4.50417136e-02   2.37253199e-02  -1.79726335e+00   2.09627693e-12  -4.20462516e-12  -2.96905387e-15
  2.60800000e-05   5.17540694e-02   2.77136995e-02  -1.80501356e+00   4.78541521e-12   6.29113221e-14   1.38175259e-13
  2.61600000e-05   6.55796033e-02   3.55560194e-02  -1.79406822e+00   1.73413334e-12   4.50220984e-12   1.52616514e-13
  2.62400000e-05   8.09337964e-02   4.35333376e-02  -1.79334754e+00  -3.68710715e-12   3.21141166e-12  -8.84424841e-14
  2.63200000e-05   8.10353230e-02   4.29371504e-02  -1.79365117e+00  -4.29937434e-12  -2.43529424e-12  -2.52538392e-13
  2.64000000e-05   6.45848729e-02   3.37024046e-02  -1.80697035e+00   7.59643345e-13  -4.97403537e-12  -6.56211561e-14
  2.64800000e-05   4.64031555e-02   2.44462146e-02  -1.79743683e+00   4.87280825e-12  -1.31559388e-12   1.07904982e-13
  2.65600000e-05   3.55893692e-02   1.91027328e-02  -1.78207174e+00   3.48753430e-12   3.65035344e-12   1.08778378e-13
  2.66400000e-05   2.18843667e-02   1.18490739e-02  -1.75996163e+00  -1.17572236e-12   4.89390128e-12   1.83289556e-14
  2.67200000e-05   1.96067997e-03   1.06126948e-03  -1.74901288e+00  -4.67755152e-12   1.91601289e-12  -4.08103089e-15
  2.68000000e-05  -2.05811523e-02  -1.11558148e-02  -1.76357152e+00  -4.38439385e-12  -2.71994129e-12   6.83720717e-14
  2.68800000e-05  -3.67914728e-02  -1.96222021e-02  -1.78769383e+00  -1.28632524e-13  -5.30070099e-12   6.08292113e-14
  2.69600000e-05  -4.65636836e-02  -2.43345376e-02  -1.80101116e+00   4.67358668e-12  -2.74410678e-12  -8.37545291e-14
  2.70400000e-05  -5.66229217e-02  -3.02726891e-02  -1.80192391e+00   4.52163717e-12   3.12708236e-12  -1.94621703e-13
  2.71200000e-05  -7.23965892e-02  -3.88288391e-02  -1.78857224e+00  -1.12960504e-12   5.41814271e-12  -7.19012835e-14
  2.72000000e-05  -7.99939376e-02  -4.25138794e-02  -1.77590184e+00  -5.46111103e-12   1.02197703e-12   2.21525513e-13
  2.72800000e-05  -6.86866117e-02  -3.62299000e-02  -1.78255348e+00  -3.18839018e-12  -4.64150514e-12   2.17194597e-13
  2.73600000e-05  -4.50203013e-02  -2.37460790e-02  -1.79533681e+00   2.74773577e-12  -5.01909776e-12  -2.51763373e-15
  2.74400000e-05  -2.54735787e-02  -1.34115303e-02  -1.78744092e+00   5.74240881e-12  -1.94085262e-13  -8.03812429e-14
  2.75200000e-05  -8.21295308e-03  -4.42513636e-03  -1.77178598e+00   3.38728034e-12   4.64900632e-12  -2.73125884e-14
  2.76000000e-05   1.35961308e-02   7.39127374e-03  -1.75422326e+00  -1.79708601e-12   5.47493987e-12   9.13986448e-15
  2.76800000e-05   3.97350245e-02   2.09568129e-02  -1.74678229e+00  -5.57474639e-12   1.65953711e-12  -1.06901745e-13
  2.77600000e-05   5.91670360e-02   3.11164302e-02  -1.78300655e+00  -4.41579647e-12  -4.09243370e-12  -2.17952938e-13
  2.78400000e-05   6.34265231e-02   3.32256322e-02  -1.80841340e+00   1.82543968e-12  -5.92320826e-12  -4.48022819e-14
  2.79200000e-05   6.06743515e-02   3.15715207e-02  -1.81229051e+00   6.25606005e-12  -6.38235896e-13   1.98330404e-13
  2.80000000e-05   6.42270950e-02   3.40200604e-02  -1.79226653e+00   3.03685856e-12   5.50669997e-12   2.13353797e-13
  2.80800000e-05   6.32334711e-02   3.40442945e-02  -1.75898350e+00  -3.58604375e-12   5.09836771e-12  -3.02377265e-14
  2.81600000e-05   4.71855755e-02   2.48692198e-02  -1.76407579e+00  -6.28277939e-12  -5.01859890e-13  -1.75127071e-13
  2.82400000e-05   2.03376308e-02   1.06770143e-02  -1.77360677e+00  -3.13369605e-12  -5.57765965e-12  -6.95107322e-14
  2.83200000e-05  -5.55385923e-03  -2.68524153e-03  -1.79104448e+00   2.75687937e-12  -5.92039920e-12   3.27396602e-16
  2.84000000e-05  -2.54361563e-02  -1.35347136e-02  -1.78681139e+00   6.50019992e-12  -1.14072644e-12  -8.38928472e-14
  2.84800000e-05  -4.58986202e-02  -2.42968295e-02  -1.77932205e+00   4.46787885e-12   4.94432841e-12  -1.82766790e-13
  2.85600000e-05  -7.04359182e-02  -3.71674510e-02  -1.76820566e+00  -2.18891941e-12   6.35658773e-12  -4.64197219e-14
  2.86400000e-05  -8.57402541e-02  -4.50412590e-02  -1.76748046e+00  -6.73404713e-12   9.66946836e-13   3.02026767e-13
  2.87200000e-05  -7.77535873e-02  -4.07263490e-02  -1.79312898e+00  -3.97218910e-12  -5.73466842e-12   3.02490265e-13
  2.88000000e-05  -5.36218847e-02  -2.81702023e-02  -1.80984830e+00   3.25793846e-12  -6.31693181e-12   1.79708270e-15
  2.88800000e-05  -3.07403501e-02  -1.59160794e-02  -1.78570091e+00   7.04838184e-12  -5.59975257e-13  -1.16344856e-13
  2.89600000e-05  -8.94527172e-03  -4.47751556e-03  -1.76125842e+00   4.56964364e-12   5.35938978e-12  -3.68335813e-14
  2.90400000e-05   1.99869749e-02   1.03829246e-02  -1.74987444e+00  -1.49512535e-12   6.92192036e-12   2.39941466e-14
  2.91200000e-05   5.26169647e-02   2.73830557e-02  -1.74978819e+00  -6.57585431e-12   2.88726091e-12  -1.52555304e-13
  2.92000000e-05   7.48198802e-02   3.86616528e-02  -1.76902288e+00  -6.09655678e-12  -4.12350694e-12  -3.47969067e-13
  2.92800000e-05   7.49798995e-02   3.91457956e-02  -1.80263296e+00   8.82816004e-13  -7.55534881e-12  -1.27350764e-13
  2.93600000e-05   6.12688199e-02   3.21469392e-02  -1.81829357e+00   7.31010827e-12  -2.58085236e-12   2.00691027e-13
  2.94400000e-05   5.04602024e-02   2.63324043e-02  -1.78751125e+00   5.72955130e-12   5.12798435e-12   2.37283247e-13
  2.95200000e-05   3.19118852e-02   1.72361332e-02  -1.75459847e+00  -1.06811048e-12   7.54054965e-12   5.46475449e-14
  2.96000000e-05   1.31993990e-03   6.86295436e-04  -1.73720837e+00  -6.66397450e-12   3.69074757e-12  -3.60526851e-15
  2.96800000e-05  -3.44512743e-02  -1.77237920e-02  -1.75604018e+00  -7.12480059e-12  -3.16680197e-12   1.71742197e-13
  2.97600000e-05  -6.03768474e-02  -3.04344582e-02  -1.78394789e+00  -1.31683257e-12  -7.92618171e-12   1.79789582e-13
  2.98400000e-05  -6.61115806e-02  -3.40153747e-02  -1.81536211e+00   6.52447854e-12  -5.12043427e-12  -1.41663251e-13
  2.99200000e-05  -6.71231797e-02  -3.46567215e-02  -1.80977888e+00   7.53187099e-12   3.63225673e-12  -3.48907398e-13
  3.00000000e-05  -6.51864959e-02  -3.38988960e-02  -1.76699140e+00   4.13203709e-13   8.23876061e-12  -1.73300329e-13
  3.00800000e-05  -4.61364071e-02  -2.40973555e-02  -1.73649676e+00  -6.56664655e-12   4.87071113e-12   1.06876226e-13
  3.01600000e-05  -1.04467079e-02  -5.29003928e-03  -1.74826940e+00  -7.98462805e-12  -2.31584411e-12   5.47192457e-14
  3.02400000e-05   2.77171178e-02   1.35620831e-02  -1.77769114e+00  -3.12494635e-12  -7.96359627e-12  -1.09477657e-13
  3.03200000e-05   5.23379010e-02   2.63864354e-02  -1.80752932e+00   4.94344129e-12  -7.30733931e-12   3.64667414e-14
  3.04000000e-05   6.46604878e-02   3.33762359e-02  -1.80997214e+00   8.93940759e-12   4.96871854e-13   3.28518962e-13
  3.04800000e-05   7.42391217e-02   3.83125087e-02  -1.77889000e+00   3.94013781e-12   7.98822134e-12   3.36480148e-13
  3.05600000e-05   7.10583381e-02   3.65434721e-02  -1.74822555e+00  -4.60980455e-12   7.54595746e-12  -2.96355148e-14
  3.06400000e-05   4.23280343e-02   2.11665188e-02  -1.73328615e+00  -8.80011672e-12   8.20589312e-13  -2.04884014e-13
  3.07200000e-05  -3.86907344e-04  -3.04116185e-04  -1.75114861e+00  -6.38362751e-12  -6.37349202e-12   2.51729318e-15
  3.08000000e-05  -3.79164291e-02  -1.89620027e-02  -1.79067434e+00   1.00073263e-12  -9.28927282e-12   7.71770758e-14
  3.08800000e-05  -5.97244069e-02  -2.97386497e-02  -1.82124833e+00   8.46803171e-12  -4.60349203e-12  -2.02524021e-13
  3.09600000e-05  -7.18086397e-02  -3.66847860e-02  -1.80169931e+00   8.33771423e-12   4.86784305e-12  -4.31423653e-13
  3.10400000e-05  -7.55612387e-02  -3.86145666e-02  -1.76673564e+00   1.47818434e-13   9.57643499e-12  -2.15628882e-13
  3.11200000e-05  -5.69525800e-02  -2.86593888e-02  -1.73758645e+00  -7.71417432e-12   5.54472097e-12   1.61392727e-13
  3.12000000e-05  -1.41933456e-02  -7.25889712e-03  -1.74113187e+00  -9.23606149e-12  -2.64873945e-12   8.63332310e-14
  3.12800000e-05   3.03256319e-02   1.52307509e-02  -1.77731374e+00  -3.86311184e-12  -9.14339539e-12  -1.44269455e-13
  3.13600000e-05   6.04318293e-02   2.97132476e-02  -1.80979926e+00   5.38709311e-12  -8.72391560e-12   3.66538038e-14
  3.14400000e-05   7.13877276e-02   3.54141706e-02  -1.82304167e+00   1.04606839e-11   3.64600722e-14   4.10333823e-13
  3.15200000e-05   7.38124809e-02   3.73360616e-02  -1.78590933e+00   5.29391118e-12   8.90838226e-12   4.05037711e-13
  3.16000000e-05   5.75753596e-02   2.89714376e-02  -1.74196369e+00  -4.09597593e-12   9.34537401e-12   2.00472794e-14
  3.16800000e-05   1.63719353e-02   7.93758700e-03  -1.72441388e+00  -9.78411497e-12   2.85757430e-12  -7.97387767e-14
  3.17600000e-05  -3.43651203e-02  -1.68876148e-02  -1.74434669e+00  -8.80855528e-12  -5.59061184e-12   2.27660684e-13
  3.18400000e-05  -7.09846942e-02  -3.39426989e-02  -1.78896269e+00  -1.14422550e-12  -1.07909472e-11   2.50142929e-13
  3.19200000e-05  -8.01359413e-02  -3.89150036e-02  -1.83096601e+00   8.60899325e-12  -7.25053092e-12  -2.22688646e-13
  3.20000000e-05  -7.08222351e-02  -3.50299350e-02  -1.81226708e+00   1.07603648e-11   3.27876673e-12  -4.83884568e-13
  3.20800000e-05  -4.77180897e-02  -2.38087893e-02  -1.76801185e+00   3.65427363e-12   1.04570689e-11  -2.39446984e-13
  3.21600000e-05  -4.15531414e-03  -2.04268881e-03  -1.72626783e+00  -5.46503343e-12   9.45604967e-12   1.96560683e-15
  3.22400000e-05   4.95113182e-02   2.42213751e-02  -1.71694122e+00  -1.07702733e-11   2.25065202e-12  -2.78831061e-13
  3.23200000e-05   8.88393230e-02   4.19667689e-02  -1.75454732e+00  -8.80524298e-12  -7.23012162e-12  -6.18778789e-13
  3.24000000e-05   9.17133624e-02   4.27723651e-02  -1.81103616e+00   9.25101377e-13  -1.18833405e-11  -2.33807823e-13
  3.24800000e-05   6.28390877e-02   2.92554099e-02  -1.82421413e+00   1.04445650e-11  -6.13021658e-12   2.61474202e-13
  3.25600000e-05   2.30428596e-02   1.09058111e-02  -1.80412261e+00   1.12454319e-11   4.42211013e-12   1.70361817e-13
  3.26400000e-05  -2.54426080e-02  -1.19430739e-02  -1.76394688e+00   3.99047845e-12   1.12644054e-11  -1.33824781e-13
  3.27200000e-05  -7.62730700e-02  -3.65998304e-02  -1.72399636e+00  -5.93121762e-12   1.02607151e-11   4.45776708e-14
  3.28000000e-05  -1.06848448e-01  -4.93557636e-02  -1.71630387e+00  -1.17962689e-11   1.87554060e-12   6.80441443e-13
  3.28800000e-05  -9.44572618e-02  -4.30107620e-02  -1.74893178e+00  -9.04773788e-12  -8.32405687e-12   6.93365279e-13
  3.29600000e-05  -4.81471929e-02  -2.15980859e-02  -1.80016712e+00   6.53614333e-13  -1.27582930e-11   1.35590197e-13
  3.30400000e-05   5.83005007e-03   2.62365214e-03  -1.83340713e+00   1.04078415e-11  -8.02552400e-12   2.16111593e-14
  3.31200000e-05   5.25432074e-02   2.41946309e-02  -1.82255957e+00   1.29237617e-11   2.83228771e-12   4.10182505e-13
  3.32000000e-05   8.77584604e-02   4.09236980e-02  -1.78334307e+00   5.69789586e-12   1.18234385e-11   5.51715154e-13
  3.32800000e-05   9.68322359e-02   4.46204261e-02  -1.72681811e+00  -5.51927662e-12   1.16259408e-11  -9.08576380e-15
  3.33600000e-05   6.58479056e-02   2.97418643e-02  -1.70180594e+00  -1.22555712e-11   3.63927066e-12  -4.10602049e-13
  3.34400000e-05   6.20353239e-03   2.68884182e-03  -1.72127426e+00  -1.14277808e-11  -6.31920230e-12  -5.10574901e-14
  3.35200000e-05  -5.42389109e-02  -2.33946092e-02  -1.77806596e+00  -3.61418014e-12  -1.31692151e-11   2.83520322e-13
  3.36000000e-05  -8.73407600e-02  -3.78186829e-02  -1.83883914e+00   8.01517776e-12  -1.18695180e-11  -1.36587358e-13
  3.36800000e-05  -8.70797657e-02  -3.81971624e-02  -1.85120956e+00   1.45386268e-11  -9.56465057e-13  -6.64152775e-13
  3.37600000e-05  -6.08766762e-02  -2.67505750e-02  -1.80909463e+00   9.81954278e-12   1.04992321e-11  -4.85680301e-13
  3.38400000e-05  -1.01878663e-02  -4.61221119e-03  -1.74168821e+00  -9.46220408e-13   1.39470398e-11  -3.13986886e-14
  3.39200000e-05   5.16951378e-02   2.23251333e-02  -1.69878831e+00  -1.03574980e-11   9.12907919e-12  -1.95212304e-13
  3.40000000e-05   9.87248455e-02   4.17110762e-02  -1.70544965e+00  -1.39977908e-11  -9.91482926e-13  -8.34551497e-13
  3.40800000e-05   1.08322730e-01   4.43544528e-02  -1.74896292e+00  -9.22596581e-12  -1.12672968e-11  -8.57157442e-13
  3.41600000e-05   7.72387995e-02   3.10008713e-02  -1.81235221e+00   2.10562224e-12  -1.51053117e-11  -1.68643870e-13
  3.42400000e-05   2.42825082e-02   9.95401428e-03  -1.84961760e+00   1.28451770e-11  -9.03863665e-12   1.19993667e-13
  3.43200000e-05  -3.14303574e-02  -1.30546508e-02  -1.83999644e+00   1.54872031e-11   3.13530949e-12  -2.86793327e-13
  3.44000000e-05  -8.00574996e-02  -3.35017501e-02  -1.79614776e+00   8.27330690e-12   1.32531974e-11  -6.15954653e-13
  3.44800000e-05  -1.08429760e-01  -4.45178654e-02  -1.73159328e+00  -3.71966862e-12   1.48137783e-11  -1.47930243e-13
  3.45600000e-05  -1.01055319e-01  -3.97351810e-02  -1.68602347e+00  -1.27815372e-11   7.88338794e-12   5.80297070e-13
  3.46400000e-05  -5.94594764e-02  -2.27002049e-02  -1.69145944e+00  -1.49134320e-11  -2.93671441e-12   5.63660502e-13
  3.47200000e-05  -5.25476747e-04  -1.50841701e-04  -1.74516897e+00  -9.57258551e-12  -1.26313835e-11   3.97411975e-15
  3.48000000e-05   5.71900367e-02   2.07959393e-02  -1.81666146e+00   1.83970973e-12  -1.65970073e-11  -1.32075951e-13
  3.48800000e-05   9.58895006e-02   3.47651790e-02  -1.85978913e+00   1.37470513e-11  -1.05241689e-11   5.12059810e-13
  3.49600000e-05   1.09749159e-01   4.05206093e-02  -1.85825749e+00   1.72121336e-11   3.06827988e-12   1.08345898e-12
  3.50400000e-05   9.99530712e-02   3.74190304e-02  -1.79981202e+00   9.61163413e-12   1.41754172e-11   8.28499146e-13
  3.51200000e-05   6.67503985e-02   2.44714444e-02  -1.72178628e+00  -2.45499651e-12   1.63764318e-11   1.37579761e-13
  3.52000000e-05   1.87478458e-02   6.69125393e-03  -1.68979298e+00  -1.23554817e-11   1.08068822e-11  -9.42879244e-14
  3.52800000e-05  -3.15567905e-02  -1.07957453e-02  -1.67599030e+00  -1.64502070e-11   6.38907761e-13   3.05621251e-13
  3.53600000e-05  -7.82966510e-02  -2.48392668e-02  -1.71375750e+00  -1.36441612e-11  -1.01851968e-11   7.70987115e-13
  3.54400000e-05  -1.14676857e-01  -3.56259627e-02  -1.78519014e+00  -3.73475020e-12  -1.75766134e-11   5.90678361e-13
  3.55200000e-05  -1.37311321e-01  -4.24158116e-02  -1.85180970e+00   9.72204517e-12  -1.61772704e-11  -3.50346377e-13
  3.56000000e-05  -1.44029303e-01  -4.54343701e-02  -1.87826114e+00   1.87416243e-11  -4.70022517e-12  -1.32345352e-12
  3.56800000e-05  -1.42611605e-01  -4.57216321e-02  -1.84687265e+00   1.65877128e-11   9.66439246e-12  -1.52012221e-12
  3.57600000e-05  -1.36904634e-01  -4.35946762e-02  -1.77029661e+00   5.75675788e-12   1.77326840e-11  -8.81873376e-13
  3.58400000e-05  -1.29514615e-01  -3.93568988e-02  -1.70237813e+00  -6.65381849e-12   1.68805839e-11   1.15955031e-13
  3.59200000e-05  -1.24767381e-01  -3.56795603e-02  -1.67013590e+00  -1.54806087e-11   9.12301669e-12   9.61580298e-13
  3.60000000e-05  -1.35930482e-01  -3.59779312e-02  -1.67542056e+00  -1.80615931e-11  -2.16851970e-12   1.51194271e-12
  3.60800000e-05  -1.76747585e-01  -4.46639288e-02  -1.70858265e+00  -1.36527311e-11  -1.28683927e-11   1.74872443e-12
  3.61600000e-05  -2.68910050e-01  -6.67692585e-02  -1.75326601e+00  -4.11230157e-12  -1.91469772e-11   1.35990128e-12
  3.62400000e-05  -4.38202207e-01  -1.10048610e-01  -1.77645923e+00   6.00944592e-12  -1.95218366e-11  -2.73015821e-13
  3.63200000e-05  -6.53797644e-01  -1.65524180e-01  -1.81879057e+00   1.50684860e-11  -1.54511491e-11  -4.01046827e-12
  3.64000000e-05  -6.60774312e-01  -1.64149621e-01  -1.86421345e+00   2.12122303e-11  -3.61634973e-12  -7.20028838e-12
  3.64800000e-05  -4.98116907e-01  -1.19106295e-01  -1.85494640e+00   1.96459373e-11   8.62647462e-12  -5.82951669e-12
  3.65600000e-05  -4.31046583e-01  -9.90967517e-02  -1.79385097e+00   1.08857904e-11   1.83462968e-11  -3.62925419e-12
  3.66400000e-05  -5.28745163e-01  -1.17007875e-01  -1.65787962e+00  -3.83307815e-13   2.05081590e-11  -1.32515287e-12
  3.67200000e-05  -7.60213664e-01  -1.60969184e-01  -1.46434810e+00  -7.66244911e-12   1.81722799e-11   1.98034978e-12
  3.68000000e-05  -6.05296092e-01  -1.08240386e-01  -1.43804398e+00  -1.27181293e-11   1.31734983e-11   4.36170903e-12
  3.68800000e-05  -4.09522129e-01  -5.88831790e-02  -1.51060355e+00  -1.71020040e-11   7.41182111e-12   4.34741299e-12
  3.69600000e-05  -5.53941303e-01  -7.33017452e-02  -1.35363146e+00  -1.66427348e-11   7.16964384e-13   6.77181619e-12
  3.70400000e-05  -7.69521782e-01  -9.11537147e-02  -1.20235331e+00  -1.45940322e-11  -3.57332426e-12   9.61127425e-12
  3.71200000e-05  -4.66141205e-01  -3.77585461e-02  -1.46258456e+00  -1.63235093e-11  -8.83620584e-12   5.43059374e-12
  3.72000000e-05  -6.00332042e-01  -4.05399103e-02  -1.41498597e+00  -1.26726907e-11  -1.36060542e-11   5.76642499e-12
  3.72800000e-05  -8.66948843e-01  -4.21272481e-02  -1.29248321e+00  -9.80936330e-12  -1.59457651e-11   7.09948671e-12
  3.73600000e-05  -5.58989601e-01  -1.32300937e-02  -1.57533381e+00  -7.79478205e-12  -2.00798846e-11   2.93452780e-12
  3.74400000e-05  -8.26467403e-01  -3.00785379e-03  -1.47367144e+00  -4.37404251e-12  -2.14437534e-11   2.49682739e-12
  3.75200000e-05  -8.05980873e-01   1.87569833e-02  -1.53429943e+00  -2.23384564e-12  -2.27711174e-11   8.95079128e-13
  3.76000000e-05  -6.74162156e-01   2.90865196e-02  -1.70154532e+00   3.77614024e-12  -2.40885905e-11  -1.90790340e-12
  3.76800000e-05  -1.00406998e+00   7.22783192e-02  -1.58769586e+00   4.32762744e-12  -2.48006607e-11  -3.86584801e-12
  3.77600000e-05  -6.85594903e-01   6.46929077e-02  -1.73855728e+00   7.80442686e-12  -2.40155426e-11  -3.97128737e-12
  3.78400000e-05  -8.07357630e-01   9.57824727e-02  -1.75314737e+00   1.20342378e-11  -2.26221252e-11  -6.77794518e-12
  3.79200000e-05  -8.84967045e-01   1.31495194e-01  -1.73861460e+00   1.28222155e-11  -2.24392134e-11  -8.22372414e-12
  3.80000000e-05  -6.14967307e-01   1.01773633e-01  -1.84250689e+00   1.73912556e-11  -2.00854256e-11  -6.91406932e-12
  3.80800000e-05  -7.89174440e-01   1.51370983e-01  -1.83045528e+00   1.98527797e-11  -1.76138950e-11  -1.00158355e-11
  3.81600000e-05  -7.58231678e-01   1.64869210e-01  -1.84308361e+00   2.14728208e-11  -1.58696504e-11  -1.02533545e-11
  3.82400000e-05  -5.01089170e-01   1.15626463e-01  -1.88628939e+00   2.41667315e-11  -1.30794613e-11  -7.22159567e-12
  3.83200000e-05  -5.22753480e-01   1.29275918e-01  -1.90777881e+00   2.69959083e-11  -7.39784345e-12  -7.89848799e-12
  3.84000000e-05  -6.54785485e-01   1.78183329e-01  -1.91230625e+00   2.81269343e-11  -4.04533036e-12  -1.00077688e-11
  3.84800000e-05  -4.98871629e-01   1.44649225e-01  -1.90619242e+00   2.84493282e-11  -1.28329985e-12  -7.54288544e-12
  3.85600000e-05  -2.72714344e-01   8.19802976e-02  -1.89512134e+00   2.85852154e-11  -4.43301799e-13  -4.13268539e-12
  3.86400000e-05  -1.30280256e-01   3.99716003e-02  -1.90006259e+00   2.89002079e-11   2.44034162e-12  -1.93024280e-12
  3.87200000e-05  -2.24373914e-02   7.23046616e-03  -1.90155177e+00   2.86522194e-11   6.22202542e-12  -3.14423687e-13
  3.88000000e-05   8.03499686e-02  -2.66930631e-02  -1.91616828e+00   2.82671956e-11   9.60611867e-12   1.05150031e-12
  3.88800000e-05   1.66059937e-01  -5.74981432e-02  -1.92139625e+00   2.77551876e-11   1.22300954e-11   2.03280137e-12
  3.89600000e-05   1.69684757e-01  -6.11769170e-02  -1.91390770e+00   2.65708320e-11   1.50959031e-11   1.87320651e-12
  3.90400000e-05   5.98133348e-02  -2.21146159e-02  -1.90348669e+00   2.61437737e-11   1.57326333e-11   6.38735827e-13
  3.91200000e-05  -8.19346757e-02   3.20548058e-02  -1.91459182e+00   2.72912720e-11   1.46911595e-11  -9.21961135e-13
  3.92000000e-05  -1.32415234e-01   5.51963836e-02  -1.91884525e+00   2.77774365e-11   1.49384531e-11  -1.48714814e-12
  3.92800000e-05  -2.65231259e-02   1.12830961e-02  -1.89864687e+00   2.82670648e-11   1.33987641e-11  -3.15251552e-13
  3.93600000e-05   9.06341683e-02  -4.03617157e-02  -1.90660933e+00   3.03028015e-11   9.77191162e-12   1.23363400e-12
  3.94400000e-05   5.81143129e-02  -2.69267907e-02  -1.88393712e+00   3.07904012e-11   7.67984810e-12   8.40032997e-13
  3.95200000e-05  -4.92493921e-02   2.41531021e-02  -1.86669109e+00   3.16665803e-11   9.28839089e-13  -8.23449307e-13
  3.96000000e-05  -4.77842113e-02   2.41574683e-02  -1.85525045e+00   3.17337536e-11  -3.10789550e-12  -8.57809398e-13
  3.96800000e-05   2.76728483e-02  -1.45534897e-02  -1.80825003e+00   2.93268073e-11  -1.08302297e-11   5.35973404e-13
  3.97600000e-05   2.90606391e-02  -1.58617953e-02  -1.78706725e+00   2.71380864e-11  -1.55586842e-11   5.79406734e-13
  3.98400000e-05  -2.37624055e-02   1.34110794e-02  -1.74081160e+00   2.10847110e-11  -2.23333614e-11  -4.59864776e-13
