       time             b_x              b_y              b_z              F_x              F_y              F_z
  0.00000000e+00  -1.43553681e+00  -7.34224572e-01  -6.06491542e+00   5.42539079e-15  -1.03297467e-14  -3.36351519e-17
  8.00000000e-08  -1.36655325e+00  -6.98311180e-01  -5.79460528e+00  -4.47779183e-15   1.16686951e-14  -3.50194566e-16
  1.60000000e-07  -1.29734174e+00  -6.62278890e-01  -5.52442201e+00  -1.21607710e-14   4.58790944e-15   2.30579783e-15
  2.40000000e-07  -1.23364745e+00  -6.30081485e-01  -5.32422330e+00  -2.04482707e-15   1.49479324e-14  -1.29517854e-15
  3.20000000e-07  -1.18876713e+00  -6.06613809e-01  -5.10506871e+00   8.51832970e-15  -1.33170644e-14  -4.01168972e-16
  4.00000000e-07  -1.11839542e+00  -5.70884092e-01  -4.93772011e+00   5.39686307e-15   1.20472614e-14  -2.61525898e-15
  4.80000000e-07  -1.08828943e+00  -5.55169057e-01  -4.75731010e+00  -2.79872211e-15   1.36246679e-14  -9.49732983e-16
  5.60000000e-07  -1.01939822e+00  -5.19376161e-01  -4.61062648e+00   3.89391038e-15   9.47079576e-15  -1.92779678e-15
  6.40000000e-07  -9.98547354e-01  -5.08509360e-01  -4.45998664e+00   7.98848938e-15  -7.09784169e-15  -9.79277821e-16
  7.20000000e-07  -9.78365058e-01  -4.97984422e-01  -4.30912965e+00  -8.71584762e-15   6.53427767e-15   1.22375345e-15
  8.00000000e-07  -9.17946194e-01  -4.67055206e-01  -4.20349526e+00  -3.67080399e-15  -8.35395551e-15   1.72983637e-15
  8.80000000e-07  -8.76585524e-01  -4.45595503e-01  -4.09345621e+00   7.38947269e-15  -4.06826237e-15  -1.13955180e-15
  9.60000000e-07  -8.39617516e-01  -4.26687328e-01  -3.97867818e+00   8.69088682e-15  -1.39337734e-15  -1.68460078e-15
  1.04000000e-06  -8.13309917e-01  -4.13041331e-01  -3.87527714e+00   7.18509964e-15  -5.58093107e-15  -9.13110848e-16
  1.12000000e-06  -7.86981914e-01  -3.99386016e-01  -3.77186978e+00  -3.50288849e-15  -8.46927170e-15   1.62763269e-15
  1.20000000e-06  -7.55820962e-01  -3.83472446e-01  -3.68463580e+00  -6.22625397e-15   8.26219813e-15   4.17302555e-16
  1.28000000e-06  -7.34816483e-01  -3.72656281e-01  -3.59465799e+00   8.62469095e-15  -5.85943617e-15  -1.15560629e-15
  1.36000000e-06  -7.02730952e-01  -3.56381729e-01  -3.51762065e+00  -5.82038070e-15   9.90920458e-15   1.58829580e-16
  1.44000000e-06  -6.86033218e-01  -3.47560903e-01  -3.43895705e+00  -4.70171509e-15  -1.04654458e-14   1.99563775e-15
  1.52000000e-06  -6.69150222e-01  -3.38649708e-01  -3.36030911e+00   1.04228990e-14  -5.18686388e-15  -1.55282002e-15
  1.60000000e-06  -6.41214721e-01  -3.24457698e-01  -3.30002820e+00   8.59507034e-15   6.76089931e-15  -2.33480170e-15
  1.68000000e-06  -6.27846054e-01  -3.17480434e-01  -3.23095408e+00   4.59421359e-15   1.01314839e-14  -1.88829882e-15
  1.76000000e-06  -5.98805219e-01  -3.02764587e-01  -3.17583542e+00   3.48814653e-15   9.90278091e-15  -1.60176176e-15
  1.84000000e-06  -5.87575949e-01  -2.96804241e-01  -3.11459920e+00   7.86813657e-15   6.94582054e-15  -2.14623981e-15
  1.92000000e-06  -5.61996341e-01  -2.82967949e-01  -3.06121203e+00   1.06950682e-14  -1.94795716e-15  -1.78340464e-15
  2.00000000e-06  -5.45189504e-01  -2.74656753e-01  -3.01055481e+00   5.12094821e-17  -1.11171185e-14   1.00495523e-15
  2.08000000e-06  -5.29860863e-01  -2.66664455e-01  -2.95894099e+00  -1.07926405e-14   2.67903096e-15   1.69121165e-15
  2.16000000e-06  -5.11813198e-01  -2.57649013e-01  -2.91011056e+00   8.62623791e-15   6.82601968e-15  -2.12147941e-15
  2.24000000e-06  -4.98747001e-01  -2.50936898e-01  -2.86332073e+00  -3.85448484e-15  -1.05192485e-14   1.59328304e-15
  2.32000000e-06  -4.85422033e-01  -2.44100602e-01  -2.81656285e+00   1.97597093e-15   1.10971998e-14  -1.30230113e-15
  2.40000000e-06  -4.69249729e-01  -2.36352467e-01  -2.77962199e+00  -3.83068244e-15  -1.12146522e-14   1.60027422e-15
  2.48000000e-06  -4.57444525e-01  -2.29867176e-01  -2.73612772e+00   8.62314886e-15   8.09543707e-15  -2.12178966e-15
  2.56000000e-06  -4.41620648e-01  -2.22048127e-01  -2.70185308e+00  -1.16003209e-14   1.20414391e-15   1.79712338e-15
  2.64000000e-06  -4.31437804e-01  -2.16819944e-01  -2.66427770e+00   4.36702093e-15  -1.10202484e-14   1.89661810e-16
  2.72000000e-06  -4.15213738e-01  -2.08386783e-01  -2.63001924e+00   9.70070819e-15   5.62493404e-15  -1.97718296e-15
  2.80000000e-06  -4.06575132e-01  -2.03914002e-01  -2.59565416e+00  -4.80122617e-15   1.04085343e-14  -6.56430775e-17
  2.88000000e-06  -3.97837496e-01  -1.99390143e-01  -2.56135026e+00  -1.13675755e-14  -6.82987682e-16   1.81881755e-15
  2.96000000e-06  -3.82958451e-01  -1.92104141e-01  -2.53511935e+00  -6.55053459e-15  -9.69437803e-15   1.72414476e-15
  3.04000000e-06  -3.70772706e-01  -1.85888735e-01  -2.50533487e+00   1.79127147e-15  -1.18579264e-14   6.14728346e-16
  3.12000000e-06  -3.59935509e-01  -1.80332190e-01  -2.47713479e+00   7.15267948e-15  -9.68743327e-15  -3.34074383e-16
  3.20000000e-06  -3.50322969e-01  -1.75509516e-01  -2.45049718e+00   9.50070422e-15  -7.46240060e-15  -8.23748180e-16
  3.28000000e-06  -3.40657619e-01  -1.70660980e-01  -2.42387781e+00   9.95274116e-15  -6.94374711e-15  -9.09885149e-16
  3.36000000e-06  -3.30446442e-01  -1.65380186e-01  -2.39905553e+00   8.90884257e-15  -8.54132883e-15  -6.38304846e-16
  3.44000000e-06  -3.21668413e-01  -1.60826989e-01  -2.37424954e+00   5.50447932e-15  -1.11481085e-14   9.39227028e-18
  3.52000000e-06  -3.11768967e-01  -1.55940181e-01  -2.35240540e+00  -1.15247588e-15  -1.24543663e-14   9.78335767e-16
  3.60000000e-06  -3.04060531e-01  -1.52001512e-01  -2.33018110e+00  -9.06538477e-15  -8.61660083e-15   1.74499830e-15
  3.68000000e-06  -2.96272271e-01  -1.48024537e-01  -2.30797171e+00  -1.24728344e-14   1.77859387e-15   1.48705438e-15
  3.76000000e-06  -2.86697312e-01  -1.42955991e-01  -2.28761778e+00  -4.43674180e-15   1.20561618e-14  -1.97366275e-16
  3.84000000e-06  -2.79418820e-01  -1.39046007e-01  -2.26688141e+00   9.86351251e-15   8.12967714e-15  -1.71444794e-15
  3.92000000e-06  -2.70319015e-01  -1.34753557e-01  -2.25022800e+00   1.00960639e-14  -8.51569283e-15  -7.02879059e-16
  4.00000000e-06  -2.63942951e-01  -1.31687784e-01  -2.23167213e+00  -8.01751716e-15  -1.05413046e-14   1.57027017e-15
  4.08000000e-06  -2.54201975e-01  -1.26440009e-01  -2.21340972e+00  -9.61097255e-15   8.89386351e-15   5.95727042e-16
  4.16000000e-06  -2.48060424e-01  -1.23167155e-01  -2.19601788e+00   1.09462415e-14   7.11806810e-15  -1.63570686e-15
  4.24000000e-06  -2.42053153e-01  -1.19958397e-01  -2.17858894e+00   2.45758926e-15  -1.30235871e-14   4.44058714e-16
  4.32000000e-06  -2.33852251e-01  -1.16116310e-01  -2.16727714e+00  -1.27961282e-14   4.35786913e-15   1.14723846e-15
  4.40000000e-06  -2.27881403e-01  -1.13182001e-01  -2.15213374e+00   1.09013558e-14   8.00263408e-15  -1.57516716e-15
  4.48000000e-06  -2.19478744e-01  -1.08946868e-01  -2.13559116e+00  -1.43309016e-15  -1.33703976e-14   8.29370247e-16
  4.56000000e-06  -2.12172756e-01  -1.05319091e-01  -2.12248742e+00  -7.56307612e-15   1.10351305e-14   2.08467099e-16
  4.64000000e-06  -2.05397184e-01  -1.01883580e-01  -2.10902546e+00   1.24776411e-14  -4.90251355e-15  -9.78360268e-16
  4.72000000e-06  -1.99573751e-01  -9.92925841e-02  -2.09364590e+00  -1.34385948e-14  -1.42482827e-15   1.34858797e-15
  4.80000000e-06  -1.93412802e-01  -9.61886652e-02  -2.08037973e+00   1.20200730e-14   6.23310229e-15  -1.40570000e-15
  4.88000000e-06  -1.86975678e-01  -9.29376600e-02  -2.07104143e+00  -9.99307841e-15  -9.50975255e-15   1.32893370e-15
  4.96000000e-06  -1.81227692e-01  -9.01019794e-02  -2.05979164e+00   7.95970592e-15   1.13416053e-14  -1.19644151e-15
  5.04000000e-06  -1.75176600e-01  -8.66473450e-02  -2.04606343e+00  -6.83436352e-15  -1.22557788e-14   1.10414527e-15
  5.12000000e-06  -1.69681131e-01  -8.37858811e-02  -2.03491503e+00   6.88161277e-15   1.22920212e-14  -1.07993584e-15
  5.20000000e-06  -1.64286251e-01  -8.09672092e-02  -2.02375241e+00  -8.10074571e-15  -1.16955940e-14   1.12553332e-15
  5.28000000e-06  -1.58052254e-01  -7.86989864e-02  -2.01761231e+00   9.98630121e-15   1.03667554e-14  -1.18665541e-15
  5.36000000e-06  -1.53009525e-01  -7.62880747e-02  -2.00819838e+00  -1.22068651e-14  -7.91915046e-15   1.23090597e-15
  5.44000000e-06  -1.46934501e-01  -7.25608083e-02  -1.99618028e+00   1.40980237e-14   3.92554508e-15  -1.18041783e-15
  5.52000000e-06  -1.42032209e-01  -7.00428547e-02  -1.98708119e+00  -1.46921445e-14   1.84949496e-15   9.84969227e-16
  5.60000000e-06  -1.36911113e-01  -6.74178988e-02  -1.97818501e+00   1.23254369e-14  -8.38255912e-15  -5.67365919e-16
  5.68000000e-06  -1.32133174e-01  -6.56545162e-02  -1.97432331e+00  -6.87870172e-15   1.34637083e-14   1.26379720e-17
  5.76000000e-06  -1.27608525e-01  -6.34658284e-02  -1.96660998e+00  -1.48928146e-15  -1.51706607e-14   5.86218706e-16
  5.84000000e-06  -1.21330440e-01  -6.01393438e-02  -1.95604732e+00   1.01915050e-14   1.11933921e-14  -9.76307179e-16
  5.92000000e-06  -1.17151641e-01  -5.81003710e-02  -1.95096135e+00  -1.51824239e-14  -1.90058134e-15   9.68276669e-16
  6.00000000e-06  -1.11543238e-01  -5.53054643e-02  -1.94543879e+00   1.24323204e-14  -9.14051656e-15  -4.52967612e-16
  6.08000000e-06  -1.07269385e-01  -5.31280865e-02  -1.93805535e+00  -2.19136398e-15   1.54108609e-14  -3.01169564e-16
  6.16000000e-06  -1.02968039e-01  -5.09345000e-02  -1.93079710e+00  -1.03393665e-14  -1.18206283e-14   8.63219699e-16
  6.24000000e-06  -9.78085879e-02  -4.85456544e-02  -1.92595031e+00   1.58583661e-14  -8.73113963e-16  -7.83352770e-16
  6.32000000e-06  -9.37083493e-02  -4.66402118e-02  -1.92126371e+00  -8.71818280e-15   1.35085528e-14   9.72926067e-17
  6.40000000e-06  -8.87930190e-02  -4.37458386e-02  -1.91593255e+00  -6.47065568e-15  -1.47669779e-14   6.37048982e-16
  6.48000000e-06  -8.49571242e-02  -4.16163898e-02  -1.90961465e+00   1.60900059e-14   2.01862563e-15  -7.59822689e-16
  6.56000000e-06  -8.12236440e-02  -3.95344072e-02  -1.90318348e+00  -9.45926215e-15   1.33905303e-14   1.25541792e-16
  6.64000000e-06  -7.57269642e-02  -3.74004497e-02  -1.90158540e+00  -8.03981043e-15  -1.45852224e-14   6.07032594e-16
  6.72000000e-06  -7.15995745e-02  -3.55576277e-02  -1.89861540e+00   1.67456429e-14  -1.14411497e-15  -6.10075580e-16
  6.80000000e-06  -6.66693284e-02  -3.29043793e-02  -1.89384641e+00  -5.73323733e-15   1.59006333e-14  -7.44354901e-17
  6.88000000e-06  -6.29632803e-02  -3.09707558e-02  -1.88894539e+00  -1.29350593e-14  -1.11508476e-14   6.13984897e-16
  6.96000000e-06  -5.79762889e-02  -2.86440680e-02  -1.88576701e+00   1.48228257e-14  -8.82331479e-15  -3.21692337e-16
  7.04000000e-06  -5.42776722e-02  -2.68819583e-02  -1.88375485e+00   3.82278183e-15   1.70161333e-14  -3.52975168e-16
  7.12000000e-06  -5.05898574e-02  -2.51234053e-02  -1.88183632e+00  -1.76160707e-14  -1.33407595e-15   4.91387602e-16
  7.20000000e-06  -4.55077255e-02  -2.25993052e-02  -1.87814528e+00   6.18514446e-15  -1.66832789e-14   5.08792668e-17
  7.28000000e-06  -4.17910375e-02  -2.06137271e-02  -1.87448278e+00   1.47896377e-14   1.01597032e-14  -4.41457061e-16
  7.36000000e-06  -3.75077176e-02  -1.83519516e-02  -1.87279479e+00  -1.33376578e-14   1.24182180e-14   1.45433215e-16
  7.44000000e-06  -3.39091685e-02  -1.66623810e-02  -1.87201410e+00  -9.44088742e-15  -1.58496272e-14   3.12083743e-16
  7.52000000e-06  -2.93531077e-02  -1.41051587e-02  -1.87022786e+00   1.75388401e-14  -5.96897022e-15  -2.30253328e-16
  7.60000000e-06  -2.58799692e-02  -1.23888166e-02  -1.86740388e+00   2.62807938e-15   1.85461041e-14  -1.59461431e-16
  7.68000000e-06  -2.24124444e-02  -1.06744283e-02  -1.86464168e+00  -1.89610139e-14  -4.26031895e-16   2.30344694e-16
  7.76000000e-06  -1.72353692e-02  -8.45585242e-03  -1.86560400e+00   3.30453504e-15  -1.90348862e-14   5.57467218e-17
  7.84000000e-06  -1.36225093e-02  -6.71484796e-03  -1.86579910e+00   1.84606635e-14   6.38258326e-15  -1.57754732e-16
  7.92000000e-06  -8.99921527e-03  -4.26224797e-03  -1.86496922e+00  -9.32393970e-15   1.73401746e-14   5.36202768e-18
  8.00000000e-06  -5.50680165e-03  -2.49581329e-03  -1.86366819e+00  -1.59800443e-14  -1.19348749e-14   6.32012469e-17
  8.08000000e-06  -2.00207883e-03  -7.25300698e-04  -1.86241255e+00   1.41711251e-14  -1.43292661e-14  -9.65343737e-18
  8.16000000e-06   2.91377275e-03   1.47335382e-03  -1.86401647e+00   1.23708227e-14   1.63925286e-14   3.22946508e-17
  8.24000000e-06   6.41064463e-03   3.24155264e-03  -1.86529160e+00  -1.83563911e-14   9.88514651e-15  -4.59086813e-17
  8.32000000e-06   1.13800820e-02   5.42869559e-03  -1.86523162e+00  -7.02650511e-15  -1.98154975e-14  -1.00542209e-16
  8.40000000e-06   1.49820163e-02   7.16592028e-03  -1.86504856e+00   2.08986789e-14  -3.90898576e-15   1.52860828e-16
  8.48000000e-06   1.96376132e-02   9.61389966e-03  -1.86550463e+00   5.13563452e-16   2.15656220e-14   1.16544812e-16
  8.56000000e-06   2.31480328e-02   1.13455987e-02  -1.86823672e+00  -2.16872855e-14  -3.18711848e-15  -2.88067223e-16
  8.64000000e-06   2.66291732e-02   1.30637625e-02  -1.87107237e+00   7.33759424e-15  -2.09821487e-14  -4.20677154e-17
  8.72000000e-06   3.17625776e-02   1.52392609e-02  -1.87078720e+00   1.93602632e-14   1.14096617e-14   4.21644254e-16
  8.80000000e-06   3.53959266e-02   1.69478786e-02  -1.87157687e+00  -1.53587769e-14   1.68784598e-14  -1.37629427e-16
  8.88000000e-06   3.99487480e-02   1.95655583e-02  -1.87421450e+00  -1.33349011e-14  -1.88840228e-14  -4.81369158e-16
  8.96000000e-06   4.36268519e-02   2.15324085e-02  -1.87788320e+00   2.18440051e-14  -8.51934989e-15   4.09792821e-16
  9.04000000e-06   4.73579798e-02   2.35248998e-02  -1.88136637e+00   2.32639429e-15   2.37030611e-14   3.54947064e-16
  9.12000000e-06   5.17641989e-02   2.57503358e-02  -1.88260646e+00  -2.37977135e-14  -4.54238868e-15  -7.16473483e-16
  9.20000000e-06   5.54596156e-02   2.75090458e-02  -1.88466540e+00   1.16200299e-14  -2.16585423e-14   2.58064687e-17
  9.28000000e-06   6.04901157e-02   2.99224084e-02  -1.88845346e+00   1.69124775e-14   1.82635979e-14   8.31118473e-16
  9.36000000e-06   6.42978351e-02   3.18995795e-02  -1.89326578e+00  -2.35087872e-14   9.49971619e-15  -6.38329381e-16
  9.44000000e-06   6.92127432e-02   3.41936420e-02  -1.89702951e+00   3.11566159e-16  -2.57852937e-14  -4.53408209e-16
  9.52000000e-06   7.32721093e-02   3.60124521e-02  -1.90005760e+00   2.36910185e-14   1.10670917e-14   1.12335753e-15
  9.60000000e-06   7.74436861e-02   3.78823053e-02  -1.90297612e+00  -2.06353107e-14   1.68309751e-14  -5.04724351e-16
  9.68000000e-06   8.23786624e-02   4.06565376e-02  -1.90896575e+00  -5.31099105e-15  -2.65561533e-14  -7.94772553e-16
  9.76000000e-06   8.61405146e-02   4.27402626e-02  -1.91523156e+00   2.59795523e-14   9.06671286e-15   1.37080327e-15
  9.84000000e-06   9.15363448e-02   4.51499674e-02  -1.91951101e+00  -2.21296257e-14   1.71103244e-14  -6.52840464e-16
  9.92000000e-06   9.56849214e-02   4.70937123e-02  -1.92426727e+00  -1.29868878e-15  -2.84361162e-14  -7.60511406e-16
  1.00000000e-05   9.98035099e-02   4.90333675e-02  -1.92888507e+00   2.37680851e-14   1.64391769e-14   1.64769097e-15
  1.00800000e-05   1.05100802e-01   5.21200248e-02  -1.93593046e+00  -2.85577389e-14   7.80688755e-15  -1.34020624e-15
  1.01600000e-05   1.09345293e-01   5.42774343e-02  -1.94337806e+00   1.41669496e-14  -2.66686232e-14   5.22722875e-17
  1.02400000e-05   1.14593296e-01   5.68607653e-02  -1.94967536e+00   8.07941142e-15   2.96020283e-14   1.33819220e-15
  1.03200000e-05   1.19158404e-01   5.91874095e-02  -1.95594969e+00  -2.58732510e-14  -1.75472042e-14  -2.10720596e-15
  1.04000000e-05   1.24408197e-01   6.17137289e-02  -1.96106134e+00   3.16664179e-14  -1.69933780e-15   1.95541536e-15
  1.04800000e-05   1.29169070e-01   6.40247323e-02  -1.96871362e+00  -2.55612685e-14   1.99756621e-14  -1.02746730e-15
  1.05600000e-05   1.33635992e-01   6.61879138e-02  -1.97677130e+00   1.16487562e-14  -3.10032403e-14  -2.50583720e-16
  1.06400000e-05   1.40117498e-01   6.96103951e-02  -1.98806057e+00   3.61280150e-15   3.37342014e-14   1.43580525e-15
  1.07200000e-05   1.45239437e-01   7.22164726e-02  -1.99698083e+00  -1.65238279e-14  -3.04640568e-14  -2.30343633e-15
  1.08000000e-05   1.50414011e-01   7.42879231e-02  -2.00229377e+00   2.59384040e-14   2.39463019e-14   2.83695656e-15
  1.08800000e-05   1.55828310e-01   7.68982071e-02  -2.01164802e+00  -3.21663131e-14  -1.64454793e-14  -3.12035208e-15
  1.09600000e-05   1.60776402e-01   7.92916702e-02  -2.02130537e+00   3.54876105e-14   1.00675491e-14   3.21764501e-15
  1.10400000e-05   1.67282835e-01   8.33203944e-02  -2.03457036e+00  -3.72450185e-14  -6.92710162e-15  -3.34597479e-15
  1.11200000e-05   1.72519890e-01   8.60328090e-02  -2.04567891e+00   3.81180807e-14   6.85526104e-15   3.50294682e-15
  1.12000000e-05   1.79244241e-01   8.86762360e-02  -2.05338934e+00  -3.85097257e-14  -9.76813859e-15  -3.78342683e-15
  1.12800000e-05   1.84685707e-01   9.13838892e-02  -2.06497542e+00   3.74494096e-14   1.57698538e-14   4.04725461e-15
  1.13600000e-05   1.91035761e-01   9.49460845e-02  -2.07863078e+00  -3.33904058e-14  -2.50637046e-14  -4.21357284e-15
  1.14400000e-05   1.96926732e-01   9.79237098e-02  -2.09174523e+00   2.29704641e-14   3.61445582e-14   3.85463178e-15
  1.15200000e-05   2.03170645e-01   1.01068075e-01  -2.10487805e+00  -4.53792706e-15  -4.38603671e-14  -2.54402216e-15
  1.16000000e-05   2.10272576e-01   1.04686635e-01  -2.11582416e+00  -1.98043600e-14   4.07739228e-14   4.92342243e-17
  1.16800000e-05   2.14361219e-01   1.06761985e-01  -2.13597843e+00   4.24952010e-14  -2.01086362e-14   3.25962336e-15
  1.17600000e-05   2.23567562e-01   1.11023472e-01  -2.14514311e+00  -4.45056711e-14  -1.72025349e-14  -5.52872649e-15
  1.18400000e-05   2.29242053e-01   1.13820548e-01  -2.16037128e+00   1.42130234e-14   4.70982281e-14   3.98957755e-15
  1.19200000e-05   2.35119597e-01   1.16698283e-01  -2.17574813e+00   3.37287496e-14  -3.79515310e-14   1.60929083e-15
  1.20000000e-05   2.44235605e-01   1.21423046e-01  -2.19394081e+00  -4.93711840e-14  -1.67083154e-14  -6.42085489e-15
  1.20800000e-05   2.50149103e-01   1.24578728e-01  -2.21106585e+00  -3.48559357e-15   5.38955236e-14   2.64230831e-15
  1.21600000e-05   2.58342679e-01   1.28480178e-01  -2.22503471e+00   5.49317039e-14  -4.77323541e-15   6.10234860e-15
  1.22400000e-05   2.65393298e-01   1.31897180e-01  -2.24335735e+00  -5.11555207e-15  -5.68899776e-14  -3.94999970e-15
  1.23200000e-05   2.75248290e-01   1.37150988e-01  -2.26162227e+00  -5.88881211e-14  -2.30059692e-15  -7.30642956e-15
  1.24000000e-05   2.82379803e-01   1.40974047e-01  -2.28207837e+00  -2.05054966e-14   5.78100452e-14   1.03387245e-15
  1.24800000e-05   2.89341386e-01   1.44703189e-01  -2.30273127e+00   4.36481266e-14   4.52189386e-14   8.32599718e-15
  1.25600000e-05   2.98851416e-01   1.49330098e-01  -2.32193779e+00   6.44852372e-14  -1.01966981e-14   7.64397335e-15
  1.26400000e-05   3.07002601e-01   1.53481977e-01  -2.34388561e+00   4.02818347e-14  -5.48572709e-14   1.68396684e-15
  1.27200000e-05   3.17197624e-01   1.58688587e-01  -2.36598058e+00   2.38882211e-15  -7.04967792e-14  -4.40802671e-15
  1.28000000e-05   3.26386130e-01   1.63427475e-01  -2.39022157e+00  -2.71268186e-14  -6.76167308e-14  -8.32736563e-15
  1.28800000e-05   3.35418457e-01   1.68089041e-01  -2.41449839e+00  -4.27772190e-14  -6.21039741e-14  -1.02660107e-14
  1.29600000e-05   3.46123331e-01   1.73334297e-01  -2.43887049e+00  -4.62354185e-14  -6.32591096e-14  -1.10576312e-14
  1.30400000e-05   3.55896131e-01   1.78241206e-01  -2.46512017e+00  -3.53656472e-14  -7.35527039e-14  -1.04240840e-14
  1.31200000e-05   3.66415198e-01   1.83565977e-01  -2.49249889e+00  -4.56931633e-15  -8.51759526e-14  -6.94470677e-15
  1.32000000e-05   3.76931207e-01   1.88918976e-01  -2.52219376e+00   4.79369086e-14  -7.52312708e-14   1.52894764e-15
  1.32800000e-05   3.81744177e-01   1.91561766e-01  -2.55435173e+00   9.20211456e-14  -1.19974185e-14   1.28526896e-14
  1.33600000e-05   3.96428644e-01   1.98997116e-01  -2.58399653e+00   5.29413023e-14   8.13294673e-14   1.43853824e-14
  1.34400000e-05   4.06498347e-01   2.04161673e-01  -2.61699783e+00  -7.27859632e-14   7.21577323e-14  -5.67655436e-15
  1.35200000e-05   4.21796866e-01   2.11713016e-01  -2.64674040e+00  -6.95074520e-14  -8.04736007e-14  -1.75141220e-14
  1.36000000e-05   4.30926118e-01   2.16425475e-01  -2.68375504e+00   1.03610939e-13  -4.32209568e-14   1.31511793e-14
  1.36800000e-05   4.42240349e-01   2.22242750e-01  -2.71969160e+00  -2.80433022e-14   1.15097402e-13   4.84528591e-15
  1.37600000e-05   4.59477571e-01   2.31095204e-01  -2.75762502e+00  -4.94936990e-14  -1.12727464e-13  -1.76934937e-14
  1.38400000e-05   4.69764882e-01   2.36686993e-01  -2.79726345e+00   8.80302359e-14   9.40237841e-14   2.27392668e-14
  1.39200000e-05   4.88189398e-01   2.45976080e-01  -2.83674731e+00  -9.44936488e-14  -9.78326724e-14  -2.47449939e-14
  1.40000000e-05   5.00404812e-01   2.52251977e-01  -2.88144164e+00   6.08097962e-14   1.30836472e-13   2.20144224e-14
  1.40800000e-05   5.14155271e-01   2.59245888e-01  -2.92629301e+00   3.75601243e-14  -1.49506415e-13  -6.64567332e-15
  1.41600000e-05   5.34099936e-01   2.69114983e-01  -2.97044202e+00  -1.54821714e-13   4.76349089e-14  -2.35220885e-14
  1.42400000e-05   5.47796114e-01   2.76263566e-01  -3.01988255e+00   6.95760333e-14   1.56659085e-13   2.69522661e-14
  1.43200000e-05   5.64775862e-01   2.84815218e-01  -3.07181778e+00   1.79008162e-13  -3.25481599e-14   2.98941163e-14
  1.44000000e-05   5.83781277e-01   2.94707390e-01  -3.12614359e+00   9.80170463e-14  -1.70231332e-13   2.25584171e-15
  1.44800000e-05   5.88032833e-01   2.97706217e-01  -3.18813535e+00   2.61677920e-14  -2.09710964e-13  -1.47561919e-14
  1.45600000e-05   6.15253244e-01   3.11236962e-01  -3.24071974e+00   3.21452387e-14  -2.22120561e-13  -1.52295386e-14
  1.46400000e-05   6.28338804e-01   3.18044599e-01  -3.30435832e+00   1.44358059e-13  -1.93019550e-13   8.87220497e-15
  1.47200000e-05   6.54630213e-01   3.31389498e-01  -3.35898378e+00   2.53423369e-13   1.64142218e-14   5.10089081e-14
  1.48000000e-05   6.73935040e-01   3.41516358e-01  -3.42867681e+00  -3.21525355e-15   2.77800195e-13   2.70385469e-14
  1.48800000e-05   6.93145910e-01   3.51509017e-01  -3.49880755e+00  -2.59510767e-13  -1.38317935e-13  -6.53076297e-14
  1.49600000e-05   7.16294051e-01   3.63314311e-01  -3.56514695e+00   3.19386230e-13  -1.91879956e-14   6.22143171e-14
  1.50400000e-05   7.42843934e-01   3.76905729e-01  -3.64088473e+00  -3.46686653e-13   5.54014746e-15  -7.01604097e-14
  1.51200000e-05   7.56802881e-01   3.84137096e-01  -3.71891070e+00   2.96616233e-13   2.29338590e-13   8.40508161e-14
  1.52000000e-05   7.89007136e-01   4.00435350e-01  -3.79448729e+00   1.41740834e-13  -3.93274257e-13  -1.20296583e-14
  1.52800000e-05   8.17467308e-01   4.15137306e-01  -3.87707445e+00  -3.41106030e-13  -2.86665173e-13  -1.02615630e-13
  1.53600000e-05   8.41712203e-01   4.27707821e-01  -3.95840749e+00  -4.84147263e-13  -6.40087430e-14  -1.09864813e-13
  1.54400000e-05   8.72798171e-01   4.43568121e-01  -4.04211234e+00  -5.20140256e-13  -1.27114766e-13  -1.26261093e-13
  1.55200000e-05   8.98702246e-01   4.56832530e-01  -4.13101654e+00  -2.80781557e-13  -5.24675535e-13  -1.19105761e-13
  1.56000000e-05   8.82278191e-01   4.48724572e-01  -4.23134865e+00   5.82142517e-13  -3.38582847e-13   8.54765784e-14
  1.56800000e-05   9.37380788e-01   4.76986208e-01  -4.27783421e+00  -7.70299821e-14   7.36461481e-13   6.52375782e-14
  1.57600000e-05   9.54483541e-01   4.85690670e-01  -4.36086274e+00  -2.81083774e-13  -7.58022214e-13  -1.45946844e-13
  1.58400000e-05   9.61072298e-01   4.89295493e-01  -4.42973414e+00   2.02524631e-13   8.71502887e-13   1.40203278e-13
  1.59200000e-05   9.70541561e-01   4.94059847e-01  -4.49108397e+00   3.78552674e-13  -9.22851503e-13  -1.97152336e-14
  1.60000000e-05   9.91894975e-01   5.05092691e-01  -4.53001183e+00  -1.05848034e-12   1.82446857e-13  -2.11423014e-13
  1.60800000e-05   9.81557960e-01   4.99942506e-01  -4.55909769e+00   4.65857989e-13   1.07947748e-12   2.18671185e-13
  1.61600000e-05   9.77790997e-01   4.97895805e-01  -4.57057356e+00   1.09192971e-12  -6.88365883e-13   1.58611286e-13
  1.62400000e-05   9.94286508e-01   5.06242681e-01  -4.55118159e+00  -8.82004314e-13  -1.04713589e-12  -3.09165838e-13
  1.63200000e-05   9.83963920e-01   5.01111326e-01  -4.50514105e+00  -6.83994470e-13   1.33313811e-12  -1.10435506e-15
  1.64000000e-05   9.50384085e-01   4.83737631e-01  -4.43833087e+00   1.45025236e-12  -5.81389698e-13   2.47177762e-13
  1.64800000e-05   9.61219204e-01   4.89182184e-01  -4.31747323e+00  -1.50442692e-12   6.03646168e-13  -2.66542728e-13
  1.65600000e-05   8.82324584e-01   4.48624136e-01  -4.21487902e+00   4.69395125e-13  -1.61673544e-12  -7.38212602e-14
  1.66400000e-05   8.45107218e-01   4.29394696e-01  -4.02239415e+00   1.56000245e-12  -5.17975751e-13   2.72462929e-13
  1.67200000e-05   7.91765510e-01   4.01827283e-01  -3.83287020e+00   1.09205101e-12  -1.22720715e-12   9.69307577e-14
  1.68000000e-05   7.53268929e-01   3.82128005e-01  -3.62884049e+00  -1.53175460e-12  -3.15663493e-13  -3.51199512e-13
  1.68800000e-05   6.64830555e-01   3.36821801e-01  -3.44279490e+00   1.44400892e-12  -4.99238035e-13   2.30007020e-13
  1.69600000e-05   6.08749003e-01   3.08094926e-01  -3.24938207e+00   1.06456777e-12   9.80831675e-13   2.92438320e-13
  1.70400000e-05   5.53886513e-01   2.79315081e-01  -3.06728967e+00   1.30802064e-12   4.02610446e-13   2.72863097e-13
  1.71200000e-05   5.08037305e-01   2.55267125e-01  -2.89872626e+00   1.75183739e-14  -1.32196765e-12  -1.13344574e-13
  1.72000000e-05   4.55784080e-01   2.29673787e-01  -2.74222130e+00  -9.22290115e-15   1.25405799e-12   1.03500252e-13
  1.72800000e-05   4.13535128e-01   2.07610406e-01  -2.60927833e+00  -1.08301073e-12  -4.59298617e-13  -2.08187125e-13
  1.73600000e-05   3.67148037e-01   1.83715186e-01  -2.48628996e+00  -2.58208322e-13  -1.09500409e-12  -1.19040645e-13
  1.74400000e-05   3.25031519e-01   1.62517466e-01  -2.38004586e+00  -2.50075842e-13  -1.04654696e-12  -1.05613381e-13
  1.75200000e-05   2.89900656e-01   1.44729340e-01  -2.28472106e+00  -8.89794616e-13  -5.10379514e-13  -1.45233892e-13
  1.76000000e-05   2.51912672e-01   1.25492640e-01  -2.20360145e+00  -5.42085335e-13   8.36810004e-13  -1.43150514e-14
  1.76800000e-05   2.11600934e-01   1.05365073e-01  -2.14004522e+00   9.60773508e-13   2.28155502e-14   9.61215825e-14
  1.77600000e-05   1.91449859e-01   9.46298872e-02  -2.06806797e+00  -8.11604045e-13  -4.53051142e-13  -9.58641889e-14
  1.78400000e-05   1.57125855e-01   7.75571780e-02  -2.02006632e+00   7.80839336e-13   4.65266352e-13   7.85988023e-14
  1.79200000e-05   1.36585375e-01   6.77432290e-02  -1.97603603e+00  -8.79878435e-13  -1.62325865e-13  -6.63829010e-14
  1.80000000e-05   1.07795805e-01   5.34632845e-02  -1.94646725e+00   7.85789280e-13  -4.08413285e-13   3.22993735e-14
  1.80800000e-05   8.73978667e-02   4.27429701e-02  -1.90755364e+00  -1.54027800e-13   8.59150179e-13   1.21941155e-14
  1.81600000e-05   6.58875665e-02   3.26697207e-02  -1.89379113e+00  -7.03887520e-13  -5.18078830e-13  -3.34265620e-14
  1.82400000e-05   4.34138934e-02   2.14599520e-02  -1.88161772e+00   7.10705713e-13  -5.11686909e-13   1.05620421e-14
  1.83200000e-05   2.33251779e-02   1.14199681e-02  -1.86763901e+00   3.50536512e-13   8.04465312e-13   9.29692225e-15
  1.84000000e-05   3.65731192e-03   1.72787286e-03  -1.86271373e+00  -8.56461483e-13   2.22800217e-13  -1.47493213e-15
  1.84800000e-05  -1.73134734e-02  -8.53067070e-03  -1.86818256e+00  -9.22284929e-14  -8.92980078e-13   4.93234159e-15
  1.85600000e-05  -3.68596046e-02  -1.80349370e-02  -1.87546533e+00   9.09443704e-13   8.17900845e-14  -1.86603366e-14
  1.86400000e-05  -5.89922950e-02  -2.91675842e-02  -1.88334371e+00  -3.35076705e-13   8.71500180e-13  -3.00136988e-15
  1.87200000e-05  -8.35482450e-02  -4.05314094e-02  -1.90332392e+00  -6.91455096e-13  -6.69250674e-13   4.46038280e-14
  1.88000000e-05  -1.00798246e-01  -4.98183620e-02  -1.93436985e+00   9.76080732e-13  -2.10511063e-13  -4.54411083e-14
  1.88800000e-05  -1.29712478e-01  -6.45496202e-02  -1.96309139e+00  -6.02345762e-13   8.47815398e-13   1.19228273e-14
  1.89600000e-05  -1.51790610e-01  -7.47331399e-02  -2.00634078e+00   1.74852594e-13  -1.07699816e-12   2.68879909e-14
  1.90400000e-05  -1.78870249e-01  -8.89970115e-02  -2.05130491e+00  -7.24491498e-14   1.14484048e-12  -4.33521039e-14
  1.91200000e-05  -2.04193588e-01  -1.01037847e-01  -2.11222168e+00   4.48564635e-13  -1.13524702e-12   1.09405616e-14
  1.92000000e-05  -2.42769376e-01  -1.20701769e-01  -2.16677141e+00  -1.18991237e-12   4.97339647e-13   1.05615436e-13
  1.92800000e-05  -2.64404976e-01  -1.31881826e-01  -2.24446740e+00   7.91277850e-13   1.13001047e-12  -1.59612763e-13
  1.93600000e-05  -2.93341670e-01  -1.46426709e-01  -2.32830116e+00   1.45188079e-12  -3.42485529e-13  -1.61382949e-13
  1.94400000e-05  -3.27762181e-01  -1.63740110e-01  -2.41420908e+00   1.19484694e-12  -1.09580305e-12  -8.78957545e-14
  1.95200000e-05  -3.63460121e-01  -1.82013776e-01  -2.50185698e+00   1.49441440e-12  -9.11441208e-13  -1.50794065e-13
  1.96000000e-05  -3.92271317e-01  -1.96671222e-01  -2.59021640e+00   1.73691198e-12   6.89846214e-13  -3.15422931e-13
  1.96800000e-05  -4.43349459e-01  -2.22920648e-01  -2.66782085e+00  -8.78495223e-13   1.84658216e-12  -8.30674532e-15
  1.97600000e-05  -4.71107470e-01  -2.36216356e-01  -2.74440453e+00  -8.63803132e-13  -1.99467441e-12   3.19966980e-13
  1.98400000e-05  -4.63843055e-01  -2.33654638e-01  -2.80048447e+00   1.58718879e-12   1.65555359e-12  -4.01014283e-13
  1.99200000e-05  -5.05422646e-01  -2.54031389e-01  -2.81154374e+00  -1.75865602e-12  -1.60559312e-12   4.61218375e-13
  2.00000000e-05  -4.63591710e-01  -2.33507473e-01  -2.80680139e+00   1.86912681e-12   1.57046569e-12  -4.39371012e-13
  2.00800000e-05  -4.85682797e-01  -2.43647992e-01  -2.74414463e+00  -2.26174780e-12  -8.95595726e-13   4.79822413e-13
  2.01600000e-05  -4.20706951e-01  -2.11127110e-01  -2.68238829e+00   2.16602242e-12  -1.09668024e-12  -2.53401701e-13
  2.02400000e-05  -3.95998984e-01  -1.98623820e-01  -2.57253690e+00   1.02008602e-12   2.10261726e-12  -3.19366809e-13
  2.03200000e-05  -3.64794633e-01  -1.82912933e-01  -2.46381452e+00  -6.32724018e-13   2.17013778e-12  -6.74287523e-14
  2.04000000e-05  -3.22210770e-01  -1.61180789e-01  -2.35527342e+00  -3.36452479e-13   2.12465863e-12  -9.93708585e-14
  2.04800000e-05  -2.67868791e-01  -1.33482899e-01  -2.26190006e+00   1.49144511e-12   1.38815499e-12  -2.58546592e-13
  2.05600000e-05  -2.31960028e-01  -1.14986361e-01  -2.17071780e+00   1.01093837e-12  -1.67972988e-12  -1.90495817e-14
  2.06400000e-05  -2.05821302e-01  -1.02436004e-01  -2.07646107e+00  -1.74465424e-12   6.54900233e-13   1.40624665e-13
  2.07200000e-05  -1.54147477e-01  -7.62742755e-02  -2.02390778e+00   1.73056312e-12  -5.20965247e-13  -1.12171955e-13
  2.08000000e-05  -1.31987624e-01  -6.56902152e-02  -1.95824430e+00  -1.31586624e-12   1.15333958e-12   5.00013881e-14
  2.08800000e-05  -9.45960087e-02  -4.70008169e-02  -1.92603438e+00   5.51394152e-14  -1.72455530e-12   3.93760050e-14
  2.09600000e-05  -6.12558752e-02  -3.01406250e-02  -1.89177962e+00   1.48849829e-12   8.20098191e-13  -6.12637627e-14
  2.10400000e-05  -3.48873318e-02  -1.69288266e-02  -1.86784597e+00  -1.18597524e-12   1.20949682e-12   1.11894397e-14
  2.11200000e-05  -4.88791274e-03  -2.39548069e-03  -1.86342212e+00  -9.99377725e-13  -1.38837327e-12   4.40624396e-15
  2.12000000e-05   2.27218224e-02   1.12238405e-02  -1.87566035e+00   1.56454316e-12  -7.73078780e-13   1.43268790e-14
  2.12800000e-05   5.20796707e-02   2.59193917e-02  -1.88114396e+00   3.82927213e-13   1.73959608e-12   3.45704512e-14
  2.13600000e-05   8.72735948e-02   4.27896804e-02  -1.90684066e+00  -1.81786167e-12  -3.22691518e-13  -9.04423709e-14
  2.14400000e-05   1.10706969e-01   5.47642053e-02  -1.95406584e+00   1.44328672e-12  -1.29710680e-12   4.54165228e-14
  2.15200000e-05   1.49330423e-01   7.42939052e-02  -1.99293814e+00  -5.64786595e-13   1.95482336e-12   3.05537034e-14
  2.16000000e-05   1.81868983e-01   8.98043762e-02  -2.06196940e+00   3.41819836e-13  -2.14633382e-12  -6.33296225e-14
  2.16800000e-05   2.25022908e-01   1.12154467e-01  -2.11991318e+00  -1.27021482e-12   1.94098510e-12  -3.21415434e-14
  2.17600000e-05   2.41451552e-01   1.19947376e-01  -2.21708248e+00   2.49897996e-12   9.47710550e-14   2.77278872e-13
  2.18400000e-05   2.88290725e-01   1.43027798e-01  -2.29267627e+00   4.10219906e-13  -2.67541029e-12  -1.15321754e-13
  2.19200000e-05   3.34630435e-01   1.66699443e-01  -2.36050610e+00  -1.80561598e-12  -2.23081367e-12  -4.13508551e-13
  2.20000000e-05   3.63400760e-01   1.81124540e-01  -2.41436511e+00  -2.50148998e-12  -1.71185217e-12  -5.04936802e-13
  2.20800000e-05   3.75557044e-01   1.87178679e-01  -2.44791761e+00  -2.46669949e-12  -1.98329065e-12  -5.30089773e-13
  2.21600000e-05   3.72769124e-01   1.85680846e-01  -2.44764089e+00  -2.06918592e-12  -2.49488154e-12  -5.04396026e-13
  2.22400000e-05   3.56181088e-01   1.77716149e-01  -2.41281877e+00  -1.98912828e-12  -2.56087913e-12  -4.82257293e-13
  2.23200000e-05   3.33539559e-01   1.66114031e-01  -2.34213435e+00  -2.75221878e-12  -1.55908719e-12  -5.02516048e-13
  2.24000000e-05   2.99475720e-01   1.49136666e-01  -2.25120162e+00  -2.69581429e-12   1.45169896e-12  -2.62450674e-13
  2.24800000e-05   2.32126236e-01   1.15203331e-01  -2.17428863e+00   1.73431575e-12   2.36383733e-12   3.10401349e-13
  2.25600000e-05   2.00650163e-01   9.90293513e-02  -2.09206429e+00   1.64697362e-13  -2.81295653e-12  -1.17357153e-13
  2.26400000e-05   1.59215939e-01   7.85897421e-02  -2.00282653e+00  -2.81579277e-13   2.66798252e-12   8.23057547e-14
  2.27200000e-05   1.21464966e-01   6.00725901e-02  -1.95275829e+00  -1.04351318e-12  -2.39101290e-12  -1.38462928e-13
  2.28000000e-05   7.54447931e-02   3.68132038e-02  -1.90892681e+00   2.47566035e-12   6.00504074e-13   1.09423871e-13
  2.28800000e-05   4.50150046e-02   2.22634810e-02  -1.87116046e+00  -1.38605346e-12   2.09507446e-12  -8.41699711e-15
  2.29600000e-05   8.03737992e-03   3.79720705e-03  -1.87239614e+00  -1.81351610e-12  -1.77888643e-12  -1.13922035e-14
  2.30400000e-05  -2.72733260e-02  -1.30681455e-02  -1.87690349e+00   2.08418034e-12  -1.52042758e-12  -1.96991274e-14
  2.31200000e-05  -6.36872518e-02  -3.12957321e-02  -1.88730270e+00   8.98654213e-13   2.48418329e-12  -7.15185498e-14
  2.32000000e-05  -1.09105448e-01  -5.35768249e-02  -1.92472014e+00  -2.73273784e-12  -3.99217836e-13   1.66021753e-13
  2.32800000e-05  -1.33755339e-01  -6.57359046e-02  -1.99155791e+00   2.50988077e-12  -1.53823482e-12  -1.17793560e-13
  2.33600000e-05  -1.93976088e-01  -9.57125698e-02  -2.03534385e+00  -2.25411682e-12   2.15662675e-12   1.13410064e-13
  2.34400000e-05  -2.09202966e-01  -1.02963007e-01  -2.13750975e+00   3.12242441e-12  -1.31822221e-12  -2.42100569e-13
  2.35200000e-05  -2.76700921e-01  -1.36768544e-01  -2.19201352e+00  -2.99537305e-12  -1.97050691e-12   5.01057968e-13
  2.36000000e-05  -2.99492339e-01  -1.49029668e-01  -2.24810215e+00  -2.03948982e-12   3.25728502e-12   5.57712519e-14
  2.36800000e-05  -2.87866579e-01  -1.43337125e-01  -2.29416127e+00   2.38680759e-12   3.19910595e-12  -4.99368897e-13
  2.37600000e-05  -2.77154515e-01  -1.37544739e-01  -2.29983277e+00   4.01257197e-12  -7.30893117e-13  -4.39845866e-13
  2.38400000e-05  -2.82573847e-01  -1.39429356e-01  -2.24886504e+00   2.93133424e-13  -4.03422153e-12   2.13288508e-13
  2.39200000e-05  -2.68295560e-01  -1.32676823e-01  -2.15520816e+00  -3.80360747e-12   6.53620327e-13   4.33262433e-13
  2.40000000e-05  -1.92733094e-01  -9.55144783e-02  -2.09369563e+00   3.20178019e-12   1.90511316e-12  -3.81648068e-13
  2.40800000e-05  -1.74372866e-01  -8.58423817e-02  -2.00109788e+00  -2.99708953e-12  -1.89949734e-12   3.42646142e-13
  2.41600000e-05  -1.08189155e-01  -5.34160162e-02  -1.95364842e+00   3.44919194e-12   1.07194397e-13  -1.93940248e-13
  2.42400000e-05  -7.74353659e-02  -3.81020990e-02  -1.89057649e+00  -1.92542906e-12   2.73798178e-12   2.36824329e-14
  2.43200000e-05  -3.39417188e-02  -1.64960450e-02  -1.86806829e+00  -2.06947042e-12  -2.60638324e-12   6.06168407e-14
  2.44000000e-05   1.01430288e-02   4.94206671e-03  -1.87447237e+00   2.95179599e-12  -1.63602911e-12   1.16591671e-14
  2.44800000e-05   5.20472867e-02   2.58981370e-02  -1.87854513e+00   9.81521426e-13   3.29857293e-12   7.26692260e-14
  2.45600000e-05   1.05470528e-01   5.15701195e-02  -1.91092095e+00  -3.55297347e-12  -4.96922383e-13  -2.09511720e-13
  2.46400000e-05   1.31935736e-01   6.44513167e-02  -1.99053563e+00   3.13622591e-12  -2.23920304e-12   1.35370945e-13
  2.47200000e-05   1.97155089e-01   9.75410186e-02  -2.02885418e+00  -2.62901284e-12   3.11267781e-12  -1.05827958e-13
  2.48000000e-05   2.09798641e-01   1.03694414e-01  -2.12934733e+00   3.79384342e-12  -2.26534679e-12   2.63479508e-13
  2.48800000e-05   2.80912214e-01   1.38164700e-01  -2.16314445e+00  -4.36262827e-12  -1.49261411e-12  -6.61880044e-13
  2.49600000e-05   2.69451694e-01   1.34126047e-01  -2.18979316e+00   4.19322284e-14   4.81430588e-12   3.00038625e-13
  2.50400000e-05   2.39542340e-01   1.18120997e-01  -2.19862282e+00   4.60030781e-12  -1.63000285e-12   4.13636632e-13
  2.51200000e-05   2.56369673e-01   1.25723952e-01  -2.11884499e+00  -3.89183676e-12  -2.64756176e-12  -6.27988762e-13
  2.52000000e-05   1.85003478e-01   9.14184837e-02  -2.05151505e+00   2.44359858e-12   3.83872724e-12   3.91420409e-13
  2.52800000e-05   1.57319541e-01   7.69020160e-02  -1.97178669e+00  -3.15360037e-12  -3.00103995e-12  -3.68654981e-13
  2.53600000e-05   8.79967574e-02   4.29421038e-02  -1.93137106e+00   4.24451464e-12  -1.43238229e-14   1.93069285e-13
  2.54400000e-05   4.91686063e-02   2.45239925e-02  -1.87297155e+00  -1.59269790e-12   3.81240107e-12   8.10720243e-15
  2.55200000e-05  -5.54953407e-04  -2.74190168e-04  -1.86275765e+00  -3.48513782e-12  -2.25216270e-12   1.36980244e-15
  2.56000000e-05  -4.55889155e-02  -2.22596854e-02  -1.89914723e+00   3.00302025e-12  -3.07925717e-12  -3.59957035e-14
  2.56800000e-05  -9.51368016e-02  -4.69195352e-02  -1.91348748e+00   1.67937368e-12   4.10411893e-12  -1.84131643e-13
  2.57600000e-05  -1.63268567e-01  -7.98684353e-02  -1.96795541e+00  -4.33829570e-12  -1.81643922e-12   4.33639642e-13
  2.58400000e-05  -1.76254628e-01  -8.63791270e-02  -2.06124988e+00   5.00210203e-12   9.60214267e-13  -4.67961751e-13
  2.59200000e-05  -2.57579178e-01  -1.26133938e-01  -2.10462757e+00  -4.69568849e-12  -2.59916710e-12   7.30464045e-13
  2.60000000e-05  -2.42989923e-01  -1.19888553e-01  -2.13631661e+00   1.83076714e-12   5.29611803e-12  -5.05450310e-13
  2.60800000e-05  -2.35320907e-01  -1.14432458e-01  -2.13604807e+00   2.37878863e-12  -5.17392555e-12   1.51149779e-14
  2.61600000e-05  -2.31919604e-01  -1.14126525e-01  -2.04741954e+00  -4.28270962e-12   3.38954536e-12   2.96181253e-13
  2.62400000e-05  -1.54919783e-01  -7.50520109e-02  -2.01427763e+00   3.90780183e-12  -3.63050434e-12  -1.65279680e-13
  2.63200000e-05  -1.15414946e-01  -5.64011493e-02  -1.92101065e+00  -8.63028882e-13   4.99067432e-12  -9.46758598e-14
  2.64000000e-05  -6.38121814e-02  -3.08703833e-02  -1.87806866e+00  -4.08854067e-12  -2.79060930e-12   1.84788706e-13
  2.64800000e-05  -2.07827854e-03  -8.58360372e-04  -1.88464923e+00   3.57089923e-12  -3.49917243e-12  -2.34408198e-15
  2.65600000e-05   5.03912431e-02   2.49488073e-02  -1.87981141e+00   2.77665323e-12   4.24189723e-12   1.30730818e-13
  2.66400000e-05   1.23033707e-01   6.00924984e-02  -1.90810019e+00  -5.22111255e-12   8.77308059e-13  -3.09026331e-13
  2.67200000e-05   1.53509685e-01   7.45307092e-02  -2.02496124e+00   3.85858883e-12  -4.34892465e-12   1.32448125e-13
  2.68000000e-05   2.26385548e-01   1.11039519e-01  -2.03839120e+00  -3.49810054e-12   4.96297648e-12  -1.18148511e-13
  2.68800000e-05   2.16205220e-01   1.04831590e-01  -2.13082413e+00   5.29489422e-12  -3.76694970e-12   3.51924137e-13
  2.69600000e-05   2.64190628e-01   1.28994906e-01  -2.06755296e+00  -6.30628766e-12   9.65685109e-13  -7.45564283e-13
  2.70400000e-05   1.77295850e-01   8.66191727e-02  -2.04705253e+00   6.29586594e-12   3.74548134e-13   5.61135553e-13
  2.71200000e-05   1.66403358e-01   8.11274008e-02  -1.93955800e+00  -5.67977434e-12   1.79568561e-12  -4.12183712e-13
  2.72000000e-05   8.57692585e-02   4.08797297e-02  -1.91673167e+00   1.97947370e-12  -5.52194121e-12  -2.91942129e-14
  2.72800000e-05   2.31964918e-02   1.15354196e-02  -1.87912164e+00   4.65433346e-12   3.40264791e-12   7.83425494e-14
  2.73600000e-05  -4.01101066e-02  -1.99970123e-02  -1.85470817e+00  -4.06400383e-12   4.10896339e-12   4.35867143e-14
  2.74400000e-05  -1.07453997e-01  -5.15704689e-02  -1.91447868e+00  -2.80011533e-12  -5.42953395e-12   3.03417950e-13
  2.75200000e-05  -1.42420381e-01  -6.89724380e-02  -1.99172428e+00   6.28181706e-12   1.85670389e-12  -5.13484817e-13
  2.76000000e-05  -2.39501888e-01  -1.15894009e-01  -2.01629233e+00  -6.86376230e-12   1.83978993e-14   8.14242953e-13
  2.76800000e-05  -2.03913950e-01  -9.89365345e-02  -2.09556155e+00   7.19661766e-12   1.18712246e-12  -7.56332121e-13
  2.77600000e-05  -2.48887493e-01  -1.19845259e-01  -2.02468422e+00  -6.73907587e-12  -2.26094237e-12   9.62241371e-13
  2.78400000e-05  -1.49793452e-01  -7.24229099e-02  -2.00187741e+00   6.96119403e-12   7.93412638e-13  -5.49585370e-13
  2.79200000e-05  -1.18470276e-01  -5.72995538e-02  -1.89059255e+00  -5.12168047e-12   4.16636295e-12   1.94667095e-13
  2.80000000e-05  -4.15299483e-02  -1.96235955e-02  -1.88708514e+00  -2.28850902e-12  -6.19149661e-12   1.14748975e-13
  2.80800000e-05   2.67025825e-02   1.21883620e-02  -1.89721458e+00   6.61167474e-12  -1.15635266e-12   8.56280292e-14
  2.81600000e-05   1.02950156e-01   4.95738782e-02  -1.89341159e+00  -9.93205069e-13   6.79808779e-12   1.23986227e-13
  2.82400000e-05   1.83082696e-01   8.74092051e-02  -1.96925078e+00  -4.88281828e-12  -5.50975910e-12  -6.98521087e-13
  2.83200000e-05   1.91520392e-01   9.24929929e-02  -2.04167855e+00   6.75159921e-12   4.02770080e-12   8.15800817e-13
  2.84000000e-05   2.60179186e-01   1.24484204e-01  -2.02871468e+00  -6.94716919e-12  -3.89919571e-12  -1.13022158e-12
  2.84800000e-05   1.76172751e-01   8.49501215e-02  -2.02174153e+00   7.29854115e-12   3.20598022e-12   7.70698162e-13
  2.85600000e-05   1.59568264e-01   7.66196665e-02  -1.91485285e+00  -7.38812709e-12   1.46643158e-12  -5.56989597e-13
  2.86400000e-05   6.56806586e-02   3.07507977e-02  -1.90488604e+00   1.94762672e-12  -7.22390155e-12  -4.94619241e-14
  2.87200000e-05  -9.11731808e-03  -4.07511853e-03  -1.88331110e+00   6.66953298e-12   3.32288088e-12  -3.94780167e-14
  2.88000000e-05  -9.50382081e-02  -4.57200187e-02  -1.87486203e+00  -4.78366634e-12   5.89812004e-12   9.86573497e-14
  2.88800000e-05  -1.70045286e-01  -8.02301064e-02  -1.95858737e+00  -2.52306382e-12  -7.77422163e-12   5.37510737e-13
  2.89600000e-05  -1.94453706e-01  -9.35126892e-02  -2.01756869e+00   6.00837947e-12   6.23200899e-12  -8.67937526e-13
  2.90400000e-05  -2.57390406e-01  -1.21943411e-01  -2.00420127e+00  -7.20226105e-12  -4.98216141e-12   1.22808756e-12
  2.91200000e-05  -1.68630658e-01  -8.05586973e-02  -1.99265069e+00   8.32269954e-12   2.63092021e-12  -8.10681876e-13
  2.92000000e-05  -1.36994603e-01  -6.51295768e-02  -1.88591384e+00  -7.19167047e-12   4.03282071e-12   3.83137403e-13
  2.92800000e-05  -4.16441277e-02  -1.91970396e-02  -1.87503962e+00  -1.84181587e-12  -7.99312148e-12   1.22741451e-13
  2.93600000e-05   3.97598735e-02   1.88311524e-02  -1.90439289e+00   8.41467560e-12  -5.57688335e-13   1.70166842e-13
  2.94400000e-05   1.35443794e-01   6.46054297e-02  -1.90275654e+00  -2.47818982e-12   8.32112450e-12   1.06127288e-13
  2.95200000e-05   2.15084546e-01   9.97632796e-02  -1.97058684e+00  -4.40053883e-12  -8.15271679e-12  -8.93048519e-13
  2.96000000e-05   2.00182822e-01   9.55243456e-02  -2.01993582e+00   7.11899450e-12   6.57273491e-12   1.01634744e-12
  2.96800000e-05   2.22985292e-01   1.04410737e-01  -1.94178472e+00  -8.89226300e-12  -2.92269274e-12  -1.17829970e-12
  2.97600000e-05   1.07538885e-01   5.01247537e-02  -1.94945326e+00   8.14575770e-12  -4.60650496e-12   3.30905994e-13
  2.98400000e-05   3.08619753e-02   1.43847176e-02  -1.87152454e+00   1.88915466e-12   8.79614209e-12   9.87606954e-14
  2.99200000e-05  -7.06557551e-02  -3.28338327e-02  -1.85192490e+00  -9.02756413e-12   7.32641081e-13   3.31435657e-13
  3.00000000e-05  -1.46506742e-01  -6.78524486e-02  -1.95819307e+00   3.21800359e-12  -9.32930719e-12   8.25031585e-14
  3.00800000e-05  -2.04046425e-01  -9.67733609e-02  -1.98347856e+00   3.18323460e-12   9.78189257e-12  -8.04724735e-13
  3.01600000e-05  -2.47510686e-01  -1.14138204e-01  -1.97514498e+00  -7.13301351e-12  -7.55056745e-12   1.33018351e-12
  3.02400000e-05  -1.42368261e-01  -6.63596040e-02  -1.96751697e+00   1.01075780e-11   2.10554008e-12  -8.02392626e-13
  3.03200000e-05  -8.08209230e-02  -3.78273087e-02  -1.85198828e+00  -5.89228250e-12   7.72280029e-12   9.93996352e-14
  3.04000000e-05   2.88116381e-02   1.31132518e-02  -1.87056293e+00  -7.04507225e-12  -6.96840250e-12  -1.57363585e-13
  3.04800000e-05   1.11666783e-01   5.11929915e-02  -1.95080685e+00   9.29094889e-12  -5.08303916e-12   3.98437393e-13
  3.05600000e-05   2.11758565e-01   9.89333319e-02  -1.93622519e+00  -2.24498341e-12   1.06479634e-11   2.98541740e-13
  3.06400000e-05   2.46415666e-01   1.11187514e-01  -1.98502038e+00  -4.12750198e-12  -1.05654193e-11  -1.10418204e-12
  3.07200000e-05   1.57760434e-01   7.27193858e-02  -1.95899058e+00   9.43840544e-12   5.96195021e-12   9.81401498e-13
  3.08000000e-05   9.35871441e-02   4.27385596e-02  -1.84583578e+00  -8.77349453e-12   5.79487290e-12  -3.10656984e-13
  3.08800000e-05  -2.79418778e-02  -1.24809523e-02  -1.87762147e+00  -4.79605780e-12  -9.66720988e-12   1.35632688e-13
  3.09600000e-05  -1.17910723e-01  -5.35070044e-02  -1.96051281e+00   1.13586381e-11  -2.01269433e-12  -6.28209103e-13
  3.10400000e-05  -2.33466506e-01  -1.07332080e-01  -1.91377824e+00  -5.61408957e-12   1.02503814e-11   1.09995567e-13
  3.11200000e-05  -2.41062557e-01  -1.06361964e-01  -1.97751393e+00  -1.90755857e-12  -1.20833683e-11   8.82447247e-13
  3.12000000e-05  -1.44316104e-01  -6.52841957e-02  -1.95584726e+00   9.72548377e-12   7.06299611e-12  -9.53369925e-13
  3.12800000e-05  -5.49055139e-02  -2.49961125e-02  -1.82796346e+00  -8.91860589e-12   6.86137798e-12   1.74058656e-13
  3.13600000e-05   7.68143349e-02   3.32554899e-02  -1.87274123e+00  -6.16279299e-12  -9.94493786e-12  -4.29378395e-13
  3.14400000e-05   1.57381306e-01   6.84588337e-02  -1.97933152e+00   1.25767978e-11  -1.83546368e-12   9.36527892e-13
  3.15200000e-05   2.57229319e-01   1.15009314e-01  -1.90950244e+00  -7.50919268e-12   1.02092409e-11  -3.96661829e-13
  3.16000000e-05   2.12461405e-01   9.15378559e-02  -1.95295132e+00  -2.11779405e-12  -1.28061647e-11  -8.30639420e-13
  3.16800000e-05   8.55953020e-02   3.78973102e-02  -1.93337006e+00   1.21167719e-11   3.98422443e-12   6.14538396e-13
  3.17600000e-05  -3.19199097e-02  -1.38627368e-02  -1.83687007e+00  -5.39914769e-12   1.09879027e-11   1.08978331e-14
  3.18400000e-05  -1.72366617e-01  -7.34337282e-02  -1.87872764e+00  -1.01819611e-11  -7.79504867e-12   1.23884358e-12
  3.19200000e-05  -2.09387301e-01  -8.99909885e-02  -2.01408010e+00   1.36320864e-11  -3.75499829e-12  -1.24943877e-12
  3.20000000e-05  -2.36302497e-01  -1.03129570e-01  -1.89336514e+00  -6.82947535e-12   1.16601613e-11   2.17240011e-13
  3.20800000e-05  -1.30919348e-01  -5.47759577e-02  -1.88408430e+00  -7.78811450e-12  -1.08406436e-11   8.56342527e-13
  3.21600000e-05   1.30123622e-02   5.46518614e-03  -1.93530666e+00   1.24695040e-11  -5.85881782e-12   6.72958846e-14
  3.22400000e-05   1.45930316e-01   6.28632251e-02  -1.89903168e+00   2.74985488e-12   1.35753978e-11   6.60694866e-13
  3.23200000e-05   2.71894908e-01   1.13378519e-01  -1.88507186e+00  -1.34939027e-11  -4.03254358e-12  -2.18884347e-12
  3.24000000e-05   2.07821542e-01   8.58485142e-02  -2.00105460e+00   1.28765667e-11  -8.00822150e-12   9.93743011e-13
  3.24800000e-05   1.17419995e-01   5.00214394e-02  -1.87453993e+00   1.23494910e-12   1.41285953e-11   4.54373031e-13
  3.25600000e-05  -2.57523837e-02  -1.07628785e-02  -1.81909182e+00  -1.38756874e-11   3.19387272e-14   1.96245329e-13
  3.26400000e-05  -1.64769777e-01  -6.49030772e-02  -1.94583217e+00   2.73192634e-12  -1.49629747e-11   2.67753927e-13
  3.27200000e-05  -2.32596248e-01  -9.66644251e-02  -1.97399530e+00   1.14181795e-11   1.08551922e-11  -1.87697338e-12
  3.28000000e-05  -2.52679373e-01  -1.01724995e-01  -1.84528628e+00  -1.45036958e-11   3.42997534e-12   1.79694098e-12
  3.28800000e-05  -1.08978148e-01  -4.16533817e-02  -1.92840149e+00   1.30283120e-12  -1.55228075e-11   2.61666098e-13
  3.29600000e-05   3.99315229e-02   1.58032441e-02  -1.94695253e+00   1.53273666e-11   4.01328913e-12   3.46936079e-13
  3.30400000e-05   1.96242246e-01   7.85813707e-02  -1.85481978e+00  -7.29311222e-12   1.37428551e-11  -1.89390009e-13
  3.31200000e-05   2.86278320e-01   1.07886665e-01  -1.90727657e+00  -9.65413449e-12  -1.31214372e-11  -2.19129076e-12
  3.32000000e-05   1.94357806e-01   7.44815432e-02  -1.99882360e+00   1.71168134e-11  -8.39240443e-13   1.63309978e-12
  3.32800000e-05   7.83573605e-02   3.03614534e-02  -1.85268502e+00  -3.55918775e-12   1.55461385e-11   1.04235097e-13
  3.33600000e-05  -8.59959851e-02  -3.13597726e-02  -1.82552162e+00  -1.54143550e-11  -3.99868001e-12   7.94825065e-13
  3.34400000e-05  -2.14585908e-01  -7.77498948e-02  -1.98196859e+00   8.39498040e-12  -1.56730458e-11  -2.94084798e-13
  3.35200000e-05  -2.59230368e-01  -9.84927549e-02  -1.95131936e+00   8.66690438e-12   1.55287131e-11  -1.93519862e-12
  3.36000000e-05  -2.07610126e-01  -7.49897286e-02  -1.82537810e+00  -1.65269921e-11   2.33688921e-12   1.78370071e-12
  3.36800000e-05  -4.81735652e-02  -1.64075033e-02  -1.93344112e+00   3.28089821e-13  -1.77641943e-11   1.42575234e-13
  3.37600000e-05   1.02522881e-01   3.64032786e-02  -1.97489681e+00   1.80399035e-11   3.60788076e-12   1.00301016e-12
  3.38400000e-05   2.51805365e-01   9.05448564e-02  -1.84482559e+00  -8.12056125e-12   1.57861683e-11  -3.33605813e-13
  3.39200000e-05   2.99287493e-01   9.88968219e-02  -1.87438214e+00  -1.22606050e-11  -1.34429655e-11  -2.66696541e-12
  3.40000000e-05   1.83681547e-01   6.16777466e-02  -2.01443295e+00   1.84078448e-11  -6.82379224e-12   1.46954769e-12
  3.40800000e-05   4.38923563e-02   1.49934211e-02  -1.88999288e+00   2.69473432e-12   1.83472198e-11   2.08130853e-13
  3.41600000e-05  -1.13983927e-01  -3.63744168e-02  -1.80582702e+00  -1.79009029e-11   1.85601018e-12   1.09252098e-12
  3.42400000e-05  -2.51876317e-01  -7.74525684e-02  -1.95324005e+00   1.42537100e-12  -1.99379865e-11   6.06802562e-13
  3.43200000e-05  -2.85861142e-01  -9.26319766e-02  -2.00527093e+00   1.79046284e-11   1.03819993e-11  -3.03198065e-12
  3.44000000e-05  -2.32379591e-01  -7.27091905e-02  -1.80554269e+00  -1.39449416e-11   1.27797072e-11   1.28012352e-12
  3.44800000e-05  -9.98856706e-02  -2.82221141e-02  -1.87695049e+00  -1.15625588e-11  -1.59899648e-11   8.55752220e-13
  3.45600000e-05   3.97652882e-02   1.14359283e-02  -2.01384087e+00   1.92039442e-11  -9.44862825e-12   3.25545354e-13
  3.46400000e-05   1.80190511e-01   5.44115886e-02  -1.90721476e+00   5.20162089e-12   1.99858101e-11   1.06162265e-12
  3.47200000e-05   2.95814699e-01   8.25422215e-02  -1.78105386e+00  -1.94361026e-11   2.43774828e-12  -3.11515997e-12
  3.48000000e-05   3.56443355e-01   9.30904880e-02  -1.95560367e+00   2.41985263e-12  -2.20198203e-11  -6.07124770e-13
  3.48800000e-05   2.93943407e-01   8.18552971e-02  -2.00589675e+00   1.99044677e-11   1.07099732e-11   3.35383917e-12
  3.49600000e-05   1.91971212e-01   5.05278632e-02  -1.81911406e+00  -1.32958496e-11   1.60299065e-11  -9.57863771e-13
  3.50400000e-05   9.73398095e-02   2.20863015e-02  -1.88187175e+00  -1.50848020e-11  -1.56500104e-11  -9.63935296e-13
  3.51200000e-05   2.37564595e-02   6.00064716e-03  -2.03769890e+00   2.05681183e-11  -1.20424434e-11   2.04330098e-13
  3.52000000e-05  -5.24421717e-02  -1.31015294e-02  -1.92427005e+00   6.18951077e-12   2.19496133e-11  -3.18128368e-13
  3.52800000e-05  -1.21249170e-01  -2.53346452e-02  -1.81119365e+00  -2.13486613e-11   3.97970170e-12   1.37350478e-12
  3.53600000e-05  -2.63459992e-01  -5.30764352e-02  -1.89905640e+00  -4.05310328e-12  -2.28075311e-11   1.19973952e-12
  3.54400000e-05  -5.19758593e-01  -1.14603802e-01  -2.02612099e+00   2.44992790e-11  -4.25363884e-12  -6.04417391e-12
  3.55200000e-05  -7.09549674e-01  -1.61272620e-01  -1.78658028e+00  -1.61411874e-13   2.39961978e-11  -2.10200459e-12
  3.56000000e-05  -4.64861086e-01  -8.43584550e-02  -1.64088443e+00  -2.05695361e-11   2.49001412e-12   5.69931859e-12
  3.56800000e-05  -3.39918592e-01  -5.24086141e-02  -1.90275892e+00  -4.17901695e-12  -2.43287666e-11   1.41666002e-12
  3.57600000e-05  -3.80231396e-01  -6.50945040e-02  -2.06268548e+00   2.66809133e-11   1.13517753e-12  -4.95413132e-12
  3.58400000e-05  -5.78275904e-01  -1.00857259e-01  -1.76970499e+00  -1.96788973e-12   2.41630166e-11  -7.34038964e-13
  3.59200000e-05  -8.11768073e-01  -1.17117212e-01  -1.38683572e+00  -1.81750104e-11   4.78859232e-12   1.02341369e-11
  3.60000000e-05  -5.03911238e-01  -5.04420445e-02  -1.72243515e+00  -1.21399913e-11  -2.03080300e-11   4.14637183e-12
  3.60800000e-05  -5.02756623e-01  -5.00114215e-02  -2.06341374e+00   2.43101706e-11  -1.45560784e-11  -5.57044322e-12
  3.61600000e-05  -8.56078601e-01  -9.36180092e-02  -1.89235134e+00   1.38142612e-11   2.35427552e-11  -7.41411964e-12
  3.62400000e-05  -7.28152506e-01  -5.82388053e-02  -1.51317622e+00  -1.37768024e-11   1.77251503e-11   5.94730576e-12
  3.63200000e-05  -3.53790913e-01  -1.22649985e-02  -1.66534143e+00  -2.27577464e-11  -5.98430222e-12   4.87880817e-12
  3.64000000e-05  -7.47879751e-01  -1.00109556e-02  -1.69486473e+00  -3.73893110e-12  -2.57712383e-11   1.80207041e-12
  3.64800000e-05  -9.39489829e-01   2.68145905e-03  -2.02040143e+00   2.56415382e-11  -1.43990963e-11  -1.19424658e-11
  3.65600000e-05  -5.65784115e-01   8.02607716e-04  -2.01331346e+00   1.74574734e-11   2.46524441e-11  -4.89609545e-12
  3.66400000e-05  -7.91241768e-01   1.60871122e-02  -1.47751538e+00  -1.31236568e-11   1.96420671e-11   7.24186680e-12
  3.67200000e-05  -5.85782455e-01   3.31393153e-02  -1.40504532e+00  -2.08923039e-11   3.29811288e-13   8.71806382e-12
  3.68000000e-05  -4.30347470e-01   3.87646866e-02  -1.73687854e+00  -1.32184812e-11  -2.35195045e-11   2.75022900e-12
  3.68800000e-05  -8.70521377e-01   1.11868058e-01  -1.90847872e+00   1.50778134e-11  -2.68912184e-11  -8.45376328e-12
  3.69600000e-05  -7.34629577e-01   1.00060575e-01  -2.07488858e+00   3.11848004e-11   7.20603946e-12  -1.06937001e-11
  3.70400000e-05  -4.20066797e-01   5.35889655e-02  -1.94012324e+00   4.38452141e-12   3.08680886e-11  -9.66963987e-14
  3.71200000e-05  -4.82555173e-01   7.19563226e-02  -1.59705237e+00  -2.16744834e-11   1.33664515e-11   7.15125877e-12
  3.72000000e-05  -6.56332789e-01   1.33448472e-01  -1.44742056e+00  -2.18049656e-11  -1.00411497e-11   8.96169238e-12
  3.72800000e-05  -3.74237678e-01   8.77396610e-02  -1.77197437e+00  -7.13179233e-12  -2.84332782e-11   9.83418337e-14
  3.73600000e-05  -2.08656309e-01   5.21700577e-02  -2.00655573e+00   2.54883026e-11  -2.09277225e-11  -3.19457643e-12
  3.74400000e-05  -1.35131976e-01   3.19464446e-02  -2.07350631e+00   2.87690753e-11   1.91411984e-11  -1.57999459e-12
  3.75200000e-05  -1.03885328e-01   2.38363753e-02  -1.92771329e+00  -8.08639517e-12   3.14993167e-11   8.25271765e-13
  3.76000000e-05  -8.40793353e-02   2.10169087e-02  -1.77272268e+00  -2.95889498e-11   6.15742807e-12   1.47638961e-12
  3.76800000e-05  -6.41160422e-02   1.91939867e-02  -1.76745185e+00  -2.06332396e-11  -2.24596278e-11   5.04586229e-13
  3.77600000e-05  -1.50754396e-02   4.83658836e-03  -1.91569628e+00   9.73506654e-12  -3.19605318e-11  -1.57300689e-13
  3.78400000e-05   3.55691504e-02  -1.16394049e-02  -2.06939177e+00   3.60338514e-11  -5.94887311e-12   6.52817336e-13
  3.79200000e-05   5.73126616e-02  -1.86230114e-02  -2.06746182e+00   2.14494353e-11   3.00847445e-11   3.23612113e-13
  3.80000000e-05   1.93788194e-02  -6.23743481e-03  -1.90655042e+00  -1.36455473e-11   3.16174025e-11  -2.42136835e-13
  3.80800000e-05  -5.05414745e-02   1.82588700e-02  -1.76587988e+00  -3.12834867e-11   7.92352683e-12   9.77296480e-13
  3.81600000e-05  -4.79610335e-02   1.92050878e-02  -1.74273989e+00  -2.64978226e-11  -1.83333658e-11   5.27198041e-13
  3.82400000e-05   2.34884314e-02  -1.01045322e-02  -1.83645640e+00  -4.68062023e-12  -3.39925535e-11   1.27167966e-13
  3.83200000e-05   2.56309117e-02  -1.17560105e-02  -1.96157252e+00   2.47002134e-11  -2.76610988e-11   4.88522931e-13
  3.84000000e-05  -9.56409407e-03   4.02765230e-03  -2.02619403e+00   3.87101544e-11   6.28016746e-13  -1.81472317e-13
  3.84800000e-05  -1.54191672e-02   6.78184776e-03  -2.04356796e+00   2.56834361e-11   3.00310839e-11  -9.41250603e-14
  3.85600000e-05   2.09765385e-02  -8.68344113e-03  -1.99154370e+00  -2.73948577e-12   3.88365636e-11  -1.98187939e-13
