       time             b_x              b_y              b_z              F_x              F_y              F_z
  0.00000000e+00  -1.38441553e+00  -8.56171574e-01  -5.60504647e+00   4.09016531e-14  -5.61110234e-14  -1.53151639e-15
  8.00000000e-08  -1.36365067e+00  -8.44444565e-01  -5.53879965e+00   7.01541795e-14  -3.51713523e-14  -1.19097171e-14
  1.60000000e-07  -1.34895573e+00  -8.35187271e-01  -5.47907325e+00   7.64940236e-14  -4.19261369e-14  -1.24420449e-14
  2.40000000e-07  -1.33461099e+00  -8.26143891e-01  -5.41907378e+00   5.27278712e-14  -8.20580042e-14  -4.75999672e-16
  3.20000000e-07  -1.32107377e+00  -8.17605983e-01  -5.35840683e+00  -4.11418135e-14  -9.63532218e-14   2.48451350e-14
  4.00000000e-07  -1.30704681e+00  -8.08780687e-01  -5.29722096e+00  -1.09657209e-13   3.96625694e-14   2.10013487e-14
  4.80000000e-07  -1.28938533e+00  -7.98168891e-01  -5.23610652e+00   8.14982858e-14   9.51832839e-14  -3.45781793e-14
  5.60000000e-07  -1.27568819e+00  -7.89591073e-01  -5.17459431e+00  -2.30325352e-15  -1.40515400e-13   2.20090565e-14
  6.40000000e-07  -1.26052848e+00  -7.80172871e-01  -5.11158485e+00  -2.62131973e-14   1.52017514e-13  -1.67379514e-14
  7.20000000e-07  -1.24545775e+00  -7.70731313e-01  -5.04946057e+00  -2.16821459e-14  -1.64624326e-13   3.04755959e-14
  8.00000000e-07  -1.22720014e+00  -7.59391427e-01  -4.98600922e+00   1.44147858e-13   1.00739277e-13  -5.08219710e-14
  8.80000000e-07  -1.19674225e+00  -7.40470854e-01  -4.95236260e+00  -1.58586316e-13   1.17334249e-13   2.07788408e-14
  9.60000000e-07  -1.18612308e+00  -7.33768511e-01  -4.89905938e+00  -1.24115200e-13  -1.66635161e-13   5.50080161e-14
  1.04000000e-06  -1.17266599e+00  -7.25333863e-01  -4.84506196e+00   1.03621389e-13  -2.07717458e-13   6.01668844e-15
  1.12000000e-06  -1.16015818e+00  -7.17500175e-01  -4.78902026e+00   2.22264491e-13  -1.08529664e-13  -3.75842876e-14
  1.20000000e-06  -1.14847744e+00  -7.10169894e-01  -4.73118754e+00   2.56587672e-13  -5.98914794e-14  -5.32957161e-14
  1.28000000e-06  -1.13705372e+00  -7.02981355e-01  -4.67163615e+00   2.54891897e-13  -1.26996428e-13  -4.29292121e-14
  1.36000000e-06  -1.12713024e+00  -6.96705818e-01  -4.60950341e+00   1.25297132e-13  -2.80683853e-13   1.17860608e-14
  1.44000000e-06  -1.11980681e+00  -6.92060299e-01  -4.54314082e+00  -2.22464598e-13  -2.23214543e-13   8.88361844e-14
  1.52000000e-06  -1.07152297e+00  -6.62370372e-01  -4.51023776e+00  -2.06662693e-13   2.79301532e-13   8.08000908e-15
  1.60000000e-06  -1.05551717e+00  -6.52382452e-01  -4.45339649e+00   3.53128449e-13   5.53583830e-14  -9.18058793e-14
  1.68000000e-06  -1.05399695e+00  -6.51342019e-01  -4.38954068e+00  -2.61365564e-13  -2.71460515e-13   1.03038605e-13
  1.76000000e-06  -1.03704822e+00  -6.40849852e-01  -4.32459459e+00   2.34849993e-13   3.21910304e-13  -1.04020603e-13
  1.84000000e-06  -1.03503926e+00  -6.39474232e-01  -4.25417460e+00  -3.57668511e-13  -2.12506847e-13   1.18963994e-13
  1.92000000e-06  -1.01331262e+00  -6.25954812e-01  -4.18362208e+00   4.07112751e-13  -1.84218367e-13  -7.10437293e-14
  2.00000000e-06  -9.63299311e-01  -5.95227801e-01  -4.13789007e+00   1.54327841e-13   4.34155636e-13  -9.83799474e-14
  2.08000000e-06  -9.60855706e-01  -5.93581553e-01  -4.06382268e+00  -3.56621024e-13   3.34977211e-13   3.53915671e-14
  2.16000000e-06  -9.53675628e-01  -5.88974000e-01  -3.98680281e+00  -4.91656425e-13   7.55511645e-14   1.06446970e-13
  2.24000000e-06  -9.44413447e-01  -5.83096347e-01  -3.90440005e+00  -5.06945387e-13   7.85806744e-14   1.10886674e-13
  2.32000000e-06  -9.32402434e-01  -5.75543065e-01  -3.81587546e+00  -3.75400706e-13   3.84587223e-13   3.37217564e-14
  2.40000000e-06  -8.63191182e-01  -5.32475641e-01  -3.77548421e+00   2.12550209e-13   5.03594588e-13  -1.19619973e-13
  2.48000000e-06  -8.39884685e-01  -5.17894428e-01  -3.70207318e+00   4.64222825e-13  -3.30899408e-13  -5.90271102e-14
  2.56000000e-06  -8.29766017e-01  -5.11639229e-01  -3.61458638e+00  -5.62646353e-13  -6.94985044e-14   1.38998749e-13
  2.64000000e-06  -7.88255640e-01  -4.86145299e-01  -3.54183752e+00   5.64109186e-13   1.15978223e-13  -1.41464568e-13
  2.72000000e-06  -7.82058475e-01  -4.82079429e-01  -3.45607780e+00  -5.56529852e-13   2.03637925e-13   9.75294111e-14
  2.80000000e-06  -7.55349414e-01  -4.65153028e-01  -3.37450060e+00   2.43076403e-14  -6.00420648e-13   7.73230624e-14
  2.88000000e-06  -7.18160261e-01  -4.41992155e-01  -3.30011865e+00   5.73700629e-13  -1.75696290e-13  -1.01315330e-13
  2.96000000e-06  -6.99262234e-01  -4.30377273e-01  -3.21400826e+00   5.58932030e-13   1.93879787e-13  -1.47566987e-13
  3.04000000e-06  -6.67207428e-01  -4.10718093e-01  -3.13636376e+00   5.72959342e-13   1.57156011e-13  -1.42467386e-13
  3.12000000e-06  -6.51724802e-01  -4.00718676e-01  -3.05494818e+00   5.49359105e-13  -2.49583149e-13  -8.44591496e-14
  3.20000000e-06  -6.27377664e-01  -3.85290941e-01  -2.97849873e+00  -1.09318308e-13  -5.88646344e-13   9.91720981e-14
  3.28000000e-06  -6.08076375e-01  -3.73745908e-01  -2.89982070e+00  -4.97669156e-13   3.36169500e-13   6.10309741e-14
  3.36000000e-06  -5.71588127e-01  -3.51383349e-01  -2.82899090e+00   5.90578275e-13  -1.03561933e-14  -1.18038038e-13
  3.44000000e-06  -5.62691529e-01  -3.45840360e-01  -2.75131868e+00  -5.84179167e-13   2.02247278e-14   1.16932344e-13
  3.52000000e-06  -5.27595010e-01  -3.23853985e-01  -2.68585492e+00   4.70962970e-13  -3.49586480e-13  -5.03611484e-14
  3.60000000e-06  -5.11094991e-01  -3.13691419e-01  -2.61115852e+00   1.23859679e-13   5.59398015e-13  -9.14469256e-14
  3.68000000e-06  -4.94413268e-01  -3.03522121e-01  -2.54469151e+00  -5.22803222e-13   2.19386561e-13   7.54088163e-14
  3.76000000e-06  -4.70517450e-01  -2.88762594e-01  -2.48311763e+00  -4.84124844e-13  -2.61377668e-13   1.22130856e-13
  3.84000000e-06  -4.53697464e-01  -2.77933425e-01  -2.41944730e+00  -3.45273220e-13  -4.18556895e-13   1.12827643e-13
  3.92000000e-06  -4.31442104e-01  -2.64220113e-01  -2.36054750e+00  -3.88117524e-13  -3.64613530e-13   1.11748850e-13
  4.00000000e-06  -4.08304998e-01  -2.50287295e-01  -2.30677554e+00  -5.21285970e-13  -8.32398491e-14   1.01300512e-13
  4.08000000e-06  -3.87532286e-01  -2.37189661e-01  -2.25063557e+00  -3.43295736e-13   4.00136817e-13   1.69418212e-14
  4.16000000e-06  -3.63011801e-01  -2.22683026e-01  -2.20297113e+00   3.43036410e-13   3.78087889e-13  -9.47447825e-14
  4.24000000e-06  -3.45670465e-01  -2.11400879e-01  -2.15502302e+00   2.62143636e-13  -4.37863387e-13   9.04580626e-16
  4.32000000e-06  -3.33428393e-01  -2.04045885e-01  -2.10688460e+00  -4.90548792e-13   7.68667540e-14   7.01882538e-14
  4.40000000e-06  -3.07993237e-01  -1.88161626e-01  -2.06544631e+00   4.50256915e-13   1.81964560e-13  -8.37179020e-14
  4.48000000e-06  -3.01180389e-01  -1.83822447e-01  -2.01814336e+00  -4.05505703e-13  -2.50739351e-13   8.33547755e-14
  4.56000000e-06  -2.77493135e-01  -1.69020560e-01  -1.98937494e+00   4.28939270e-13   1.96625890e-13  -7.65373675e-14
  4.64000000e-06  -2.64981313e-01  -1.61825284e-01  -1.94928996e+00  -4.67498538e-13   6.64195044e-15   6.29991144e-14
  4.72000000e-06  -2.44176134e-01  -1.49268193e-01  -1.91619078e+00   3.42125358e-13  -3.14191935e-13  -1.91212615e-14
  4.80000000e-06  -2.30616806e-01  -1.41011210e-01  -1.88334855e+00   7.73440151e-14   4.49914677e-13  -4.31570901e-14
  4.88000000e-06  -2.19462841e-01  -1.33833564e-01  -1.84953708e+00  -4.44691579e-13  -5.85115957e-14   5.70002589e-14
  4.96000000e-06  -2.02442885e-01  -1.23585725e-01  -1.82635441e+00   8.77372043e-14  -4.38408832e-13   1.99409822e-14
  5.04000000e-06  -1.86317956e-01  -1.13628245e-01  -1.79794847e+00   4.39273704e-13   1.77495766e-14  -4.66428448e-14
  5.12000000e-06  -1.74283900e-01  -1.07085440e-01  -1.77442155e+00   1.39406560e-13   4.13439631e-13  -3.86434012e-14
  5.20000000e-06  -1.63267699e-01  -9.99051442e-02  -1.74728024e+00  -2.75648584e-13   3.33413388e-13   6.69314347e-15
  5.28000000e-06  -1.51084176e-01  -9.23835208e-02  -1.72698236e+00  -4.27031066e-13   2.26833891e-14   3.61451669e-14
  5.36000000e-06  -1.38742521e-01  -8.40670373e-02  -1.70820076e+00  -3.46779896e-13  -2.45204313e-13   4.02333956e-14
  5.44000000e-06  -1.25932415e-01  -7.63200644e-02  -1.69237958e+00  -1.80711340e-13  -3.83685536e-13   3.07497921e-14
  5.52000000e-06  -1.13296353e-01  -6.86355322e-02  -1.67714302e+00  -2.76058057e-14  -4.22175420e-13   1.91420001e-14
  5.60000000e-06  -1.01263753e-01  -6.13373087e-02  -1.66376920e+00   8.19303952e-14  -4.14084350e-13   1.02792144e-14
  5.68000000e-06  -8.95377600e-02  -5.43635517e-02  -1.65154628e+00   1.41548102e-13  -3.96890599e-13   5.39039249e-15
  5.76000000e-06  -7.84084809e-02  -4.78364586e-02  -1.64064053e+00   1.65037153e-13  -3.87414430e-13   3.40856013e-15
  5.84000000e-06  -6.76510389e-02  -4.12695082e-02  -1.63190914e+00   1.54016865e-13  -3.92269360e-13   3.53534550e-15
  5.92000000e-06  -5.67084883e-02  -3.46682438e-02  -1.62326419e+00   1.17934047e-13  -4.05133470e-13   4.53247502e-15
  6.00000000e-06  -4.60855895e-02  -2.79561232e-02  -1.61837030e+00   5.40725763e-14  -4.20136201e-13   5.71773519e-15
  6.08000000e-06  -3.54072320e-02  -2.14234131e-02  -1.61071393e+00  -2.82957444e-14  -4.23788572e-13   6.25863564e-15
  6.16000000e-06  -2.48483157e-02  -1.51435060e-02  -1.60972809e+00  -1.28221137e-13  -4.08220524e-13   5.81959732e-15
  6.24000000e-06  -1.39946927e-02  -8.45768881e-03  -1.60396241e+00  -2.28398415e-13  -3.64529041e-13   3.91495386e-15
  6.32000000e-06  -3.63838084e-03  -2.21951614e-03  -1.60577384e+00  -3.21356716e-13  -2.92535086e-13   1.13247857e-15
  6.40000000e-06   7.33701918e-03   4.28346762e-03  -1.60301057e+00  -3.90858438e-13  -1.97547840e-13  -2.31684413e-15
  6.48000000e-06   1.84003119e-02   1.11474917e-02  -1.60766676e+00  -4.34028293e-13  -9.10532684e-14  -5.59896600e-15
  6.56000000e-06   2.89596339e-02   1.74264843e-02  -1.60645976e+00  -4.47340739e-13   1.72277526e-14  -7.87732449e-15
  6.64000000e-06   3.99322756e-02   2.44375836e-02  -1.61430905e+00  -4.40768620e-13   1.11564556e-13  -9.21417485e-15
  6.72000000e-06   5.15806860e-02   3.13984674e-02  -1.61663528e+00  -4.19300654e-13   1.90882586e-13  -9.67094736e-15
  6.80000000e-06   6.24977439e-02   3.84301664e-02  -1.62494865e+00  -4.00905734e-13   2.42996465e-13  -9.67249598e-15
  6.88000000e-06   7.37555194e-02   4.49557060e-02  -1.63205020e+00  -3.92091117e-13   2.71566758e-13  -1.02389060e-14
  6.96000000e-06   8.48267663e-02   5.16789445e-02  -1.64328037e+00  -4.06028874e-13   2.68289835e-13  -1.25220147e-14
  7.04000000e-06   9.63524332e-02   5.85176906e-02  -1.65336766e+00  -4.39819634e-13   2.30305218e-13  -1.74799369e-14
  7.12000000e-06   1.08454573e-01   6.56518437e-02  -1.66786180e+00  -4.89034172e-13   1.36908736e-13  -2.64108703e-14
  7.20000000e-06   1.20470771e-01   7.31190467e-02  -1.68151044e+00  -5.18731176e-13  -2.33399970e-14  -3.81790928e-14
  7.28000000e-06   1.32582856e-01   8.03566917e-02  -1.69911106e+00  -4.68560535e-13  -2.53788782e-13  -4.85646424e-14
  7.36000000e-06   1.43826183e-01   8.72909168e-02  -1.71745054e+00  -2.54420195e-13  -4.86357578e-13  -4.60257123e-14
  7.44000000e-06   1.53652734e-01   9.39475377e-02  -1.73879294e+00   1.44184245e-13  -5.49182294e-13  -1.69312977e-14
  7.52000000e-06   1.63941226e-01   1.00158350e-01  -1.75975467e+00   5.38031480e-13  -2.26803663e-13   3.72149940e-14
  7.60000000e-06   1.76829973e-01   1.08422706e-01  -1.78344414e+00   4.64799886e-13   3.78876875e-13   6.91187375e-14
  7.68000000e-06   1.91948161e-01   1.17976526e-01  -1.80547722e+00  -2.46951201e-13   5.72372857e-13   1.11464892e-14
  7.76000000e-06   2.07302356e-01   1.26571946e-01  -1.82728081e+00  -6.09821493e-13  -1.90796818e-13  -8.23994627e-14
  7.84000000e-06   2.16740432e-01   1.32439061e-01  -1.86137850e+00   2.82888375e-13  -6.06877039e-13  -1.02401940e-14
  7.92000000e-06   2.28675491e-01   1.39762516e-01  -1.88508333e+00   4.85061284e-13   4.84951192e-13   9.47966721e-14
  8.00000000e-06   2.49671826e-01   1.52617245e-01  -1.91200037e+00  -6.97508375e-13   1.56150506e-13  -7.86176261e-14
  8.08000000e-06   2.56312483e-01   1.56572259e-01  -1.94575243e+00   4.28953761e-13  -6.12566911e-13   7.21326006e-15
  8.16000000e-06   2.72799415e-01   1.66969247e-01  -1.97061258e+00  -9.68295731e-14   7.69187259e-13   5.17684539e-14
  8.24000000e-06   2.84859671e-01   1.74092717e-01  -2.00315613e+00  -1.15486012e-13  -7.95912236e-13  -8.55948414e-14
  8.32000000e-06   2.95920245e-01   1.80557283e-01  -2.03162716e+00   1.42990743e-13   8.22494371e-13   9.39253073e-14
  8.40000000e-06   3.07418198e-01   1.87119325e-01  -2.06642185e+00   4.90867298e-14  -8.70420875e-13  -7.15160909e-14
  8.48000000e-06   3.23176308e-01   1.97549779e-01  -2.08352777e+00  -4.31397929e-13   7.93751708e-13   8.34540581e-15
  8.56000000e-06   3.22863821e-01   1.97244216e-01  -2.11545123e+00   8.46726066e-13  -3.93146022e-13   9.25719444e-14
  8.64000000e-06   3.47379770e-01   2.12403693e-01  -2.13485866e+00  -8.72357013e-13  -3.85248847e-13  -1.80277722e-13
  8.72000000e-06   3.45938863e-01   2.12161237e-01  -2.15608297e+00   1.01897552e-13   9.89995370e-13   1.13766014e-13
  8.80000000e-06   3.46761924e-01   2.11950539e-01  -2.17957744e+00   9.08799497e-13  -4.84963536e-13   9.74265815e-14
  8.88000000e-06   3.66676622e-01   2.24085505e-01  -2.18590663e+00  -6.94570923e-13  -7.78413451e-13  -1.96309433e-13
  8.96000000e-06   3.68529352e-01   2.25640188e-01  -2.19256464e+00  -6.71271064e-13   8.54337779e-13  -2.49069752e-14
  9.04000000e-06   3.56439898e-01   2.18131563e-01  -2.20116835e+00   9.32142532e-13   5.66977355e-13   2.07130202e-13
  9.12000000e-06   3.60436256e-01   2.20231945e-01  -2.19930497e+00   4.65988630e-13  -1.02893071e-12  -2.66648854e-14
  9.20000000e-06   3.70064269e-01   2.26284763e-01  -2.18362534e+00  -1.08755434e-12  -2.74066946e-13  -2.12711480e-13
  9.28000000e-06   3.52899226e-01   2.16523730e-01  -2.17211550e+00  -7.75982094e-15   1.14539397e-12   1.12915975e-13
  9.36000000e-06   3.39045722e-01   2.07223717e-01  -2.15947912e+00   1.06146973e-12  -4.46513252e-13   1.23807002e-13
  9.44000000e-06   3.46795196e-01   2.11957982e-01  -2.12908236e+00  -9.33643791e-13  -6.48723275e-13  -2.16659190e-13
  9.52000000e-06   3.24646781e-01   1.98588192e-01  -2.10077437e+00   2.02720377e-13   1.12545426e-12   1.37718000e-13
  9.60000000e-06   3.12988291e-01   1.90831898e-01  -2.07395330e+00   3.94374375e-13  -1.07526560e-12  -3.94224951e-14
  9.68000000e-06   3.05673784e-01   1.86494300e-01  -2.03695091e+00  -6.86330694e-13   9.02009851e-13  -2.04097233e-14
  9.76000000e-06   2.80513490e-01   1.71382545e-01  -2.00533997e+00   6.70610232e-13  -8.96764546e-13   1.71668778e-14
  9.84000000e-06   2.72261692e-01   1.66636351e-01  -1.96128773e+00  -3.69699218e-13   1.03497338e-12   3.66133186e-14
  9.92000000e-06   2.54621567e-01   1.55400278e-01  -1.92995624e+00  -2.86313451e-13  -1.03946877e-12  -1.21471830e-13
  1.00000000e-05   2.28910900e-01   1.39885687e-01  -1.89106627e+00   9.83485144e-13   3.80415981e-13   1.47189565e-13
  1.00800000e-05   2.20854559e-01   1.35135685e-01  -1.85013481e+00  -6.74184615e-13   7.97477161e-13  -2.22303383e-14
  1.01600000e-05   2.03311715e-01   1.24025364e-01  -1.81423147e+00  -7.52433035e-13  -6.86724572e-13  -1.31267548e-13
  1.02400000e-05   1.79839237e-01   1.09565241e-01  -1.78662674e+00   4.84773700e-13  -8.89249841e-13  -5.73681122e-15
  1.03200000e-05   1.58411639e-01   9.74495480e-02  -1.75895330e+00   9.93322690e-13  -1.25636366e-14   8.87627627e-14
  1.04000000e-05   1.43573071e-01   8.77031438e-02  -1.72384232e+00   6.67910752e-13   7.09844401e-13   9.17424881e-14
  1.04800000e-05   1.29631823e-01   7.86660392e-02  -1.69671415e+00   1.52723336e-13   9.51139108e-13   5.57667010e-14
  1.05600000e-05   1.13449539e-01   6.88327826e-02  -1.67089528e+00  -2.21934212e-13   9.25901662e-13   2.30738900e-14
  1.06400000e-05   9.69247536e-02   5.88974258e-02  -1.65196929e+00  -4.21495596e-13   8.45922559e-13   5.42946197e-15
  1.07200000e-05   8.01559148e-02   4.86616235e-02  -1.63694618e+00  -4.83754175e-13   8.06469140e-13   2.86105406e-16
  1.08000000e-05   6.36783128e-02   3.91666141e-02  -1.62428291e+00  -4.50183662e-13   8.23247811e-13   2.20213690e-15
  1.08800000e-05   4.67395816e-02   2.85447146e-02  -1.61333384e+00  -3.37349103e-13   8.75095782e-13   5.70979370e-15
  1.09600000e-05   2.99086669e-02   1.79506583e-02  -1.60571222e+00  -1.59365681e-13   9.26744897e-13   7.39190107e-15
  1.10400000e-05   1.42495975e-02   8.56267045e-03  -1.60408084e+00   7.01869365e-14   9.44567062e-13   5.66564468e-15
  1.11200000e-05  -2.33845846e-03  -1.44707558e-03  -1.60414074e+00   3.21511728e-13   8.99774538e-13  -1.28036371e-15
  1.12000000e-05  -1.75859672e-02  -1.06443035e-02  -1.60581452e+00   5.53526894e-13   7.92394691e-13  -1.13143798e-14
  1.12800000e-05  -3.34689760e-02  -2.01964068e-02  -1.61006905e+00   7.33588526e-13   6.50203180e-13  -2.34053469e-14
  1.13600000e-05  -4.88448059e-02  -2.96390540e-02  -1.61960990e+00   8.56038087e-13   5.13372084e-13  -3.52114896e-14
  1.14400000e-05  -6.46269724e-02  -3.94962434e-02  -1.63135661e+00   9.27765254e-13   4.22441003e-13  -4.69814457e-14
  1.15200000e-05  -7.99938739e-02  -4.86438298e-02  -1.64484872e+00   9.56011458e-13   4.16557295e-13  -5.88127048e-14
  1.16000000e-05  -9.61234360e-02  -5.82996401e-02  -1.66031546e+00   9.27994828e-13   5.31624704e-13  -7.23932187e-14
  1.16800000e-05  -1.12742221e-01  -6.83076617e-02  -1.67876500e+00   7.80470742e-13   7.74295818e-13  -8.39202280e-14
  1.17600000e-05  -1.30853250e-01  -7.88865711e-02  -1.70006832e+00   4.03915940e-13   1.05937678e-12  -8.02463720e-14
  1.18400000e-05  -1.49384728e-01  -9.12805619e-02  -1.72120099e+00  -2.91513500e-13   1.13657737e-12  -3.49754368e-14
  1.19200000e-05  -1.69884269e-01  -1.03612032e-01  -1.74579082e+00  -1.06598624e-12   5.81045578e-13   6.92471166e-14
  1.20000000e-05  -1.88995653e-01  -1.14999925e-01  -1.77568849e+00  -1.06426210e-12  -6.60892391e-13   1.56076635e-13
  1.20800000e-05  -1.96036116e-01  -1.19113911e-01  -1.80991330e+00   3.48394010e-13  -1.26673738e-12   4.56310451e-14
  1.21600000e-05  -2.03560252e-01  -1.23891158e-01  -1.83890826e+00   1.32016514e-12   2.99136763e-13  -1.66290812e-13
  1.22400000e-05  -2.27170890e-01  -1.38719213e-01  -1.85866269e+00  -5.45199534e-13   1.30019770e-12  -3.04030094e-14
  1.23200000e-05  -2.43147306e-01  -1.48246754e-01  -1.88803079e+00  -1.01468141e-12  -1.03281210e-12   2.11769900e-13
  1.24000000e-05  -2.36765200e-01  -1.44584630e-01  -1.91383382e+00   1.47145516e-12  -3.06505874e-13  -1.58881786e-13
  1.24800000e-05  -2.58508358e-01  -1.58096893e-01  -1.91865490e+00  -7.69715050e-13   1.34071872e-12  -6.76812203e-15
  1.25600000e-05  -2.60866738e-01  -1.59044434e-01  -1.93584453e+00  -3.32217542e-13  -1.54122003e-12   1.71391332e-13
  1.26400000e-05  -2.51319719e-01  -1.53543535e-01  -1.94538177e+00   1.23302946e-12   1.01742201e-12  -2.39594715e-13
  1.27200000e-05  -2.69356141e-01  -1.64461186e-01  -1.92829557e+00  -1.61059327e-12  -1.33202011e-14   2.26113595e-13
  1.28000000e-05  -2.46519722e-01  -1.50361074e-01  -1.93115476e+00   1.22953421e-12  -1.08788772e-12  -7.22513127e-14
  1.28800000e-05  -2.46702329e-01  -1.50940325e-01  -1.90354343e+00  -2.02274956e-15   1.63028325e-12  -1.29010172e-13
  1.29600000e-05  -2.45427483e-01  -1.49609749e-01  -1.88405189e+00  -1.37414283e-12  -8.42291022e-13   2.45888857e-13
  1.30400000e-05  -2.15796088e-01  -1.31378235e-01  -1.86469751e+00   1.27134437e-12  -9.96641353e-13  -7.69101474e-14
  1.31200000e-05  -2.03145651e-01  -1.24094673e-01  -1.82999400e+00   8.23095602e-13   1.35055294e-12  -1.82953998e-13
  1.32000000e-05  -1.97677757e-01  -1.20677543e-01  -1.78856575e+00  -1.19182881e-12   1.00246477e-12   6.40865791e-14
  1.32800000e-05  -1.80351799e-01  -1.09663598e-01  -1.75942754e+00  -1.36756704e-12  -6.75446553e-13   1.82283764e-13
  1.33600000e-05  -1.55695735e-01  -9.47728215e-02  -1.73338612e+00  -3.23096855e-13  -1.47502011e-12   1.09667787e-13
  1.34400000e-05  -1.32929300e-01  -8.02715346e-02  -1.70903991e+00   6.19125132e-13  -1.35785156e-12   1.56210268e-14
  1.35200000e-05  -1.11384382e-01  -6.72894479e-02  -1.68334513e+00   1.10295720e-12  -9.74507093e-13  -3.40263922e-14
  1.36000000e-05  -9.12880301e-02  -5.53001562e-02  -1.66016442e+00   1.27385785e-12  -7.00106744e-13  -4.67254693e-14
  1.36800000e-05  -7.23711426e-02  -4.42741107e-02  -1.63909788e+00   1.29837258e-12  -6.21698797e-13  -4.05342149e-14
  1.37600000e-05  -5.32431917e-02  -3.23485014e-02  -1.62505380e+00   1.24083123e-12  -7.18541354e-13  -2.63511762e-14
  1.38400000e-05  -3.42847399e-02  -2.05908349e-02  -1.61449129e+00   1.09543997e-12  -9.24979014e-13  -1.14653975e-14
  1.39200000e-05  -1.48954590e-02  -9.12097044e-03  -1.60927191e+00   8.54847646e-13  -1.15962054e-12  -1.34003664e-15
  1.40000000e-05   4.40475763e-03   2.57156704e-03  -1.60876438e+00   5.37537151e-13  -1.35099899e-12  -6.87772310e-16
  1.40800000e-05   2.41189208e-02   1.47383947e-02  -1.61092914e+00   1.96027083e-13  -1.45909440e-12  -1.04143298e-14
  1.41600000e-05   4.45443288e-02   2.70552096e-02  -1.61727985e+00  -1.04906022e-13  -1.49295736e-12  -2.78648390e-14
  1.42400000e-05   6.48546840e-02   3.97163338e-02  -1.62958752e+00  -3.01793683e-13  -1.49867905e-12  -4.85366820e-14
  1.43200000e-05   8.52604154e-02   5.19752708e-02  -1.64550320e+00  -3.28008055e-13  -1.53227795e-12  -6.53943818e-14
  1.44000000e-05   1.04451373e-01   6.29169228e-02  -1.66965055e+00  -1.24147020e-13  -1.61228869e-12  -6.85218651e-14
  1.44800000e-05   1.22926727e-01   7.43622857e-02  -1.69373206e+00   3.97689129e-13  -1.62441846e-12  -4.24558575e-14
  1.45600000e-05   1.37548953e-01   8.31432548e-02  -1.71826772e+00   1.19287065e-12  -1.25418716e-12   3.48030201e-14
  1.46400000e-05   1.52804096e-01   9.32388987e-02  -1.74820350e+00   1.78795605e-12  -1.13582995e-13   1.50220873e-13
  1.47200000e-05   1.71509777e-01   1.04564632e-01  -1.77024504e+00   1.12175535e-12   1.46906605e-12   1.95455631e-13
  1.48000000e-05   1.98386357e-01   1.21011951e-01  -1.78805912e+00  -1.00003132e-12   1.63884222e-12  -4.08692358e-17
  1.48800000e-05   2.16412101e-01   1.31507016e-01  -1.81272335e+00  -1.83678733e-12  -7.04271785e-13  -2.70377543e-13
  1.49600000e-05   2.10533109e-01   1.27811405e-01  -1.84101857e+00   7.15999460e-13  -1.92045139e-12  -5.14465194e-14
  1.50400000e-05   2.07567026e-01   1.26655859e-01  -1.85063707e+00   1.86165447e-12   9.14134399e-13   2.71365232e-13
  1.51200000e-05   2.25338136e-01   1.37769963e-01  -1.83924613e+00  -1.17883240e-12   1.74886790e-12  -1.34263859e-14
  1.52000000e-05   2.25935588e-01   1.37143401e-01  -1.83200198e+00  -1.61464245e-12  -1.34553076e-12  -2.99855493e-13
  1.52800000e-05   1.99912536e-01   1.21252176e-01  -1.82856511e+00   1.36094660e-12  -1.63785323e-12   4.01828832e-14
  1.53600000e-05   1.84682565e-01   1.12406523e-01  -1.80183434e+00   1.80397844e-12   1.06204609e-12   2.51157535e-13
  1.54400000e-05   1.81236477e-01   1.10643080e-01  -1.76457827e+00  -3.36946736e-13   2.04156619e-12   9.34036954e-14
  1.55200000e-05   1.69722793e-01   1.03340984e-01  -1.73197138e+00  -1.82015043e-12   9.02788185e-13  -1.24497436e-13
  1.56000000e-05   1.48409556e-01   9.00454752e-02  -1.70360290e+00  -1.93389584e-12  -4.86607458e-13  -1.94191629e-13
  1.56800000e-05   1.25131404e-01   7.59767067e-02  -1.67897271e+00  -1.49156850e-12  -1.28646467e-12  -1.69379411e-13
  1.57600000e-05   1.01326164e-01   6.10124423e-02  -1.66128600e+00  -1.12106739e-12  -1.60125013e-12  -1.27184386e-13
  1.58400000e-05   7.73801600e-02   4.68470274e-02  -1.64224890e+00  -9.96548743e-13  -1.66305658e-12  -9.43963841e-14
  1.59200000e-05   5.38940139e-02   3.26773143e-02  -1.62782316e+00  -1.10736333e-12  -1.58145547e-12  -6.84091337e-14
  1.60000000e-05   2.98047658e-02   1.78440869e-02  -1.61749361e+00  -1.36077374e-12  -1.37091915e-12  -4.01982071e-14
  1.60800000e-05   5.60724972e-03   3.35165430e-03  -1.61212161e+00  -1.63515644e-12  -1.04710829e-12  -7.86434186e-15
  1.61600000e-05  -1.85380246e-02  -1.11040458e-02  -1.61159785e+00  -1.84817352e-12  -6.52210492e-13   2.57531128e-14
  1.62400000e-05  -4.35320556e-02  -2.62711811e-02  -1.61609978e+00  -1.96740369e-12  -2.85358603e-13   5.76337150e-14
  1.63200000e-05  -6.86387825e-02  -4.20265313e-02  -1.63171753e+00  -2.03489030e-12  -5.24864042e-14   8.69502297e-14
  1.64000000e-05  -9.37070015e-02  -5.66233836e-02  -1.64789480e+00  -2.08787257e-12  -6.22445492e-14   1.20864982e-13
  1.64800000e-05  -1.17693538e-01  -7.07267117e-02  -1.67024864e+00  -2.11215635e-12  -4.20721039e-13   1.66647865e-13
  1.65600000e-05  -1.39438638e-01  -8.46277611e-02  -1.68865055e+00  -1.88393942e-12  -1.16939737e-12   2.14169490e-13
  1.66400000e-05  -1.57636377e-01  -9.53348217e-02  -1.72417441e+00  -9.88199662e-13  -2.08958639e-12   2.05887849e-13
  1.67200000e-05  -1.66675466e-01  -1.00858889e-01  -1.75454026e+00   8.24184776e-13  -2.26275155e-12   5.17783647e-14
  1.68000000e-05  -1.72054659e-01  -1.04537928e-01  -1.77645130e+00   2.40601157e-12  -5.86443911e-13  -1.98519300e-13
  1.68800000e-05  -1.85991895e-01  -1.13221137e-01  -1.78425860e+00   1.53892041e-12   1.99777032e-12  -2.87187379e-13
  1.69600000e-05  -2.04948856e-01  -1.24650045e-01  -1.77890991e+00  -1.39400979e-12   2.15930646e-12   9.29955129e-15
  1.70400000e-05  -2.10342030e-01  -1.27656414e-01  -1.77959350e+00  -2.50133420e-12  -6.25231931e-13   3.40499433e-13
  1.71200000e-05  -1.92321447e-01  -1.16138484e-01  -1.77840528e+00  -3.46220566e-13  -2.58521082e-12   2.06268002e-13
  1.72000000e-05  -1.68697216e-01  -1.02283242e-01  -1.76132229e+00   2.05293277e-12  -1.59101545e-12  -1.04234090e-13
  1.72800000e-05  -1.48968702e-01  -9.07517336e-02  -1.73427743e+00   2.50441524e-12   4.95423404e-13  -2.41045643e-13
  1.73600000e-05  -1.33239520e-01  -8.06614596e-02  -1.70107052e+00   1.69879641e-12   1.84695070e-12  -2.20640211e-13
  1.74400000e-05  -1.14009363e-01  -6.91150573e-02  -1.66832924e+00   8.28415274e-13   2.32529779e-12  -1.52943545e-13
  1.75200000e-05  -9.14724641e-02  -5.56008598e-02  -1.64193396e+00   3.70548780e-13   2.40694946e-12  -1.02149948e-13
  1.76000000e-05  -6.72791169e-02  -4.09732050e-02  -1.62233206e+00   3.38285080e-13   2.39025464e-12  -7.43965540e-14
  1.76800000e-05  -4.00564568e-02  -2.44716248e-02  -1.60822606e+00   6.17979486e-13   2.32497490e-12  -5.07702147e-14
  1.77600000e-05  -1.41775926e-02  -8.61252758e-03  -1.60172786e+00   1.05499061e-12   2.17030356e-12  -2.10079547e-14
  1.78400000e-05   1.21669673e-02   7.28185613e-03  -1.60684004e+00   1.51828454e-12   1.91569273e-12   2.01779370e-14
  1.79200000e-05   3.67234866e-02   2.24021474e-02  -1.61649815e+00   1.89398484e-12   1.61172508e-12   6.53634091e-14
  1.80000000e-05   6.10718109e-02   3.74440267e-02  -1.63040060e+00   2.11361837e-12   1.41637688e-12   1.11700986e-13
  1.80800000e-05   8.57681769e-02   5.22641319e-02  -1.64590916e+00   2.14732701e-12   1.48237680e-12   1.58968348e-13
  1.81600000e-05   1.10114876e-01   6.67835453e-02  -1.66855852e+00   1.89592431e-12   1.91116709e-12   2.01613536e-13
  1.82400000e-05   1.34312595e-01   8.15618694e-02  -1.69108722e+00   1.06777671e-12   2.56959707e-12   2.08739677e-13
  1.83200000e-05   1.60635891e-01   9.81162506e-02  -1.70878227e+00  -5.60367995e-13   2.82146691e-12   1.09327294e-13
  1.84000000e-05   1.85484787e-01   1.12868941e-01  -1.72787174e+00  -2.44083298e-12   1.68215132e-12  -1.52137881e-13
  1.84800000e-05   1.98367348e-01   1.20081720e-01  -1.75074759e+00  -2.88730287e-12  -9.19552935e-13  -3.90215079e-13
  1.85600000e-05   1.90741057e-01   1.15153355e-01  -1.76167566e+00  -8.48405018e-13  -2.97740611e-12  -2.86479506e-13
  1.86400000e-05   1.72014260e-01   1.03810017e-01  -1.75944972e+00   1.93810254e-12  -2.45336484e-12   4.47284335e-14
  1.87200000e-05   1.54201884e-01   9.38928766e-02  -1.73775947e+00   3.08316463e-12  -2.12525493e-13   2.62104839e-13
  1.88000000e-05   1.39026382e-01   8.42220081e-02  -1.70396159e+00   2.51639140e-12   1.69909924e-12   2.89294281e-13
  1.88800000e-05   1.20317973e-01   7.32249669e-02  -1.67161135e+00   1.52446822e-12   2.56934672e-12   2.22277298e-13
  1.89600000e-05   9.74945801e-02   5.91687161e-02  -1.64380595e+00   9.00756221e-13   2.80306132e-12   1.54320155e-13
  1.90400000e-05   7.02780009e-02   4.27874539e-02  -1.62455464e+00   8.01220549e-13   2.80478852e-12   1.08533092e-13
  1.91200000e-05   4.05441466e-02   2.46996848e-02  -1.61463492e+00   1.12278416e-12   2.68607902e-12   6.92835446e-14
  1.92000000e-05   1.09650108e-02   6.54011549e-03  -1.60819194e+00   1.63987366e-12   2.41637506e-12   2.10078185e-14
  1.92800000e-05  -1.79071700e-02  -1.08012101e-02  -1.61013469e+00   2.16687834e-12   2.00514822e-12  -3.75500799e-14
  1.93600000e-05  -4.71277015e-02  -2.85508835e-02  -1.61948048e+00   2.55751568e-12   1.58084165e-12  -1.02294695e-13
  1.94400000e-05  -7.44464544e-02  -4.50421101e-02  -1.63503682e+00   2.73953670e-12   1.41348834e-12  -1.63675391e-13
  1.95200000e-05  -1.01481493e-01  -6.20277748e-02  -1.65355702e+00   2.68298153e-12   1.69005062e-12  -2.28055668e-13
  1.96000000e-05  -1.27860214e-01  -7.76662905e-02  -1.67670092e+00   2.17596681e-12   2.44776419e-12  -2.79315375e-13
  1.96800000e-05  -1.54160665e-01  -9.37686862e-02  -1.69500309e+00   7.92460647e-13   3.28684620e-12  -2.53904854e-13
  1.97600000e-05  -1.78957685e-01  -1.08899181e-01  -1.71209259e+00  -1.44120577e-12   3.17805183e-12  -5.14997800e-14
  1.98400000e-05  -1.96850525e-01  -1.19236012e-01  -1.72791222e+00  -3.31891328e-12   1.29971400e-12   2.88415754e-13
  1.99200000e-05  -1.95156986e-01  -1.17729103e-01  -1.72740557e+00  -3.24442911e-12  -1.51251026e-12   4.69628845e-13
  2.00000000e-05  -1.75978024e-01  -1.04954326e-01  -1.72559882e+00  -1.43178443e-12  -3.31151332e-12   3.47427359e-13
  2.00800000e-05  -1.47984444e-01  -8.87179706e-02  -1.70571357e+00   5.53387639e-13  -3.54272901e-12   1.36254393e-13
  2.01600000e-05  -1.19096722e-01  -7.12888133e-02  -1.68178635e+00   1.71559632e-12  -3.09323709e-12   9.62744339e-15
  2.02400000e-05  -8.90547206e-02  -5.31814523e-02  -1.65717335e+00   2.07090121e-12  -2.80443311e-12  -2.12890842e-14
  2.03200000e-05  -5.83808645e-02  -3.47606734e-02  -1.63669187e+00   1.86862029e-12  -2.90100188e-12  -5.04119902e-15
  2.04000000e-05  -2.54767842e-02  -1.48338713e-02  -1.62249833e+00   1.26507647e-12  -3.19780459e-12   9.37180716e-15
  2.04800000e-05   8.56512405e-03   5.00585765e-03  -1.61892991e+00   4.26404250e-13  -3.43500632e-12  -8.36536978e-15
  2.05600000e-05   4.60165443e-02   2.68435292e-02  -1.62126835e+00  -3.53484037e-13  -3.49167492e-12  -6.78450253e-14
  2.06400000e-05   8.14751944e-02   4.85628173e-02  -1.63745644e+00  -7.82872020e-13  -3.51517079e-12  -1.43204571e-13
  2.07200000e-05   1.13609367e-01   6.81348299e-02  -1.66299663e+00  -6.05974860e-13  -3.67599332e-12  -1.92007364e-13
  2.08000000e-05   1.39250093e-01   8.30648042e-02  -1.69278097e+00   4.04665481e-13  -3.85039936e-12  -1.55650948e-13
  2.08800000e-05   1.53604880e-01   9.18184345e-02  -1.72154069e+00   2.19147559e-12  -3.36379724e-12   1.61266867e-14
  2.09600000e-05   1.57282540e-01   9.45468859e-02  -1.73006053e+00   3.80566493e-12  -1.48973262e-12   2.64565926e-13
  2.10400000e-05   1.56797196e-01   9.44966479e-02  -1.72317731e+00   3.91302814e-12   1.22693301e-12   4.23341749e-13
  2.11200000e-05   1.51978182e-01   9.19567631e-02  -1.69899570e+00   2.47582423e-12   3.23222776e-12   3.96408578e-13
  2.12000000e-05   1.35541937e-01   8.21978922e-02  -1.66946463e+00   8.34594774e-13   3.93143799e-12   2.61328393e-13
  2.12800000e-05   1.10247271e-01   6.66261344e-02  -1.64516860e+00  -6.86919937e-14   3.96375207e-12   1.55921025e-13
  2.13600000e-05   7.57394066e-02   4.56917601e-02  -1.62093501e+00  -7.66816670e-14   3.90687637e-12   1.06546057e-13
  2.14400000e-05   3.66691209e-02   2.20478134e-02  -1.60861818e+00   5.69280622e-13   3.84843602e-12   6.57238743e-14
  2.15200000e-05  -2.02518548e-03  -1.25670937e-03  -1.60789448e+00   1.54558299e-12   3.59854027e-12  -4.75927472e-15
  2.16000000e-05  -3.99149739e-02  -2.39449938e-02  -1.62087721e+00   2.42682646e-12   3.17402691e-12  -1.06651366e-13
  2.16800000e-05  -7.47422187e-02  -4.47879823e-02  -1.63898479e+00   2.92887319e-12   2.87469258e-12  -2.12120432e-13
  2.17600000e-05  -1.06727185e-01  -6.41051171e-02  -1.66249015e+00   2.90086451e-12   3.09392664e-12  -3.05528205e-13
  2.18400000e-05  -1.35837454e-01  -8.17858869e-02  -1.68266527e+00   2.07422855e-12   3.85621108e-12  -3.54878405e-13
  2.19200000e-05  -1.61158823e-01  -9.74750975e-02  -1.69255411e+00   2.02569876e-13   4.48888758e-12  -2.77805403e-13
  2.20000000e-05  -1.75206391e-01  -1.05300780e-01  -1.68757238e+00  -2.17141793e-12   3.99745813e-12  -2.39925475e-14
  2.20800000e-05  -1.73602942e-01  -1.03566592e-01  -1.67117855e+00  -3.83591698e-12   2.40655932e-12   2.49337406e-13
  2.21600000e-05  -1.49324668e-01  -8.94262918e-02  -1.65155896e+00  -4.39213137e-12   8.48496647e-13   3.51168600e-13
  2.22400000e-05  -1.13614501e-01  -6.81454242e-02  -1.62707173e+00  -4.40348715e-12   1.42340040e-13   3.01523384e-13
  2.23200000e-05  -7.08660032e-02  -4.23279373e-02  -1.60414381e+00  -4.33395916e-12   3.88488700e-13   1.81209712e-13
  2.24000000e-05  -2.43518034e-02  -1.42650490e-02  -1.59060804e+00  -4.15148897e-12   1.25154605e-12   5.23339976e-14
  2.24800000e-05   2.37658439e-02   1.36010493e-02  -1.59088469e+00  -3.73192503e-12   2.29332804e-12  -3.61438388e-14
  2.25600000e-05   6.95765844e-02   4.16264811e-02  -1.60337609e+00  -3.28710380e-12   3.04939626e-12  -6.34722071e-14
  2.26400000e-05   1.11646858e-01   6.69610383e-02  -1.62443671e+00  -3.25552481e-12   3.29387748e-12  -8.79736697e-14
  2.27200000e-05   1.48221605e-01   8.87712737e-02  -1.64828232e+00  -3.88017006e-12   2.81876911e-12  -1.97113871e-13
  2.28000000e-05   1.74013108e-01   1.04086790e-01  -1.66766388e+00  -4.74740032e-12   1.32452599e-12  -4.12699605e-13
  2.28800000e-05   1.81917941e-01   1.08101738e-01  -1.67748320e+00  -4.91466334e-12  -9.30346420e-13  -5.92934402e-13
  2.29600000e-05   1.67437458e-01   9.92071215e-02  -1.67402310e+00  -4.08938227e-12  -2.91375925e-12  -5.81701315e-13
  2.30400000e-05   1.35670893e-01   8.03404212e-02  -1.65907058e+00  -3.12300754e-12  -3.89537705e-12  -4.44018153e-13
  2.31200000e-05   9.50495997e-02   5.63208779e-02  -1.63718953e+00  -2.85380555e-12  -4.02377169e-12  -3.04103722e-13
  2.32000000e-05   4.83692742e-02   2.87734026e-02  -1.61397280e+00  -3.35055025e-12  -3.54436035e-12  -1.63600645e-13
  2.32800000e-05  -1.82241556e-03  -9.89755007e-04  -1.60673164e+00  -4.13318592e-12  -2.61522588e-12   6.29900788e-15
  2.33600000e-05  -5.42323427e-02  -3.16867432e-02  -1.60500104e+00  -4.68706758e-12  -1.57991465e-12   1.89565613e-13
  2.34400000e-05  -1.04045719e-01  -6.14545857e-02  -1.61965153e+00  -4.97001467e-12  -1.02343149e-12   3.58103762e-13
  2.35200000e-05  -1.45834265e-01  -8.62240978e-02  -1.64565397e+00  -5.05812766e-12  -1.40649008e-12   5.21933336e-13
  2.36000000e-05  -1.74098337e-01  -1.02954198e-01  -1.67056101e+00  -4.63567702e-12  -2.80300644e-12   6.55854493e-13
  2.36800000e-05  -1.78691575e-01  -1.05192287e-01  -1.68709039e+00  -3.29933105e-12  -4.45808068e-12   6.27422439e-13
  2.37600000e-05  -1.61741811e-01  -9.48875212e-02  -1.67963016e+00  -1.49033231e-12  -5.36879572e-12   4.46813103e-13
  2.38400000e-05  -1.29500111e-01  -7.57194102e-02  -1.66160978e+00  -2.99433441e-13  -5.51778668e-12   2.74781855e-13
  2.39200000e-05  -8.76863309e-02  -5.09993306e-02  -1.64738781e+00  -2.77274272e-13  -5.47180579e-12   1.84153114e-13
  2.40000000e-05  -3.83723858e-02  -2.21376413e-02  -1.61702172e+00  -1.22570100e-12  -5.25263248e-12   1.00996767e-13
  2.40800000e-05   1.57748421e-02   9.36105989e-03  -1.60609503e+00  -2.57834814e-12  -4.74727232e-12  -5.29934616e-14
  2.41600000e-05   7.10271957e-02   4.16980053e-02  -1.61708250e+00  -3.66198190e-12  -4.12381985e-12  -2.67182019e-13
  2.42400000e-05   1.21133909e-01   7.14520682e-02  -1.62764481e+00  -4.06784545e-12  -3.91805186e-12  -4.74739282e-13
  2.43200000e-05   1.58639530e-01   9.27938140e-02  -1.65946366e+00  -3.68857142e-12  -4.55788239e-12  -6.07483341e-13
  2.44000000e-05   1.72984136e-01   1.00915159e-01  -1.67794163e+00  -2.30850439e-12  -5.56554970e-12  -5.72715374e-13
  2.44800000e-05   1.61029774e-01   9.36639096e-02  -1.68507767e+00  -4.98858649e-13  -6.09188829e-12  -3.86285560e-13
  2.45600000e-05   1.30899745e-01   7.61478423e-02  -1.66352504e+00   6.36122130e-13  -6.01609326e-12  -2.25331321e-13
  2.46400000e-05   8.77075064e-02   5.10718094e-02  -1.64258598e+00   5.64279592e-13  -5.94462101e-12  -1.54701792e-13
  2.47200000e-05   3.52119050e-02   2.03456334e-02  -1.61822521e+00  -6.16282217e-13  -5.86563736e-12  -8.71575707e-14
  2.48000000e-05  -2.41508954e-02  -1.37640662e-02  -1.60832829e+00  -2.20786500e-12  -5.48600832e-12   8.01028616e-14
  2.48800000e-05  -8.36365676e-02  -4.83387659e-02  -1.61915680e+00  -3.40434709e-12  -4.99303811e-12   3.24913069e-13
  2.49600000e-05  -1.34577598e-01  -7.78839669e-02  -1.64073455e+00  -3.73047868e-12  -4.99652077e-12   5.43163866e-13
  2.50400000e-05  -1.66517057e-01  -9.59360993e-02  -1.66741719e+00  -3.02109726e-12  -5.70047586e-12   6.29683828e-13
  2.51200000e-05  -1.69017326e-01  -9.72198397e-02  -1.67955427e+00  -1.43113969e-12  -6.42983021e-12   5.16205092e-13
  2.52000000e-05  -1.45431460e-01  -8.36059768e-02  -1.66707578e+00  -4.42236086e-15  -6.57406073e-12   3.30083326e-13
  2.52800000e-05  -1.03333198e-01  -5.93128041e-02  -1.65037207e+00   2.58647960e-13  -6.50340554e-12   2.17531734e-13
  2.53600000e-05  -5.05335890e-02  -2.90032013e-02  -1.63011040e+00  -7.36987863e-13  -6.39700483e-12   1.36663297e-13
  2.54400000e-05   1.27656938e-02   7.39030492e-03  -1.62175456e+00  -2.38181176e-12  -5.99924750e-12  -4.60869662e-14
  2.55200000e-05   7.74119158e-02   4.43802844e-02  -1.62769237e+00  -3.75693825e-12  -5.38915570e-12  -3.25616842e-13
  2.56000000e-05   1.34207587e-01   7.70281676e-02  -1.64271957e+00  -4.25653681e-12  -5.23470943e-12  -5.93211179e-13
  2.56800000e-05   1.69753001e-01   9.68766604e-02  -1.66317817e+00  -3.74650375e-12  -5.85444105e-12  -7.23397514e-13
  2.57600000e-05   1.73756935e-01   9.90712385e-02  -1.67473360e+00  -2.43427390e-12  -6.65874037e-12  -6.46467968e-13
  2.58400000e-05   1.47995488e-01   8.40806095e-02  -1.66187881e+00  -1.41618915e-12  -6.92840688e-12  -4.76649846e-13
  2.59200000e-05   9.93904643e-02   5.67664588e-02  -1.63476766e+00  -1.58990412e-12  -6.77562317e-12  -3.31942853e-13
  2.60000000e-05   3.70371783e-02   2.16821421e-02  -1.61484809e+00  -2.95711130e-12  -6.22772313e-12  -1.51440522e-13
  2.60800000e-05  -3.26376162e-02  -1.94521211e-02  -1.60469385e+00  -4.60114767e-12  -5.16242467e-12   1.56161003e-13
  2.61600000e-05  -1.03351530e-01  -5.86396164e-02  -1.61181060e+00  -5.69886355e-12  -4.15134465e-12   5.16449963e-13
  2.62400000e-05  -1.58785461e-01  -8.98685837e-02  -1.62888064e+00  -6.01500172e-12  -4.04390458e-12   8.09460657e-13
  2.63200000e-05  -1.86337475e-01  -1.04973248e-01  -1.63939282e+00  -5.61187774e-12  -4.82698347e-12   9.46940383e-13
  2.64000000e-05  -1.76102994e-01  -9.91217577e-02  -1.64494467e+00  -4.88859668e-12  -5.67933853e-12   8.65586883e-13
  2.64800000e-05  -1.33033108e-01  -7.48212693e-02  -1.62350995e+00  -4.68373066e-12  -5.75289085e-12   6.48921086e-13
  2.65600000e-05  -6.78390456e-02  -3.85438395e-02  -1.59722570e+00  -5.43286284e-12  -4.89915391e-12   3.48975371e-13
  2.66400000e-05   9.33858524e-03   5.42788858e-03  -1.59196407e+00  -6.56785111e-12  -3.28731141e-12  -4.97357942e-14
  2.67200000e-05   8.70497899e-02   4.93125164e-02  -1.59376307e+00  -7.27260131e-12  -1.63179611e-12  -4.47711709e-13
  2.68000000e-05   1.52811454e-01   8.57655774e-02  -1.60304558e+00  -7.56775393e-12  -9.69589593e-13  -7.73276138e-13
  2.68800000e-05   1.88792467e-01   1.06311342e-01  -1.61473231e+00  -7.65182773e-12  -1.51485248e-12  -9.94377472e-13
  2.69600000e-05   1.83349028e-01   1.02525609e-01  -1.61594628e+00  -7.47419642e-12  -2.46382343e-12  -1.00435990e-12
  2.70400000e-05   1.37448641e-01   7.68912291e-02  -1.59660431e+00  -7.39318364e-12  -2.48838208e-12  -7.56303735e-13
  2.71200000e-05   6.47716032e-02   3.59798442e-02  -1.58654122e+00  -7.68874788e-12  -1.17134417e-12  -3.40462195e-13
  2.72000000e-05  -1.93285779e-02  -1.12887280e-02  -1.57334423e+00  -7.71471013e-12   9.69943640e-13   8.78160948e-14
  2.72800000e-05  -1.00862466e-01  -5.63877456e-02  -1.57882146e+00  -7.39970471e-12   2.83422816e-12   3.71502887e-13
  2.73600000e-05  -1.64529603e-01  -9.21217513e-02  -1.59500286e+00  -7.32842292e-12   3.59957540e-12   5.48051258e-13
  2.74400000e-05  -1.94407798e-01  -1.08161285e-01  -1.60538010e+00  -7.67783471e-12   3.25139317e-12   7.10707748e-13
  2.75200000e-05  -1.77741317e-01  -9.92533565e-02  -1.59710423e+00  -7.88314817e-12   2.72084533e-12   7.08224352e-13
  2.76000000e-05  -1.19531116e-01  -6.61285971e-02  -1.57950965e+00  -7.60373070e-12   3.20811210e-12   4.41108079e-13
  2.76800000e-05  -3.58201061e-02  -2.03186245e-02  -1.57260843e+00  -6.63750880e-12   4.88132644e-12   8.81175682e-14
  2.77600000e-05   5.03688868e-02   2.80432363e-02  -1.57708842e+00  -5.05904896e-12   6.64498819e-12  -4.34165199e-14
  2.78400000e-05   1.26119894e-01   7.02105674e-02  -1.59782038e+00  -3.75284208e-12   7.76483471e-12   4.49771483e-14
  2.79200000e-05   1.74626587e-01   9.65707961e-02  -1.61219041e+00  -3.55230998e-12   8.12938824e-12   1.02180069e-13
  2.80000000e-05   1.79544638e-01   9.90155670e-02  -1.61245411e+00  -3.98111317e-12   8.03365838e-12   5.00291558e-14
  2.80800000e-05   1.34427444e-01   7.47689651e-02  -1.59543192e+00  -3.70932155e-12   8.06242148e-12   6.53016240e-14
  2.81600000e-05   5.88574266e-02   3.24633261e-02  -1.58668517e+00  -2.14321423e-12   8.55809772e-12   9.55956764e-14
  2.82400000e-05  -2.68376203e-02  -1.49062898e-02  -1.59884958e+00   3.12000758e-13   8.95265176e-12  -8.87038918e-14
  2.83200000e-05  -1.04262963e-01  -5.69654565e-02  -1.62064837e+00   2.43494284e-12   8.89476846e-12  -4.69299150e-13
  2.84000000e-05  -1.58823847e-01  -8.60776696e-02  -1.63866919e+00   3.31811278e-12   8.89228386e-12  -7.88702513e-13
  2.84800000e-05  -1.71851090e-01  -9.24461970e-02  -1.63927357e+00   3.18768044e-12   9.06701068e-12  -8.45506837e-13
  2.85600000e-05  -1.34101334e-01  -7.16220430e-02  -1.63177368e+00   3.63288632e-12   8.88190667e-12  -6.88401352e-13
  2.86400000e-05  -6.18836922e-02  -3.30338817e-02  -1.62586780e+00   5.36867084e-12   7.92735967e-12  -3.65407712e-13
  2.87200000e-05   2.27260591e-02   1.20312095e-02  -1.63909838e+00   7.63796802e-12   6.02059304e-12   1.50092229e-13
  2.88000000e-05   1.00335586e-01   5.22346815e-02  -1.66520679e+00   9.19351928e-12   4.00206315e-12   6.79485362e-13
  2.88800000e-05   1.53546807e-01   8.00697506e-02  -1.68381066e+00   9.83658081e-12   3.07673128e-12   1.04330536e-12
  2.89600000e-05   1.62903634e-01   8.45892137e-02  -1.68692851e+00   9.97519350e-12   3.06942374e-12   1.11719933e-12
  2.90400000e-05   1.22449438e-01   6.33687624e-02  -1.67797135e+00   1.01619954e-11   2.31680484e-12   8.29062835e-13
  2.91200000e-05   4.88898034e-02   2.47962887e-02  -1.66696916e+00   1.03920352e-11  -9.90795154e-14   3.03309601e-13
  2.92000000e-05  -3.88750499e-02  -1.91011042e-02  -1.67621529e+00   9.94174113e-12  -3.53749059e-12  -1.90259395e-13
  2.92800000e-05  -1.20359420e-01  -6.05761804e-02  -1.68832872e+00   8.90601814e-12  -6.13754125e-12  -4.14690787e-13
  2.93600000e-05  -1.72664205e-01  -8.61900964e-02  -1.70118149e+00   8.35614980e-12  -7.29693883e-12  -4.78422850e-13
  2.94400000e-05  -1.71316434e-01  -8.49785698e-02  -1.70024315e+00   8.04514556e-12  -7.77175197e-12  -4.22194485e-13
  2.95200000e-05  -1.18425041e-01  -5.81969938e-02  -1.68069752e+00   6.90049270e-12  -8.65915613e-12  -1.86383491e-13
  2.96000000e-05  -3.13166021e-02  -1.60290128e-02  -1.66132504e+00   4.40783615e-12  -1.00539662e-11   1.39146170e-14
  2.96800000e-05   6.81645390e-02   3.29683797e-02  -1.65348605e+00   1.18330430e-12  -1.09909865e-11  -1.70364683e-13
  2.97600000e-05   1.55671123e-01   7.46522838e-02  -1.64623503e+00  -1.28337639e-12  -1.11283853e-11  -6.26000541e-13
  2.98400000e-05   2.00633221e-01   9.54138051e-02  -1.64225408e+00  -2.44484092e-12  -1.10767292e-11  -9.42234953e-13
  2.99200000e-05   1.82024404e-01   8.58795489e-02  -1.63536472e+00  -3.39278644e-12  -1.08496066e-11  -9.47390653e-13
  3.00000000e-05   1.08901782e-01   5.09865865e-02  -1.60996280e+00  -5.29963624e-12  -9.88074240e-12  -6.71397601e-13
  3.00800000e-05   8.20635098e-03   3.83234688e-03  -1.58613599e+00  -7.86549131e-12  -7.85071149e-12  -5.96630003e-14
  3.01600000e-05  -9.63332575e-02  -4.49253854e-02  -1.57559248e+00  -9.77249019e-12  -5.40248849e-12   7.51542488e-13
  3.02400000e-05  -1.79292656e-01  -8.38640421e-02  -1.56839694e+00  -1.07083917e-11  -3.52165457e-12   1.41244611e-12
  3.03200000e-05  -2.12088047e-01  -9.81454033e-02  -1.56790838e+00  -1.11337700e-11  -2.48197929e-12   1.66140727e-12
  3.04000000e-05  -1.79572576e-01  -8.25517380e-02  -1.55945771e+00  -1.13599638e-11  -1.27615054e-12   1.37566180e-12
  3.04800000e-05  -9.73386089e-02  -4.42151147e-02  -1.54713151e+00  -1.13487118e-11   1.08804692e-12   6.82915249e-13
  3.05600000e-05   6.47824371e-03   3.03294176e-03  -1.54349118e+00  -1.05991769e-11   4.35178114e-12  -3.59349979e-14
  3.06400000e-05   1.07871658e-01   4.90777032e-02  -1.54846967e+00  -9.13560460e-12   7.24330787e-12  -4.06845491e-13
  3.07200000e-05   1.82028086e-01   8.30820791e-02  -1.56128673e+00  -7.75896843e-12   9.12265504e-12  -4.19154925e-13
  3.08000000e-05   2.06133059e-01   9.31305326e-02  -1.56561189e+00  -6.73660455e-12   1.01381958e-11  -2.83889856e-13
  3.08800000e-05   1.67442398e-01   7.56696562e-02  -1.57041448e+00  -5.29654207e-12   1.10500298e-11  -3.22932268e-14
  3.09600000e-05   8.61988409e-02   3.82760567e-02  -1.57718911e+00  -2.59995549e-12   1.20397617e-11   1.50090721e-13
  3.10400000e-05  -1.07264497e-02  -5.02952609e-03  -1.59564963e+00   1.17626482e-12   1.24878540e-11  -4.72692321e-14
  3.11200000e-05  -1.04085581e-01  -4.55839327e-02  -1.62762699e+00   4.98682949e-12   1.19554069e-11  -6.53731790e-13
  3.12000000e-05  -1.76248302e-01  -7.66850315e-02  -1.65577044e+00   7.99708482e-12   1.06962114e-11  -1.34663108e-12
  3.12800000e-05  -2.07954163e-01  -8.92624782e-02  -1.67451282e+00   1.00082417e-11   9.28988647e-12  -1.73811378e-12
  3.13600000e-05  -1.89017867e-01  -8.01248981e-02  -1.69446505e+00   1.16583799e-11   7.61253877e-12  -1.66046269e-12
  3.14400000e-05  -1.30731446e-01  -5.46820089e-02  -1.69396251e+00   1.31514642e-11   4.83722580e-12  -1.17111161e-12
  3.15200000e-05  -5.22769153e-02  -2.12525833e-02  -1.70790872e+00   1.42112837e-11   9.20310889e-13  -4.46441341e-13
  3.16000000e-05   3.24446262e-02   1.27703199e-02  -1.71742145e+00   1.40229869e-11  -3.52029986e-12   2.38738845e-13
  3.16800000e-05   1.14159105e-01   4.42229613e-02  -1.71723980e+00   1.23911129e-11  -7.78872351e-12   6.23161620e-13
  3.17600000e-05   1.86640994e-01   6.98167715e-02  -1.70441016e+00   9.83577205e-12  -1.09960360e-11   6.26639386e-13
  3.18400000e-05   2.35572620e-01   8.67594012e-02  -1.69432355e+00   7.03887824e-12  -1.31290479e-11   3.06375168e-13
  3.19200000e-05   2.50804033e-01   9.01778277e-02  -1.68500669e+00   4.27626357e-12  -1.43646690e-11  -1.32266829e-13
  3.20000000e-05   2.31011217e-01   8.08625776e-02  -1.66033164e+00   1.21318914e-12  -1.48206750e-11  -5.53008602e-13
  3.20800000e-05   1.90111085e-01   6.44285322e-02  -1.63969730e+00  -2.35708111e-12  -1.45664475e-11  -8.45645154e-13
  3.21600000e-05   1.41228987e-01   4.66269187e-02  -1.62263254e+00  -5.86259143e-12  -1.34670486e-11  -8.97242469e-13
  3.22400000e-05   9.44870507e-02   3.05246335e-02  -1.60464777e+00  -8.88814778e-12  -1.16321753e-11  -7.44638652e-13
  3.23200000e-05   5.34442102e-02   1.69442206e-02  -1.59471238e+00  -1.13788423e-11  -9.27815324e-12  -4.79926238e-13
  3.24000000e-05   1.91296719e-02   6.12998771e-03  -1.58603693e+00  -1.32379114e-11  -6.48932530e-12  -1.84747518e-13
  3.24800000e-05  -1.04215491e-02  -2.87068303e-03  -1.56568299e+00  -1.43009971e-11  -3.37416120e-12   1.01377285e-13
  3.25600000e-05  -3.92180247e-02  -1.18164382e-02  -1.55974205e+00  -1.47756575e-11   4.07479795e-14   3.71209204e-13
  3.26400000e-05  -7.48246474e-02  -2.23434086e-02  -1.54859644e+00  -1.43519432e-11   3.63613136e-12   6.40990445e-13
  3.27200000e-05  -1.28166879e-01  -3.81252733e-02  -1.53469018e+00  -1.28083324e-11   7.43602580e-12   8.84936575e-13
  3.28000000e-05  -2.24729520e-01  -6.82645508e-02  -1.50550097e+00  -9.40843116e-12   1.13304763e-11   8.90655248e-13
  3.28800000e-05  -4.14760753e-01  -1.31709096e-01  -1.48246639e+00  -3.23254986e-12   1.46476866e-11  -3.96972738e-13
  3.29600000e-05  -6.93630640e-01  -2.22796194e-01  -1.51154688e+00   4.63159086e-12   1.52774941e-11  -4.37722507e-12
  3.30400000e-05  -7.01811170e-01  -2.15027496e-01  -1.58727453e+00   1.06294431e-11   1.22403963e-11  -6.35799508e-12
  3.31200000e-05  -4.79448379e-01  -1.33427306e-01  -1.69589991e+00   1.66911744e-11   3.11950849e-12  -4.96419870e-12
  3.32000000e-05  -3.59986960e-01  -9.24771830e-02  -1.73667753e+00   1.72548583e-11  -4.37485659e-12  -3.34371205e-12
  3.32800000e-05  -4.09442769e-01  -9.91931433e-02  -1.70498467e+00   1.43241092e-11  -1.04483980e-11  -2.83198647e-12
  3.33600000e-05  -6.70324100e-01  -1.54825869e-01  -1.49990961e+00   3.12864406e-12  -1.65175414e-11   3.06776603e-13
  3.34400000e-05  -9.00142465e-01  -1.99863800e-01  -1.23429419e+00  -4.97356605e-12  -1.41543221e-11   5.91905455e-12
  3.35200000e-05  -4.38901416e-01  -7.92479265e-02  -1.35885586e+00  -1.23860585e-11  -7.19161855e-12   4.42002693e-12
  3.36000000e-05  -3.04940680e-01  -4.63538159e-02  -1.44282452e+00  -1.52891610e-11  -1.65988574e-12   3.28468855e-12
  3.36800000e-05  -5.70142009e-01  -1.04309792e-01  -1.19825591e+00  -1.16079266e-11   6.29135378e-12   4.97549543e-12
  3.37600000e-05  -8.91479853e-01  -1.70907230e-01  -1.16058914e+00  -6.67629713e-12   1.41046632e-11   3.05120508e-12
  3.38400000e-05  -5.51012236e-01  -8.95742377e-02  -1.59424231e+00   6.34070115e-12   1.69058398e-11  -3.14138673e-12
  3.39200000e-05  -6.54765650e-01  -9.80635427e-02  -1.66101352e+00   1.42042989e-11   1.16987155e-11  -6.28995753e-12
  3.40000000e-05  -1.14297724e+00  -1.40919528e-01  -1.58132840e+00   1.63853944e-11  -9.18841803e-12  -1.10244687e-11
  3.40800000e-05  -5.96750983e-01  -4.67822617e-02  -1.55304744e+00   2.85871439e-12  -1.83259238e-11  -5.46417603e-13
  3.41600000e-05  -5.30898906e-01  -3.09431937e-02  -1.38956188e+00  -6.29405785e-12  -1.50790659e-11   2.74050615e-12
  3.42400000e-05  -9.46263786e-01  -5.41525411e-02  -8.12380526e-01  -8.89910825e-12  -3.39619109e-12   1.05921006e-11
  3.43200000e-05  -3.56616584e-01  -1.09786624e-02  -1.36236001e+00  -1.35433714e-11   8.23049415e-12   3.47883892e-12
  3.44000000e-05  -8.60027243e-01  -3.09817323e-02  -1.16918322e+00  -5.01729110e-12   1.55272822e-11   3.27916520e-12
  3.44800000e-05  -8.64878584e-01  -3.95313785e-03  -1.60971301e+00   1.36330431e-11   1.36463499e-11  -7.35837559e-12
  3.45600000e-05  -7.11505760e-01   2.04495007e-02  -1.75028205e+00   1.99305405e-11  -4.99225833e-12  -8.16027540e-12
  3.46400000e-05  -1.12647258e+00   7.86772260e-02  -1.27791602e+00   1.28713694e-12  -2.00757860e-11  -2.37060305e-12
  3.47200000e-05  -3.87894169e-01   2.44144387e-02  -1.35880889e+00  -1.24142905e-11  -1.10121347e-11   3.34600094e-12
  3.48000000e-05  -5.89224293e-01   4.79261294e-02  -1.00795275e+00  -1.20758541e-11   4.51183084e-13   7.08069904e-12
  3.48800000e-05  -6.67155787e-01   6.61702054e-02  -1.14999757e+00  -8.87345000e-12   1.19329655e-11   5.83442995e-12
  3.49600000e-05  -5.38597812e-01   6.27591715e-02  -1.62173088e+00   5.65087660e-12   2.02860538e-11  -1.09168165e-12
  3.50400000e-05  -1.02837875e+00   1.77394260e-01  -1.64969934e+00   2.01535411e-11   4.01544317e-12  -1.21313965e-11
  3.51200000e-05  -6.98196509e-01   1.45727249e-01  -1.54453076e+00   8.59702500e-12  -1.81802042e-11  -5.60154851e-12
  3.52000000e-05  -4.15902900e-01   8.50439606e-02  -1.48356220e+00  -5.24327660e-12  -1.87610504e-11   3.94442449e-13
  3.52800000e-05  -6.40881076e-01   1.45256451e-01  -1.10145464e+00  -1.31197254e-11  -6.73342635e-12   6.74572504e-12
  3.53600000e-05  -5.93028683e-01   1.37403106e-01  -1.14527648e+00  -1.35888106e-11   5.37448447e-12   7.68113680e-12
  3.54400000e-05  -3.44938744e-01   7.90716514e-02  -1.55559841e+00  -4.47035247e-12   2.00159878e-11   2.00867714e-12
  3.55200000e-05  -3.83153697e-01   1.00092920e-01  -1.69055846e+00   1.09440978e-11   1.98377912e-11  -1.30586972e-12
  3.56000000e-05  -6.03121091e-01   1.85754635e-01  -1.72924701e+00   2.26037226e-11   3.45934997e-12  -7.51205089e-12
  3.56800000e-05  -6.39450419e-01   2.23796834e-01  -1.61680816e+00   1.39798725e-11  -1.68169723e-11  -7.85685080e-12
  3.57600000e-05  -3.37654364e-01   1.20559624e-01  -1.45774438e+00  -4.67287508e-12  -1.93753689e-11  -5.20029801e-13
  3.58400000e-05  -1.16500061e-01   3.86360078e-02  -1.44515484e+00  -1.72698392e-11  -8.95593822e-12   1.15275926e-12
  3.59200000e-05   2.01400046e-02  -6.56932932e-03  -1.49088964e+00  -1.89621870e-11   7.04403400e-12  -2.87193030e-13
  3.60000000e-05   1.94088635e-01  -6.68008309e-02  -1.56759231e+00  -6.90865585e-12   2.04218672e-11  -1.72563316e-12
  3.60800000e-05   3.76232050e-01  -1.44332240e-01  -1.70411135e+00   1.36611928e-11   1.99894158e-11   1.32307164e-12
  3.61600000e-05   3.10087134e-01  -1.30645670e-01  -1.74265398e+00   2.43621949e-11   9.68668158e-13   4.26237852e-12
  3.62400000e-05   9.07687717e-02  -4.12439119e-02  -1.58804555e+00   1.04877212e-11  -1.93893722e-11   1.10302323e-12
  3.63200000e-05  -1.66515757e-01   7.75454871e-02  -1.42415497e+00  -1.19542105e-11  -1.62059356e-11   5.15300134e-13
  3.64000000e-05  -3.43140225e-01   1.58892889e-01  -1.37641629e+00  -1.98650990e-11  -1.30773898e-12   4.80139922e-12
  3.64800000e-05  -1.48696365e-01   6.79936345e-02  -1.49437848e+00  -1.36013884e-11   1.64652645e-11   2.10255315e-12
  3.65600000e-05   1.55401939e-01  -7.41031053e-02  -1.68736419e+00   1.45865660e-11   1.94423348e-11   4.89546516e-13
  3.66400000e-05   2.15432885e-01  -1.12513201e-01  -1.72213625e+00   2.48345917e-11  -4.91149087e-12   3.42760064e-12
  3.67200000e-05   2.69711390e-02  -1.49960922e-02  -1.51847047e+00   3.30096513e-12  -2.16941964e-11   2.72879168e-13
  3.68000000e-05  -2.70635001e-01   1.52364893e-01  -1.40220515e+00  -1.84076972e-11  -1.04882412e-11   2.41314717e-12
  3.68800000e-05  -1.63798845e-01   8.98193018e-02  -1.44168744e+00  -1.93023888e-11   9.33404876e-12   2.77458666e-12
  3.69600000e-05   1.54251356e-01  -8.48504566e-02  -1.65816965e+00   7.72086670e-12   2.37019611e-11  -4.94622525e-13
  3.70400000e-05   9.94443125e-02  -5.89080482e-02  -1.67592402e+00   2.53695487e-11   2.23143419e-12   1.42691904e-12
  3.71200000e-05  -8.51764761e-02   5.40667292e-02  -1.49923490e+00   3.25998211e-12  -2.23971860e-11  -9.92917370e-13
  3.72000000e-05  -2.09480797e-01   1.33969921e-01  -1.43838261e+00  -1.81920233e-11  -1.33701354e-11   1.40413513e-12
  3.72800000e-05   9.91293799e-02  -6.01419333e-02  -1.50671844e+00  -1.71844171e-11   1.55379940e-11  -1.75080196e-12
  3.73600000e-05   8.78713724e-02  -5.32038259e-02  -1.68112964e+00   1.07303673e-11   2.42183429e-11  -2.05585811e-13
  3.74400000e-05  -8.67534103e-03   5.89822936e-03  -1.54325311e+00   2.19367518e-11  -9.61160071e-12  -1.60051664e-13
