       time             b_x              b_y              b_z              F_x              F_y              F_z
  0.00000000e+00   4.63407560e-03   4.53124942e-03  -1.12841948e-01   2.75806913e-14  -6.93460826e-15   8.54190938e-16
  8.00000000e-08   4.98820388e-03   4.88031984e-03  -1.07685453e-01   2.25267589e-14   1.51652828e-14   1.73077692e-15
  1.60000000e-07   7.10888402e-03   6.91530053e-03  -1.06657124e-01   4.65212772e-15   2.63900074e-14   2.02111459e-15
  2.40000000e-07   9.65936124e-03   9.27596567e-03  -1.09095497e-01  -1.62273181e-14   2.16521479e-14   4.04224319e-16
  3.20000000e-07   1.11010280e-02   1.06503947e-02  -1.11870325e-01  -2.73047976e-14   2.08401658e-15  -2.51108348e-15
  4.00000000e-07   1.11032010e-02   1.06250657e-02  -1.12168500e-01  -1.90538569e-14  -1.95217311e-14  -3.73525972e-15
  4.80000000e-07   9.35155578e-03   8.99163958e-03  -1.08465693e-01   1.91765291e-15  -2.62320700e-14  -2.00926463e-15
  5.60000000e-07   6.86028525e-03   6.62203296e-03  -1.02020898e-01   1.85782695e-14  -1.55919398e-14   2.37224821e-16
  6.40000000e-07   5.91500055e-03   5.73364190e-03  -9.59972046e-02   2.25686989e-14   1.38892703e-15   1.47355829e-15
  7.20000000e-07   6.97393330e-03   6.70618534e-03  -9.23428396e-02   1.56385604e-14   1.51677916e-14   2.28258411e-15
  8.00000000e-07   9.24257833e-03   8.91461755e-03  -9.16218416e-02   2.50373021e-15   2.13591595e-14   2.33077241e-15
  8.80000000e-07   1.20354952e-02   1.16598061e-02  -9.28309687e-02  -1.16840405e-14   1.79250742e-14   7.36604140e-16
  9.60000000e-07   1.41492055e-02   1.36636841e-02  -9.45931305e-02  -2.05156677e-14   5.65414378e-15  -2.25200248e-15
  1.04000000e-06   1.44781428e-02   1.39562598e-02  -9.48800350e-02  -1.86164817e-14  -9.70300338e-15  -4.26801820e-15
  1.12000000e-06   1.34813767e-02   1.29133136e-02  -9.26687923e-02  -7.07248950e-15  -1.92959496e-14  -3.71777310e-15
  1.20000000e-06   1.15021964e-02   1.10723910e-02  -8.79434838e-02   6.45559755e-15  -1.83416096e-14  -1.46493993e-15
  1.28000000e-06   9.98043912e-03   9.53231837e-03  -8.24348837e-02   1.49842160e-14  -9.92432835e-15   6.66552744e-16
  1.36000000e-06   8.74755021e-03   8.49696603e-03  -7.72770540e-02   1.65509628e-14   5.49423022e-16   1.93393510e-15
  1.44000000e-06   9.76460869e-03   9.41239910e-03  -7.33848701e-02   1.30886032e-14   8.85440781e-15   2.87724579e-15
  1.52000000e-06   1.20720012e-02   1.16385848e-02  -7.11818519e-02   6.65672435e-15   1.37679581e-14   3.38006845e-15
  1.60000000e-06   1.47715343e-02   1.42184155e-02  -7.06579549e-02  -1.14832106e-15   1.49772506e-14   2.77378970e-15
  1.68000000e-06   1.74387722e-02   1.68294570e-02  -7.10576313e-02  -8.51371134e-15   1.21516810e-14   7.88620718e-16
  1.76000000e-06   1.95380562e-02   1.89121664e-02  -7.19160957e-02  -1.32796721e-14   5.71693440e-15  -2.10438794e-15
  1.84000000e-06   2.06801708e-02   1.99533179e-02  -7.18183658e-02  -1.34271426e-14  -2.63201391e-15  -4.59761243e-15
  1.92000000e-06   2.13165532e-02   2.04491962e-02  -7.00586308e-02  -8.63498301e-15  -9.75369018e-15  -5.47431765e-15
  2.00000000e-06   2.13458953e-02   2.04258358e-02  -6.68157451e-02  -1.21316050e-15  -1.29305619e-14  -4.34049685e-15
  2.08000000e-06   2.01400437e-02   1.92936905e-02  -6.22796032e-02   5.39576870e-15  -1.15166236e-14  -1.82286253e-15
  2.16000000e-06   1.86515631e-02   1.79328634e-02  -5.74288281e-02   9.29294363e-15  -7.39587800e-15   7.08679874e-16
  2.24000000e-06   1.84814756e-02   1.77648507e-02  -5.25341207e-02   1.07194495e-14  -2.84436188e-15   2.80925195e-15
  2.32000000e-06   1.97614926e-02   1.89652450e-02  -4.83051266e-02   1.03755362e-14   1.12239320e-15   4.68526965e-15
  2.40000000e-06   2.10209517e-02   2.01901889e-02  -4.48848708e-02   8.48912293e-15   4.49332714e-15   5.99691081e-15
  2.48000000e-06   2.37032994e-02   2.28605438e-02  -4.29323119e-02   5.83846953e-15   7.09038596e-15   6.99894919e-15
  2.56000000e-06   2.69045813e-02   2.60156828e-02  -4.18861517e-02   2.28709535e-15   9.07249635e-15   7.10403123e-15
  2.64000000e-06   3.06905651e-02   2.96196212e-02  -4.17317463e-02  -1.91083066e-15   1.02254161e-14   5.85234263e-15
  2.72000000e-06   3.46721036e-02   3.34301746e-02  -4.27077129e-02  -6.28418218e-15   1.01005920e-14   2.80461610e-15
  2.80000000e-06   3.85703273e-02   3.71616600e-02  -4.39714286e-02  -9.63016104e-15   7.74579376e-15  -1.90105057e-15
  2.88000000e-06   4.18774025e-02   4.03030931e-02  -4.48682388e-02  -1.02750981e-14   2.88235532e-15  -7.00109012e-15
  2.96000000e-06   4.48658906e-02   4.29421134e-02  -4.45710826e-02  -7.00136799e-15  -3.47213799e-15  -1.03929168e-14
  3.04000000e-06   4.64846010e-02   4.44498309e-02  -4.25418865e-02  -6.01988720e-16  -8.81272111e-15  -9.86573946e-15
  3.12000000e-06   4.77280749e-02   4.55284599e-02  -3.88669292e-02   6.29475820e-15  -1.11657745e-14  -5.34963341e-15
  3.20000000e-06   4.95020934e-02   4.71398424e-02  -3.41729082e-02   1.10067234e-14  -1.02462045e-14   1.80995379e-15
  3.28000000e-06   5.21863513e-02   4.97221472e-02  -2.94560590e-02   1.17829364e-14  -6.53649535e-15   9.84177396e-15
  3.36000000e-06   5.56054130e-02   5.30448571e-02  -2.60654782e-02   7.90530105e-15  -3.23132350e-16   1.62067627e-14
  3.44000000e-06   5.99389239e-02   5.75003631e-02  -2.52531110e-02   6.74927008e-17   7.73767390e-15   1.77785818e-14
  3.52000000e-06   6.43075852e-02   6.16144414e-02  -2.70228786e-02  -9.45576852e-15   1.47673384e-14   1.11684500e-14
  3.60000000e-06   6.88132177e-02   6.59251458e-02  -3.06803962e-02  -1.62796263e-14   1.55182010e-14  -3.16859675e-15
  3.68000000e-06   7.24502782e-02   6.91067046e-02  -3.38111104e-02  -1.44963187e-14   6.15780420e-15  -1.84766711e-14
  3.76000000e-06   7.51870192e-02   7.14178542e-02  -3.41870628e-02  -2.26339010e-15  -8.83091037e-15  -2.34258856e-14
  3.84000000e-06   7.70834537e-02   7.29577713e-02  -3.05564085e-02   1.30490343e-14  -1.88915578e-14  -1.21879939e-14
  3.92000000e-06   7.90282018e-02   7.47876535e-02  -2.47862891e-02   1.92774268e-14  -1.73808917e-14   9.02048175e-15
  4.00000000e-06   8.22477345e-02   7.79132944e-02  -2.02628243e-02   1.09241239e-14  -4.62582623e-15   2.65545944e-14
  4.08000000e-06   8.66199689e-02   8.23256919e-02  -2.01467126e-02  -7.17597530e-15   1.40049889e-14   2.63758983e-14
  4.16000000e-06   9.08881890e-02   8.66019365e-02  -2.45257910e-02  -2.21894234e-14   2.41591550e-14   3.07729505e-15
  4.24000000e-06   9.45838377e-02   8.99419847e-02  -2.96230462e-02  -1.94096558e-14   1.15586297e-14  -2.68788575e-14
  4.32000000e-06   9.63901849e-02   9.11876331e-02  -2.99511076e-02   3.56839998e-15  -1.44695964e-14  -3.25693970e-14
  4.40000000e-06   9.83066643e-02   9.26680199e-02  -2.45470290e-02   2.44204763e-14  -2.72482746e-14  -5.06570827e-15
  4.48000000e-06   1.00800157e-01   9.49730976e-02  -1.81532159e-02   1.90593483e-14  -1.44549146e-14   3.02071708e-14
  4.56000000e-06   1.05084461e-01   9.93715458e-02  -1.71559867e-02  -8.31679794e-15   1.50914835e-14   3.64711065e-14
  4.64000000e-06   1.08566210e-01   1.03006267e-01  -2.23556693e-02  -2.92312858e-14   3.08191080e-14   4.61343190e-17
  4.72000000e-06   1.11184088e-01   1.05214161e-01  -2.78556111e-02  -1.71398909e-14   7.49522800e-15  -4.01024773e-14
  4.80000000e-06   1.12977223e-01   1.06292450e-01  -2.62729891e-02   1.84534835e-14  -2.71925419e-14  -3.06603323e-14
  4.88000000e-06   1.14353251e-01   1.07418189e-01  -1.88903135e-02   3.01637451e-14  -2.86574704e-14   1.96390988e-14
  4.96000000e-06   1.16792889e-01   1.10028898e-01  -1.51041793e-02   3.49900026e-16   6.05983940e-15   4.68495023e-14
  5.04000000e-06   1.20221280e-01   1.13637641e-01  -1.97764594e-02  -3.20385728e-14   3.57578431e-14   1.07055920e-14
  5.12000000e-06   1.22729636e-01   1.15963249e-01  -2.64000384e-02  -2.18177839e-14   1.30242020e-14  -4.42181138e-14
  5.20000000e-06   1.23725231e-01   1.16079809e-01  -2.48774227e-02   2.18854349e-14  -3.07798925e-14  -3.47762527e-14
  5.28000000e-06   1.24256587e-01   1.16386638e-01  -1.73566639e-02   3.21056694e-14  -3.02074423e-14   2.72862506e-14
  5.36000000e-06   1.26730032e-01   1.19317292e-01  -1.45177332e-02  -7.94079101e-15   1.45720696e-14   5.04461117e-14
  5.44000000e-06   1.29073734e-01   1.21880746e-01  -2.05727546e-02  -3.78075172e-14   3.91840142e-14  -5.06400402e-15
  5.52000000e-06   1.30753002e-01   1.23144525e-01  -2.60812831e-02  -9.50943194e-15  -1.54500934e-15  -5.49683928e-14
  5.60000000e-06   1.30356558e-01   1.21870323e-01  -2.16932807e-02   3.50791262e-14  -4.02165742e-14  -1.51389157e-14
  5.68000000e-06   1.31174625e-01   1.23017952e-01  -1.43065536e-02   2.03553950e-14  -1.59290978e-14   4.96657928e-14
  5.76000000e-06   1.32874631e-01   1.25202434e-01  -1.58760402e-02  -2.88981442e-14   3.50281279e-14   3.43773772e-14
  5.84000000e-06   1.34491008e-01   1.26675158e-01  -2.39686479e-02  -3.24992686e-14   2.69401848e-14  -3.99775250e-14
  5.92000000e-06   1.34195176e-01   1.25865851e-01  -2.46590655e-02   1.85606134e-14  -2.89356905e-14  -4.66875167e-14
  6.00000000e-06   1.33289895e-01   1.24661288e-01  -1.65917830e-02   3.67311599e-14  -3.58687715e-14   2.55816498e-14
  6.08000000e-06   1.34375636e-01   1.26310695e-01  -1.34772936e-02  -8.88160519e-15   1.53310692e-14   5.51302575e-14
  6.16000000e-06   1.35126623e-01   1.27346940e-01  -2.01700973e-02  -4.03495342e-14   4.13795118e-14  -9.06005006e-15
  6.24000000e-06   1.34960559e-01   1.26779954e-01  -2.57007920e-02  -4.96903921e-15  -6.46007898e-15  -5.79605808e-14
  6.32000000e-06   1.33326468e-01   1.24811680e-01  -2.01707415e-02   3.83739561e-14  -4.21657442e-14  -7.26365566e-15
  6.40000000e-06   1.32921739e-01   1.24709489e-01  -1.34365605e-02   1.43120332e-14  -9.39196112e-15   5.44122638e-14
  6.48000000e-06   1.33385265e-01   1.25728964e-01  -1.65796085e-02  -3.35149674e-14   3.89262123e-14   2.55584781e-14
  6.56000000e-06   1.33102326e-01   1.25536888e-01  -2.43072899e-02  -2.73260610e-14   2.00317831e-14  -4.61768693e-14
  6.64000000e-06   1.31132447e-01   1.23018386e-01  -2.38620539e-02   2.33263655e-14  -3.25206970e-14  -3.94685322e-14
  6.72000000e-06   1.28941663e-01   1.20799038e-01  -1.61599702e-02   3.31458475e-14  -3.13638019e-14   3.00225573e-14
  6.80000000e-06   1.28434746e-01   1.20991626e-01  -1.39388489e-02  -1.06435448e-14   1.71157125e-14   5.04960578e-14
  6.88000000e-06   1.27889720e-01   1.20843999e-01  -2.05422536e-02  -3.73657422e-14   3.81332617e-14  -8.30086510e-15
  6.96000000e-06   1.26376824e-01   1.19068515e-01  -2.59935428e-02  -7.77563049e-15  -3.22085373e-15  -5.25577357e-14
  7.04000000e-06   1.23284223e-01   1.15565493e-01  -2.18396000e-02   3.21360321e-14  -3.71566261e-14  -1.52089823e-14
  7.12000000e-06   1.20852748e-01   1.13532737e-01  -1.47218443e-02   2.13745955e-14  -1.73897235e-14   4.13586558e-14
  7.20000000e-06   1.20126307e-01   1.13414139e-01  -1.55101067e-02  -1.89785737e-14   2.52932217e-14   3.79612464e-14
  7.28000000e-06   1.18899608e-01   1.12501843e-01  -2.25362807e-02  -3.27100641e-14   3.09623024e-14  -1.80108571e-14
  7.36000000e-06   1.16153034e-01   1.09644788e-01  -2.67390196e-02  -3.12812549e-15  -8.00493426e-15  -4.64130924e-14
  7.44000000e-06   1.12385584e-01   1.05788878e-01  -2.24438504e-02   2.84448431e-14  -3.28301658e-14  -1.23096577e-14
  7.52000000e-06   1.09769486e-01   1.03299247e-01  -1.60706217e-02   2.09770525e-14  -1.70454040e-14   3.37176051e-14
  7.60000000e-06   1.07869840e-01   1.02081741e-01  -1.56309191e-02  -1.06773989e-14   1.70042666e-14   3.73654173e-14
  7.68000000e-06   1.06370324e-01   1.01081353e-01  -2.15369588e-02  -2.86794024e-14   2.97835284e-14  -1.86089302e-15
  7.76000000e-06   1.03759153e-01   9.84781414e-02  -2.73137501e-02  -1.53655884e-14   6.12348421e-15  -3.62927498e-14
  7.84000000e-06   9.95900952e-02   9.41404169e-02  -2.68385064e-02   1.30761601e-14  -2.19119612e-14  -2.83378338e-14
  7.92000000e-06   9.54708983e-02   9.01620838e-02  -2.12689810e-02   2.48441892e-14  -2.48279825e-14   6.26990189e-15
  8.00000000e-06   9.23100510e-02   8.74276424e-02  -1.67064587e-02   1.16279504e-14  -6.32077728e-15   3.11715395e-14
  8.08000000e-06   9.05385098e-02   8.61430101e-02  -1.76051872e-02  -9.90974749e-15   1.60011390e-14   2.73312916e-14
  8.16000000e-06   8.83305162e-02   8.43617378e-02  -2.30869279e-02  -2.17884243e-14   2.31118209e-14   1.09025358e-15
  8.24000000e-06   8.55600674e-02   8.16658166e-02  -2.88329419e-02  -1.66105459e-14   9.16632303e-15  -2.33283227e-14
  8.32000000e-06   8.15238465e-02   7.76162943e-02  -3.02858700e-02   4.25304665e-16  -1.07845497e-14  -2.64936853e-14
  8.40000000e-06   7.69607795e-02   7.31070916e-02  -2.76497542e-02   1.48449547e-14  -1.96100147e-14  -1.05299981e-14
  8.48000000e-06   7.25750573e-02   6.90280264e-02  -2.31231764e-02   1.71330711e-14  -1.49404125e-14   9.17375796e-15
  8.56000000e-06   6.93643579e-02   6.61717912e-02  -2.01288080e-02   9.33422888e-15  -3.46233883e-15   2.07838254e-14
  8.64000000e-06   6.71149372e-02   6.42452985e-02  -2.04585359e-02  -1.72263875e-15   8.36302197e-15   2.06109593e-14
  8.72000000e-06   6.54552030e-02   6.29809789e-02  -2.38098361e-02  -1.07235218e-14   1.52001754e-14   1.07271476e-14
  8.80000000e-06   6.34034131e-02   6.09941545e-02  -2.89101671e-02  -1.43815981e-14   1.35168206e-14  -3.02299754e-15
  8.88000000e-06   6.02705612e-02   5.78285398e-02  -3.34102750e-02  -1.17197892e-14   4.56824894e-15  -1.32349436e-14
  8.96000000e-06   5.63636775e-02   5.39839742e-02  -3.57445614e-02  -4.48365698e-15  -5.59212726e-15  -1.55156653e-14
  9.04000000e-06   5.18398257e-02   4.96251055e-02  -3.55390607e-02   3.54917037e-15  -1.14534718e-14  -1.08160252e-14
  9.12000000e-06   4.73474754e-02   4.53141215e-02  -3.36721822e-02   8.90519543e-15  -1.17197105e-14  -3.24985955e-15
  9.20000000e-06   4.32249271e-02   4.15148999e-02  -3.12188524e-02   1.05678877e-14  -8.31987178e-15   3.56827763e-15
  9.28000000e-06   3.99962409e-02   3.84750399e-02  -2.92095738e-02   9.41688976e-15  -3.61730432e-15   8.12967230e-15
  9.36000000e-06   3.75753100e-02   3.62860604e-02  -2.85601279e-02   6.83845367e-15   1.00825617e-15   1.02780583e-14
  9.44000000e-06   3.61762330e-02   3.49979995e-02  -2.92486559e-02   3.59907872e-15   5.00624370e-15   1.04418345e-14
  9.52000000e-06   3.49127364e-02   3.39475982e-02  -3.12268185e-02   1.82166521e-16   7.91100521e-15   8.80395669e-15
  9.60000000e-06   3.41739759e-02   3.32854501e-02  -3.45778088e-02  -3.13883708e-15   9.38274675e-15   5.92988430e-15
  9.68000000e-06   3.33168532e-02   3.24636499e-02  -3.84006282e-02  -6.04626134e-15   8.87208171e-15   2.25459210e-15
  9.76000000e-06   3.24670180e-02   3.16135338e-02  -4.25245049e-02  -8.02114591e-15   6.25890065e-15  -1.47107466e-15
  9.84000000e-06   3.11988836e-02   3.03843753e-02  -4.62105646e-02  -8.30432353e-15   1.89752473e-15  -4.35897119e-15
  9.92000000e-06   2.91737637e-02   2.83835429e-02  -4.91534631e-02  -6.38833942e-15  -3.08629728e-15  -5.57380780e-15
  1.00000000e-05   2.68698803e-02   2.61352501e-02  -5.12619291e-02  -2.71287579e-15  -7.01838594e-15  -5.00023943e-15
  1.00800000e-05   2.41724171e-02   2.35045777e-02  -5.19381722e-02   1.78299843e-15  -8.66120784e-15  -3.08980167e-15
  1.01600000e-05   2.09854382e-02   2.04808622e-02  -5.18208389e-02   5.93829254e-15  -7.89328844e-15  -7.14841405e-16
  1.02400000e-05   1.87697825e-02   1.83362631e-02  -5.14328488e-02   8.75840891e-15  -5.15124724e-15   1.35980813e-15
  1.03200000e-05   1.69038537e-02   1.65208385e-02  -5.12536073e-02   1.00299122e-14  -1.38751774e-15   2.86070034e-15
  1.04000000e-05   1.54693858e-02   1.51308478e-02  -5.14335524e-02   9.69011820e-15   2.68926163e-15   3.70557692e-15
  1.04800000e-05   1.49034199e-02   1.45769793e-02  -5.24656413e-02   7.74966642e-15   6.58381481e-15   4.03061240e-15
  1.05600000e-05   1.55473091e-02   1.52559930e-02  -5.44135977e-02   4.06137247e-15   9.83676327e-15   3.91837727e-15
  1.06400000e-05   1.68165133e-02   1.64942760e-02  -5.73432891e-02  -1.05966064e-15   1.16439681e-14   3.03852514e-15
  1.07200000e-05   1.70621535e-02   1.67678925e-02  -6.13367659e-02  -6.50930189e-15   1.07009073e-14   1.11464885e-15
  1.08000000e-05   1.69419292e-02   1.66786640e-02  -6.59251653e-02  -1.11004153e-14   6.53087965e-15  -1.20039293e-15
  1.08800000e-05   1.75070322e-02   1.71917163e-02  -7.00651429e-02  -1.31517950e-14  -2.27845780e-16  -3.34211776e-15
  1.09600000e-05   1.66342713e-02   1.63013174e-02  -7.31072571e-02  -1.04331279e-14  -8.03613821e-15  -4.16575770e-15
  1.10400000e-05   1.57341296e-02   1.54067278e-02  -7.46299528e-02  -3.63508778e-15  -1.31889722e-14  -3.48913321e-15
  1.11200000e-05   1.44118965e-02   1.41343873e-02  -7.40821013e-02   4.70850226e-15  -1.33220657e-14  -1.62577446e-15
  1.12000000e-05   1.09479981e-02   1.06933366e-02  -7.25305077e-02   1.16530458e-14  -9.08168612e-15   4.20016326e-16
  1.12800000e-05   9.72464618e-03   9.54404524e-03  -7.11139606e-02   1.45112461e-14  -1.70515520e-15   1.75552950e-15
  1.13600000e-05   9.09231600e-03   8.96806316e-03  -7.05549688e-02   1.31620449e-14   6.02289181e-15   2.46172805e-15
  1.14400000e-05   9.88164709e-03   9.58428220e-03  -7.15932424e-02   7.91684142e-15   1.24284272e-14   2.75653092e-15
  1.15200000e-05   1.14943338e-02   1.13271370e-02  -7.50257335e-02  -5.42083046e-16   1.57800488e-14   2.29936960e-15
  1.16000000e-05   1.28827254e-02   1.26833197e-02  -7.99416440e-02  -1.02790705e-14   1.37953486e-14   5.32242923e-16
  1.16800000e-05   1.33391734e-02   1.31464151e-02  -8.53726833e-02  -1.73652140e-14   5.21761178e-15  -1.90979953e-15
  1.17600000e-05   1.30017504e-02   1.28113539e-02  -8.97002852e-02  -1.69957246e-14  -7.36960715e-15  -3.51602913e-15
  1.18400000e-05   1.19936178e-02   1.17654407e-02  -9.12602616e-02  -7.69242394e-15  -1.72256818e-14  -3.23172128e-15
  1.19200000e-05   1.04411425e-02   1.03093505e-02  -9.00332344e-02   5.68042527e-15  -1.82012568e-14  -1.42539593e-15
  1.20000000e-05   8.21283048e-03   8.05636468e-03  -8.73192044e-02   1.59099214e-14  -1.04878414e-14   5.28768131e-16
  1.20800000e-05   7.53856372e-03   7.35995888e-03  -8.47541233e-02   1.84754992e-14   1.40007379e-15   1.76490780e-15
  1.21600000e-05   7.99718881e-03   7.86592415e-03  -8.43351787e-02   1.35479999e-14   1.23447325e-14   2.43609661e-15
  1.22400000e-05   8.97558991e-03   8.82237721e-03  -8.68887107e-02   2.92957677e-15   1.87775047e-14   2.20922727e-15
  1.23200000e-05   1.00907702e-02   9.91258018e-03  -9.23797270e-02  -1.05581806e-14   1.75577960e-14   7.30711045e-16
  1.24000000e-05   1.10942850e-02   1.09165953e-02  -9.87680323e-02  -2.10269875e-14   6.37442109e-15  -1.65734208e-15
  1.24800000e-05   1.15586214e-02   1.13863763e-02  -1.03408920e-01  -2.00779065e-14  -1.08158375e-14  -3.43515931e-15
  1.25600000e-05   1.02789225e-02   1.01874466e-02  -1.04395637e-01  -5.59704875e-15  -2.24720359e-14  -2.74402555e-15
  1.26400000e-05   8.24283451e-03   8.08205736e-03  -1.01579924e-01   1.23132040e-14  -1.95037112e-14  -5.52613229e-16
  1.27200000e-05   6.78381724e-03   6.67149183e-03  -9.73333451e-02   2.16867500e-14  -5.48823271e-15   1.13531749e-15
  1.28000000e-05   6.49866029e-03   6.35978688e-03  -9.50229650e-02   1.92402095e-14   1.02825832e-14   2.00404843e-15
  1.28800000e-05   7.71665776e-03   7.69651159e-03  -9.64381390e-02   7.09837748e-15   2.10087410e-14   2.24464896e-15
  1.29600000e-05   8.95580474e-03   8.81934240e-03  -1.01933732e-01  -1.01719485e-14   2.14445100e-14   9.61688441e-16
  1.30400000e-05   9.99937864e-03   9.86569229e-03  -1.09334331e-01  -2.42941424e-14   7.98580622e-15  -1.50127430e-15
  1.31200000e-05   1.00940400e-02   9.87212535e-03  -1.14484157e-01  -2.25543156e-14  -1.39871739e-14  -3.19474157e-15
  1.32000000e-05   8.73537854e-03   8.72280536e-03  -1.14838081e-01  -2.96355254e-15  -2.66506174e-14  -2.24974066e-15
  1.32800000e-05   7.19130048e-03   7.16634303e-03  -1.10176204e-01   1.79854878e-14  -1.89006837e-14  -5.54542219e-17
  1.33600000e-05   5.91736387e-03   5.83855649e-03  -1.05497066e-01   2.51790347e-14   3.30121526e-16   1.43057005e-15
  1.34400000e-05   6.15603761e-03   6.11366908e-03  -1.04125789e-01   1.68990451e-14   1.81327676e-14   2.06374327e-15
  1.35200000e-05   7.98157395e-03   7.90002437e-03  -1.08133432e-01  -2.10699744e-15   2.59405004e-14   1.73964171e-15
  1.36000000e-05   9.77821971e-03   9.66249920e-03  -1.15914959e-01  -2.29326378e-14   1.66072352e-14  -5.50170351e-16
  1.36800000e-05   1.00334568e-02   9.87312245e-03  -1.22949029e-01  -2.84916165e-14  -8.75220306e-15  -3.02792936e-15
  1.37600000e-05   9.11136705e-03   8.96975838e-03  -1.24347222e-01  -8.93262404e-15  -2.88183017e-14  -2.73332701e-15
  1.38400000e-05   7.03966159e-03   6.81176827e-03  -1.19696543e-01   1.78334125e-14  -2.34718737e-14  -2.86923704e-16
  1.39200000e-05   5.80322067e-03   5.70335286e-03  -1.13761656e-01   2.81669171e-14  -8.07009233e-16   1.39639473e-15
  1.40000000e-05   6.17587680e-03   6.15943726e-03  -1.11956434e-01   1.84411625e-14   2.05952379e-14   2.15034915e-15
  1.40800000e-05   7.05050051e-03   6.97222573e-03  -1.16704979e-01  -4.36306305e-15   2.86116497e-14   1.44574039e-15
  1.41600000e-05   8.67140265e-03   8.58489897e-03  -1.25487813e-01  -2.77706058e-14   1.47884532e-14  -9.07281161e-16
  1.42400000e-05   9.19507276e-03   9.03863453e-03  -1.32393804e-01  -2.89113940e-14  -1.61131534e-14  -3.10802518e-15
  1.43200000e-05   7.82550073e-03   7.63508184e-03  -1.31642329e-01  -9.32818222e-16  -3.30449263e-14  -1.97201377e-15
  1.44000000e-05   5.99596885e-03   5.88459459e-03  -1.25035920e-01   2.60365916e-14  -1.81853545e-14   3.92696383e-16
  1.44800000e-05   5.07401947e-03   5.09169511e-03  -1.19346446e-01   2.88178437e-14   9.63599908e-15   1.63629397e-15
  1.45600000e-05   5.85373773e-03   5.80112043e-03  -1.20185868e-01   9.80963922e-15   2.90293416e-14   1.87897100e-15
  1.46400000e-05   7.30511204e-03   7.30052144e-03  -1.28092572e-01  -1.94204154e-14   2.66221476e-14   4.09760288e-16
  1.47200000e-05   8.85302217e-03   8.77679191e-03  -1.37607186e-01  -3.54816001e-14  -2.87953972e-15  -2.46638655e-15
  1.48000000e-05   8.52526774e-03   8.51504542e-03  -1.40376806e-01  -1.43952394e-14  -3.32906322e-14  -2.89360135e-15
  1.48800000e-05   6.36229544e-03   6.42555134e-03  -1.34250418e-01   2.14470613e-14  -2.77581324e-14  -3.12168598e-16
  1.49600000e-05   5.20433559e-03   5.13058425e-03  -1.26457580e-01   3.30677008e-14   2.74855259e-15   1.47240753e-15
  1.50400000e-05   6.37000684e-03   6.37131076e-03  -1.25510214e-01   1.62072640e-14   2.85765917e-14   2.27320726e-15
  1.51200000e-05   8.52286246e-03   8.52780613e-03  -1.33132934e-01  -1.63742893e-14   3.12223500e-14   9.51697885e-16
  1.52000000e-05   9.71649210e-03   9.64627114e-03  -1.43493561e-01  -3.80603385e-14   9.35131415e-16  -2.51434590e-15
  1.52800000e-05   8.95190121e-03   8.88109944e-03  -1.47259813e-01  -1.73285766e-14  -3.49110226e-14  -3.15885210e-15
  1.53600000e-05   6.77373809e-03   6.70768412e-03  -1.40789359e-01   2.29852052e-14  -2.98087681e-14  -3.14313821e-16
  1.54400000e-05   5.60453561e-03   5.58084339e-03  -1.32403329e-01   3.52120703e-14   4.60876603e-15   1.68476204e-15
  1.55200000e-05   6.74074160e-03   6.59846939e-03  -1.31774232e-01   1.45424598e-14   3.22164911e-14   2.35711101e-15
  1.56000000e-05   8.25431109e-03   8.15057778e-03  -1.40658945e-01  -2.21464465e-14   3.09260794e-14   4.92409183e-16
  1.56800000e-05   9.25672963e-03   9.19248450e-03  -1.51477436e-01  -4.03397283e-14  -7.08789787e-15  -2.89527841e-15
  1.57600000e-05   8.20662139e-03   8.17243976e-03  -1.52960199e-01  -8.61011578e-15  -4.04568596e-14  -2.62350082e-15
  1.58400000e-05   6.15193547e-03   6.13887445e-03  -1.44102841e-01   3.16618459e-14  -2.32987253e-14   3.59144090e-16
  1.59200000e-05   5.50114670e-03   5.51940800e-03  -1.36479345e-01   3.37446769e-14   1.57474433e-14   1.99701267e-15
  1.60000000e-05   7.20224828e-03   7.20550462e-03  -1.39535166e-01   2.72056193e-15   3.80592721e-14   2.10578044e-15
  1.60800000e-05   9.34472804e-03   9.37713603e-03  -1.51122032e-01  -3.60592809e-14   2.09821235e-14  -9.27806121e-16
  1.61600000e-05   9.88669084e-03   9.85254503e-03  -1.59706386e-01  -3.42939841e-14  -2.74658765e-14  -3.81739779e-15
  1.62400000e-05   7.88758510e-03   7.90992482e-03  -1.55390280e-01   1.40123549e-14  -4.06762309e-14  -1.35930179e-15
  1.63200000e-05   6.34496799e-03   6.27405311e-03  -1.44768602e-01   4.00994220e-14  -3.58061716e-15   1.60231268e-15
  1.64000000e-05   7.14492070e-03   7.14455883e-03  -1.41901578e-01   2.09478881e-14   3.33634154e-14   2.73455650e-15
  1.64800000e-05   9.26372202e-03   9.19332588e-03  -1.51341265e-01  -2.27199688e-14   3.57787540e-14   7.82696440e-16
  1.65600000e-05   1.03271956e-02   1.03645026e-02  -1.63585885e-01  -4.48085405e-14  -9.42009875e-15  -3.42560851e-15
  1.66400000e-05   9.00760186e-03   8.92315527e-03  -1.64011942e-01  -3.90156842e-15  -4.57796778e-14  -2.70494296e-15
  1.67200000e-05   6.72408466e-03   6.57212098e-03  -1.53337151e-01   3.92682060e-14  -1.82216961e-14   9.40982335e-16
  1.68000000e-05   6.56872026e-03   6.61544291e-03  -1.46488410e-01   3.12985182e-14   2.69089556e-14   2.61867727e-15
  1.68800000e-05   8.84614156e-03   8.81067872e-03  -1.53398497e-01  -1.24517379e-14   4.17498224e-14   1.67990197e-15
  1.69600000e-05   1.03695444e-02   1.01297969e-02  -1.66987915e-01  -4.74512817e-14   2.43650613e-15  -2.79880649e-15
  1.70400000e-05   9.36110815e-03   9.10304639e-03  -1.70457698e-01  -1.45928422e-14  -4.61896843e-14  -3.26809536e-15
  1.71200000e-05   7.02551167e-03   6.90970474e-03  -1.59813672e-01   3.77092686e-14  -2.59232010e-14   5.36908013e-16
  1.72000000e-05   6.49679900e-03   6.27820689e-03  -1.51189267e-01   3.61028121e-14   2.38800867e-14   2.54301675e-15
  1.72800000e-05   8.32296468e-03   8.12602853e-03  -1.57078632e-01  -8.72158087e-15   4.43381788e-14   1.83159156e-15
  1.73600000e-05   1.08141895e-02   1.03974723e-02  -1.71493696e-01  -4.92955344e-14   5.75003202e-15  -2.75989999e-15
  1.74400000e-05   1.01854172e-02   9.82288445e-03  -1.75486745e-01  -1.66739482e-14  -4.79019983e-14  -3.64908991e-15
  1.75200000e-05   7.58796031e-03   7.26120767e-03  -1.64280888e-01   3.96558482e-14  -2.67132625e-14   6.50936678e-16
  1.76000000e-05   7.08410192e-03   6.80089935e-03  -1.55323937e-01   3.65807969e-14   2.64903942e-14   2.82828653e-15
  1.76800000e-05   8.97620455e-03   8.64623089e-03  -1.62081494e-01  -1.26826952e-14   4.56402958e-14   1.73230183e-15
  1.77600000e-05   1.12774592e-02   1.08409511e-02  -1.77027928e-01  -5.19348293e-14  -7.60176396e-17  -3.31313272e-15
  1.78400000e-05   1.04167049e-02   1.00713069e-02  -1.79550724e-01  -9.36377973e-15  -5.18362496e-14  -3.45082711e-15
  1.79200000e-05   7.91984707e-03   7.68510985e-03  -1.66751444e-01   4.49883792e-14  -1.99119570e-14   1.21903296e-15
  1.80000000e-05   7.85420699e-03   7.63352965e-03  -1.59353542e-01   3.17916598e-14   3.45575461e-14   3.22235906e-15
  1.80800000e-05   1.03018933e-02   9.98835673e-03  -1.69291060e-01  -2.47007388e-14   4.37536829e-14   1.07839727e-15
  1.81600000e-05   1.18393283e-02   1.16660201e-02  -1.83812264e-01  -5.20512646e-14  -1.63167925e-14  -4.38819492e-15
  1.82400000e-05   1.03525948e-02   1.00463683e-02  -1.81478156e-01   8.50599529e-15  -5.33021105e-14  -2.46549515e-15
  1.83200000e-05   8.13175363e-03   7.75689951e-03  -1.67075673e-01   4.97344287e-14  -3.75635961e-15   2.24623017e-15
  1.84000000e-05   8.61677807e-03   8.66343719e-03  -1.64195082e-01   1.82428360e-14   4.54376991e-14   3.35479671e-15
  1.84800000e-05   1.14349373e-02   1.17394781e-02  -1.78463695e-01  -4.30363900e-14   3.21131657e-14  -6.45098243e-16
  1.85600000e-05   1.23153436e-02   1.26951884e-02  -1.89733059e-01  -4.01611138e-14  -4.03453992e-14  -5.30635180e-15
  1.86400000e-05   9.43521655e-03   9.54306978e-03  -1.80447771e-01   3.32484845e-14  -4.31700832e-14  -5.44581206e-16
  1.87200000e-05   8.10288864e-03   8.33891231e-03  -1.67582001e-01   4.63045447e-14   2.03470452e-14   3.25138016e-15
  1.88000000e-05   1.02443983e-02   1.06357326e-02  -1.72365175e-01  -7.43232862e-15   5.16804396e-14   2.74718834e-15
  1.88800000e-05   1.28148826e-02   1.32584604e-02  -1.89227203e-01  -5.74825814e-14   2.30376998e-15  -3.73143014e-15
  1.89600000e-05   1.15383225e-02   1.19679615e-02  -1.91483913e-01  -7.14342759e-15  -5.77333729e-14  -4.03884557e-15
  1.90400000e-05   8.55371878e-03   9.06407845e-03  -1.76344855e-01   5.17585695e-14  -1.48065487e-14   1.74952952e-15
  1.91200000e-05   8.92599901e-03   9.50446100e-03  -1.70293969e-01   2.61481587e-14   4.48269212e-14   3.87244577e-15
  1.92000000e-05   1.21302143e-02   1.23888619e-02  -1.84577906e-01  -4.17975647e-14   3.83005555e-14  -1.76148516e-16
  1.92800000e-05   1.33043366e-02   1.37378768e-02  -1.97211720e-01  -4.46235185e-14  -4.06945375e-14  -5.84520461e-15
  1.93600000e-05   1.04715407e-02   1.07832575e-02  -1.86986603e-01   3.54434288e-14  -4.53947912e-14  -6.32967364e-16
  1.94400000e-05   9.10971758e-03   9.40290576e-03  -1.73311253e-01   4.75922306e-14   2.40065280e-14   3.80403978e-15
  1.95200000e-05   1.15665603e-02   1.17261737e-02  -1.79846838e-01  -1.35019825e-14   5.38910919e-14   2.64538879e-15
  1.96000000e-05   1.42781920e-02   1.42707422e-02  -1.97318449e-01  -6.05461032e-14  -7.63759344e-15  -4.93356306e-15
  1.96800000e-05   1.23689554e-02   1.24645533e-02  -1.96231152e-01   5.73127259e-15  -6.05046007e-14  -3.48198010e-15
  1.97600000e-05   9.46340604e-03   9.61390541e-03  -1.79367017e-01   5.56226355e-14  -2.00886244e-15   2.82697778e-15
  1.98400000e-05   1.07151555e-02   1.09649610e-02  -1.77329197e-01   1.34328912e-14   5.33471990e-14   4.11035230e-15
  1.99200000e-05   1.41683952e-02   1.40969372e-02  -1.94709607e-01  -5.61222651e-14   2.33432767e-14  -2.39378908e-15
  2.00000000e-05   1.42557833e-02   1.39847326e-02  -2.02330130e-01  -2.53628547e-14  -5.76097238e-14  -5.76890816e-15
  2.00800000e-05   1.07077049e-02   1.02769151e-02  -1.86726852e-01   5.17410399e-14  -2.70698569e-14   1.47720138e-15
  2.01600000e-05   1.02554122e-02   1.04931501e-02  -1.77237138e-01   3.41381716e-14   4.34640089e-14   4.54856920e-15
  2.02400000e-05   1.40108753e-02   1.36383310e-02  -1.91165617e-01  -4.05707994e-14   4.43014878e-14   1.87094030e-16
  2.03200000e-05   1.54851205e-02   1.52937209e-02  -2.05279973e-01  -4.87070325e-14  -4.18777111e-14  -6.79413714e-15
  2.04000000e-05   1.22963397e-02   1.18355839e-02  -1.94160011e-01   3.90894452e-14  -4.69504663e-14  -3.86429130e-16
  2.04800000e-05   1.08139671e-02   1.02791339e-02  -1.79372655e-01   4.80525359e-14   2.93249227e-14   4.57747224e-15
  2.05600000e-05   1.33165246e-02   1.30440333e-02  -1.87910777e-01  -2.19321361e-14   5.50565376e-14   2.26756275e-15
  2.06400000e-05   1.63683674e-02   1.59173516e-02  -2.05827240e-01  -6.13483361e-14  -2.08894188e-14  -6.49416631e-15
  2.07200000e-05   1.34714075e-02   1.33369568e-02  -2.00257335e-01   2.14502876e-14  -5.95317181e-14  -2.52178723e-15
  2.08000000e-05   1.08781889e-02   1.05172611e-02  -1.82548360e-01   5.59515141e-14   1.36308617e-14   4.11951372e-15
  2.08800000e-05   1.27117168e-02   1.23299513e-02  -1.85600357e-01  -4.19772094e-15   5.85266828e-14   3.60059065e-15
  2.09600000e-05   1.60640770e-02   1.58456558e-02  -2.04752775e-01  -6.48371579e-14  -2.26271460e-17  -5.08861303e-15
  2.10400000e-05   1.47752153e-02   1.45188160e-02  -2.04827843e-01   2.17196161e-15  -6.48465564e-14  -4.43984572e-15
  2.11200000e-05   1.13473568e-02   1.08846072e-02  -1.85974192e-01   5.88784164e-14  -2.22034262e-15   3.46256022e-15
  2.12000000e-05   1.28165006e-02   1.22615493e-02  -1.83878007e-01   1.15104844e-14   5.70986123e-14   4.60980405e-15
  2.12800000e-05   1.63798055e-02   1.59106245e-02  -2.02365956e-01  -6.16770678e-14   1.84183213e-14  -3.54413061e-15
  2.13600000e-05   1.59952461e-02   1.56255443e-02  -2.07886596e-01  -1.65875893e-14  -6.38032722e-14  -6.07198084e-15
  2.14400000e-05   1.21084161e-02   1.16821692e-02  -1.89622970e-01   5.76794415e-14  -1.74437832e-14   2.60846799e-15
  2.15200000e-05   1.25724954e-02   1.20072719e-02  -1.82633891e-01   2.49796897e-14   5.22412942e-14   5.15420468e-15
  2.16000000e-05   1.60898945e-02   1.56755077e-02  -1.99606497e-01  -5.40520057e-14   3.36113207e-14  -1.71746189e-15
  2.16800000e-05   1.68434380e-02   1.64042856e-02  -2.09538402e-01  -3.36343094e-14  -5.73243885e-14  -7.19144095e-15
  2.17600000e-05   1.30634082e-02   1.26508646e-02  -1.93147318e-01   5.26494313e-14  -3.17843799e-14   1.47908410e-15
  2.18400000e-05   1.24315232e-02   1.18661567e-02  -1.81914065e-01   3.64752869e-14   4.47009288e-14   5.40844161e-15
  2.19200000e-05   1.57431571e-02   1.52796900e-02  -1.95994156e-01  -4.29847862e-14   4.54267670e-14   8.87305943e-17
  2.20000000e-05   1.72276859e-02   1.68224794e-02  -2.09451422e-01  -4.79181238e-14  -4.59972730e-14  -7.63569208e-15
  2.20800000e-05   1.38272076e-02   1.34410081e-02  -1.96511567e-01   4.37444719e-14  -4.47837411e-14   1.48859948e-17
  2.21600000e-05   1.23968719e-02   1.18411193e-02  -1.81711887e-01   4.60093516e-14   3.46725328e-14   5.39829094e-15
  2.22400000e-05   1.52616865e-02   1.47444295e-02  -1.91973211e-01  -2.93428727e-14   5.36936033e-14   1.79118650e-15
  2.23200000e-05   1.77101677e-02   1.72886229e-02  -2.08618623e-01  -5.86729497e-14  -3.05252804e-14  -7.51058472e-15
  2.24000000e-05   1.46414467e-02   1.42913541e-02  -1.99705741e-01   3.06160775e-14  -5.56964268e-14  -1.74113015e-15
  2.24800000e-05   1.21786297e-02   1.17400674e-02  -1.82021870e-01   5.33314471e-14   2.19083523e-14   4.98132163e-15
  2.25600000e-05   1.41102705e-02   1.38316310e-02  -1.87491892e-01  -1.34586437e-14   5.80443159e-14   3.26916781e-15
  2.26400000e-05   1.77266870e-02   1.72518892e-02  -2.05714717e-01  -6.42335090e-14  -1.11459148e-14  -6.46981127e-15
  2.27200000e-05   1.54300637e-02   1.51978362e-02  -2.02213844e-01   1.26594503e-14  -6.29077173e-14  -3.76198308e-15
  2.28000000e-05   1.23125073e-02   1.19604177e-02  -1.83281451e-01   5.76519983e-14   6.03432557e-15   4.26673674e-15
  2.28800000e-05   1.35736579e-02   1.32593632e-02  -1.83311997e-01   4.00423082e-15   5.78776330e-14   4.48291780e-15
  2.29600000e-05   1.71118417e-02   1.66766960e-02  -2.01446035e-01  -6.29332245e-14   1.04754315e-14  -4.47865746e-15
  2.30400000e-05   1.66938034e-02   1.59185513e-02  -2.04034058e-01  -9.46849813e-15  -6.37722686e-14  -5.75015460e-15
  2.31200000e-05   1.28921555e-02   1.26397018e-02  -1.85272238e-01   5.70762357e-14  -1.28010232e-14   3.09833032e-15
  2.32000000e-05   1.31953737e-02   1.27768113e-02  -1.79331208e-01   2.20358933e-14   5.20016205e-14   5.32638325e-15
  2.32800000e-05   1.63323993e-02   1.60539437e-02  -1.95418586e-01  -5.30012150e-14   3.17711901e-14  -1.81960232e-15
  2.33600000e-05   1.71231938e-02   1.68932540e-02  -2.04225556e-01  -3.34943688e-14  -5.47394187e-14  -7.33628787e-15
  2.34400000e-05   1.35924845e-02   1.34537936e-02  -1.88495161e-01   4.89950742e-14  -3.35644302e-14   1.13740783e-15
  2.35200000e-05   1.24811240e-02   1.26663637e-02  -1.76679817e-01   3.88425777e-14   3.94754918e-14   5.57398115e-15
  2.36000000e-05   1.50077096e-02   1.48262476e-02  -1.87958160e-01  -3.41423672e-14   4.83635352e-14   1.08881154e-15
  2.36800000e-05   1.72989897e-02   1.71199875e-02  -2.02254748e-01  -5.36906159e-14  -3.34585356e-14  -7.42431583e-15
  2.37600000e-05   1.45003917e-02   1.44017601e-02  -1.92484304e-01   3.03228500e-14  -5.22520455e-14  -1.62521416e-15
  2.38400000e-05   1.21735714e-02   1.25084655e-02  -1.76147695e-01   5.13542131e-14   1.96365482e-14   4.94350646e-15
  2.39200000e-05   1.39036043e-02   1.40506877e-02  -1.80094413e-01  -8.61887761e-15   5.56673007e-14   3.67768430e-15
  2.40000000e-05   1.68316390e-02   1.68283386e-02  -1.96985956e-01  -6.14305499e-14  -2.00102487e-15  -5.41993340e-15
  2.40800000e-05   1.57621977e-02   1.58576009e-02  -1.96181424e-01   1.27064385e-16  -6.11704908e-14  -4.93428173e-15
  2.41600000e-05   1.22670641e-02   1.27939979e-02  -1.78059407e-01   5.48860442e-14  -7.19668073e-15   3.26417072e-15
  2.42400000e-05   1.24864462e-02   1.29465504e-02  -1.73367074e-01   1.88778883e-14   5.03421609e-14   5.11905195e-15
  2.43200000e-05   1.54292678e-02   1.57799156e-02  -1.88259704e-01  -5.00177568e-14   3.04479940e-14  -1.54717436e-15
  2.44000000e-05   1.61777980e-02   1.67102691e-02  -1.96821581e-01  -3.50632425e-14  -4.96657839e-14  -7.09868632e-15
  2.44800000e-05   1.33361007e-02   1.37400182e-02  -1.83201389e-01   4.28986988e-14  -3.71515064e-14   3.36454835e-16
  2.45600000e-05   1.19609007e-02   1.22079916e-02  -1.70045466e-01   4.20984171e-14   3.10758102e-14   5.19218909e-15
  2.46400000e-05   1.37537425e-02   1.41072615e-02  -1.77563269e-01  -2.09531370e-14   5.06798785e-14   2.40348270e-15
  2.47200000e-05   1.62098025e-02   1.66191801e-02  -1.92623474e-01  -5.73370049e-14  -1.45881391e-14  -6.08370521e-15
  2.48000000e-05   1.45281304e-02   1.51780769e-02  -1.88690097e-01   9.77050052e-15  -5.71716657e-14  -3.84656557e-15
  2.48800000e-05   1.22546413e-02   1.24135042e-02  -1.71744872e-01   5.25821154e-14  -1.06653796e-15   3.67484330e-15
  2.49600000e-05   1.24802321e-02   1.23719531e-02  -1.68434196e-01   1.47534688e-14   4.93148550e-14   4.71547825e-15
  2.50400000e-05   1.50023666e-02   1.50037509e-02  -1.82529594e-01  -4.85499426e-14   2.77505818e-14  -1.70931856e-15
  2.51200000e-05   1.59858344e-02   1.61020068e-02  -1.90560845e-01  -3.43832294e-14  -4.66745032e-14  -6.82825362e-15
  2.52000000e-05   1.32583735e-02   1.34095684e-02  -1.77996907e-01   3.86474269e-14  -3.81343639e-14   5.82402891e-18
  2.52800000e-05   1.18254859e-02   1.17704942e-02  -1.64852739e-01   4.30335125e-14   2.53400728e-14   4.89623274e-15
  2.53600000e-05   1.29000069e-02   1.28192042e-02  -1.69889374e-01  -1.22967039e-14   5.01341881e-14   2.84922369e-15
  2.54400000e-05   1.52137028e-02   1.52759292e-02  -1.84547493e-01  -5.58188413e-14  -1.77682283e-15  -4.74866318e-15
  2.55200000e-05   1.51555829e-02   1.47572788e-02  -1.84612685e-01  -5.36185908e-15  -5.55945883e-14  -4.88420900e-15
  2.56000000e-05   1.24967166e-02   1.21446758e-02  -1.69026061e-01   4.86250598e-14  -1.54605160e-14   2.48417692e-15
  2.56800000e-05   1.17325160e-02   1.15381509e-02  -1.61670218e-01   2.79595697e-14   3.97450671e-14   4.86558804e-15
  2.57600000e-05   1.33381081e-02   1.31316815e-02  -1.71689101e-01  -3.18073584e-14   4.09074578e-14   6.57780371e-16
  2.58400000e-05   1.54248710e-02   1.51731828e-02  -1.83547234e-01  -4.91162322e-14  -2.46787111e-14  -6.16771016e-15
  2.59200000e-05   1.36288855e-02   1.31777669e-02  -1.77312311e-01   1.57384177e-14  -5.08345271e-14  -2.56828447e-15
  2.60000000e-05   1.16393501e-02   1.13575133e-02  -1.62619154e-01   4.85599644e-14   1.58558450e-15   3.58638395e-15
  2.60800000e-05   1.16839238e-02   1.15074585e-02  -1.60023303e-01   1.42815346e-14   4.55704170e-14   4.31977114e-15
  2.61600000e-05   1.36996748e-02   1.36202172e-02  -1.72130699e-01  -4.23362459e-14   2.92576597e-14  -1.05441460e-15
  2.62400000e-05   1.48934108e-02   1.46090191e-02  -1.80643308e-01  -3.86222297e-14  -3.72123871e-14  -6.19371520e-15
  2.63200000e-05   1.30842402e-02   1.28777507e-02  -1.71346299e-01   2.72183274e-14  -4.31755294e-14  -1.16648315e-15
  2.64000000e-05   1.11271462e-02   1.10454039e-02  -1.57969729e-01   4.52507850e-14   1.16525640e-14   4.00215520e-15
  2.64800000e-05   1.14820930e-02   1.15227215e-02  -1.58048299e-01   5.12959504e-15   4.64890845e-14   3.76200988e-15
  2.65600000e-05   1.36918815e-02   1.36344328e-02  -1.70675375e-01  -4.60595063e-14   2.06992273e-14  -2.04141389e-15
  2.66400000e-05   1.44138791e-02   1.44234068e-02  -1.76799437e-01  -3.10125945e-14  -4.17048449e-14  -5.93066216e-15
  2.67200000e-05   1.26388015e-02   1.26341915e-02  -1.66448421e-01   3.12346198e-14  -3.78601837e-14  -5.02045324e-16
  2.68000000e-05   1.12406396e-02   1.11948744e-02  -1.54218010e-01   4.24933157e-14   1.53283900e-14   4.20995867e-15
  2.68800000e-05   1.18220914e-02   1.17895470e-02  -1.55471308e-01   1.76786719e-15   4.55962479e-14   3.59203896e-15
  2.69600000e-05   1.41658386e-02   1.41723036e-02  -1.67517699e-01  -4.57162735e-14   1.78688443e-14  -2.35417909e-15
  2.70400000e-05   1.50053373e-02   1.49975796e-02  -1.72820333e-01  -2.90281964e-14  -4.10582902e-14  -6.08350205e-15
  2.71200000e-05   1.33041199e-02   1.33283151e-02  -1.62625256e-01   3.00387182e-14  -3.67888862e-14  -5.57694179e-16
  2.72000000e-05   1.18930485e-02   1.18984331e-02  -1.50867370e-01   4.15855351e-14   1.35730386e-14   4.34869832e-15
  2.72800000e-05   1.24486128e-02   1.24261644e-02  -1.51575336e-01   4.14898284e-15   4.37733034e-14   3.92928931e-15
  2.73600000e-05   1.44912588e-02   1.45670920e-02  -1.62734852e-01  -4.22626705e-14   2.10313766e-14  -1.88080975e-15
  2.74400000e-05   1.55071707e-02   1.54578649e-02  -1.68947775e-01  -3.27427494e-14  -3.59302954e-14  -6.29279113e-15
  2.75200000e-05   1.37104992e-02   1.37171751e-02  -1.60319418e-01   2.37686278e-14  -3.97392250e-14  -1.36745853e-15
  2.76000000e-05   1.18940032e-02   1.20501669e-02  -1.48343584e-01   4.20393241e-14   6.40006294e-15   3.89054699e-15
  2.76800000e-05   1.15066472e-02   1.15385550e-02  -1.46725990e-01   1.17686230e-14   4.03222008e-14   4.09387135e-15
  2.77600000e-05   1.34022943e-02   1.34139117e-02  -1.56460550e-01  -3.44894812e-14   2.87477009e-14  -4.89702080e-16
  2.78400000e-05   1.49019654e-02   1.48527749e-02  -1.64496498e-01  -3.98527250e-14  -2.45134268e-14  -5.82368837e-15
  2.79200000e-05   1.34121138e-02   1.33677626e-02  -1.59334158e-01   1.08211318e-14  -4.41471633e-14  -2.79296388e-15
  2.80000000e-05   1.14537184e-02   1.13457888e-02  -1.47171623e-01   4.12415807e-14  -6.44193357e-15   2.71302733e-15
  2.80800000e-05   1.09662433e-02   1.07908471e-02  -1.42243913e-01   2.31157342e-14   3.28214659e-14   4.27198724e-15
  2.81600000e-05   1.21972278e-02   1.21193624e-02  -1.48878537e-01  -2.02544672e-14   3.69610688e-14   1.34939692e-15
  2.82400000e-05   1.37975935e-02   1.35172471e-02  -1.58470246e-01  -4.43015356e-14  -5.10858599e-15  -4.29297370e-15
  2.83200000e-05   1.41092832e-02   1.40129800e-02  -1.58181629e-01  -9.50837713e-15  -4.34237910e-14  -4.69493901e-15
  2.84000000e-05   1.25246706e-02   1.25028789e-02  -1.47572304e-01   3.40993642e-14  -2.37034805e-14   8.85813630e-16
  2.84800000e-05   1.16149474e-02   1.16920284e-02  -1.39004653e-01   3.42280786e-14   1.83950182e-14   4.40727986e-15
  2.85600000e-05   1.27604523e-02   1.26596161e-02  -1.40630911e-01   1.43663995e-16   3.93596356e-14   3.55619608e-15
  2.86400000e-05   1.43542293e-02   1.43570541e-02  -1.49978428e-01  -3.76116389e-14   1.86758921e-14  -1.81196254e-15
  2.87200000e-05   1.55788275e-02   1.56360608e-02  -1.55500204e-01  -3.20558185e-14  -2.87477109e-14  -6.10219794e-15
  2.88000000e-05   1.45920935e-02   1.45956075e-02  -1.49609275e-01   1.42918244e-14  -3.91319590e-14  -2.42369383e-15
  2.88800000e-05   1.24463887e-02   1.24231705e-02  -1.38842824e-01   3.80691644e-14  -4.35356742e-15   3.02311992e-15
  2.89600000e-05   1.19832607e-02   1.19699596e-02  -1.34504191e-01   2.17460479e-14   2.97840552e-14   4.58797969e-15
  2.90400000e-05   1.28702688e-02   1.28657359e-02  -1.39903331e-01  -1.58687427e-14   3.51470593e-14   1.77235092e-15
  2.91200000e-05   1.40704754e-02   1.40702098e-02  -1.48506192e-01  -4.07164354e-14   1.52790551e-15  -3.71298760e-15
  2.92000000e-05   1.39218044e-02   1.38814754e-02  -1.49918791e-01  -1.75443053e-14  -3.70519307e-14  -5.05996512e-15
  2.92800000e-05   1.24575140e-02   1.24736490e-02  -1.41747349e-01   2.45910178e-14  -3.01247886e-14  -4.89766403e-16
  2.93600000e-05   1.12444830e-02   1.12240599e-02  -1.32492389e-01   3.55723103e-14   5.92775074e-15   3.52115069e-15
  2.94400000e-05   1.16966909e-02   1.17012370e-02  -1.30534431e-01   1.36395490e-14   3.27679561e-14   4.15954017e-15
  2.95200000e-05   1.25599939e-02   1.24930966e-02  -1.36699981e-01  -2.20879828e-14   3.01092995e-14   7.22263888e-16
  2.96000000e-05   1.48829082e-02   1.48784281e-02  -1.44412603e-01  -3.84831500e-14  -5.75429436e-15  -4.55885450e-15
  2.96800000e-05   1.52089483e-02   1.51923206e-02  -1.44094837e-01  -1.09786150e-14  -3.71808520e-14  -5.07885379e-15
  2.97600000e-05   1.40044056e-02   1.39269584e-02  -1.35754788e-01   2.61986382e-14  -2.57691137e-14   5.90106809e-17
  2.98400000e-05   1.27745291e-02   1.27452208e-02  -1.27437597e-01   3.32107945e-14   7.96705152e-15   4.12589460e-15
  2.99200000e-05   1.25913209e-02   1.25929648e-02  -1.26375663e-01   1.15980609e-14   3.17791862e-14   4.32226480e-15
  3.00000000e-05   1.40281877e-02   1.39434018e-02  -1.32106485e-01  -2.12501699e-14   2.84650732e-14   7.47870788e-16
  3.00800000e-05   1.56632852e-02   1.56735087e-02  -1.38672113e-01  -3.65954815e-14  -4.27476982e-15  -4.61668963e-15
  3.01600000e-05   1.62495459e-02   1.62368878e-02  -1.38751076e-01  -1.28267670e-14  -3.44262078e-14  -5.53079394e-15
  3.02400000e-05   1.48814088e-02   1.49137602e-02  -1.31280607e-01   2.23095349e-14  -2.69898898e-14  -5.37196141e-16
  3.03200000e-05   1.40703194e-02   1.38996679e-02  -1.23111314e-01   3.24547448e-14   3.24435470e-15   4.07553182e-15
  3.04000000e-05   1.42947977e-02   1.42949212e-02  -1.20659284e-01   1.59546157e-14   2.76541868e-14   5.16646879e-15
  3.04800000e-05   1.53966324e-02   1.54462982e-02  -1.25150113e-01  -1.38457244e-14   3.04114727e-14   2.05007523e-15
  3.05600000e-05   1.70432523e-02   1.70777171e-02  -1.31978022e-01  -3.45365864e-14   5.41984936e-15  -3.75863418e-15
  3.06400000e-05   1.78905324e-02   1.78752434e-02  -1.34056372e-01  -2.18193813e-14  -2.74410711e-14  -6.57093849e-15
  3.07200000e-05   1.65029535e-02   1.65712074e-02  -1.28630980e-01   1.19223702e-14  -3.17158787e-14  -2.55627443e-15
  3.08000000e-05   1.44206992e-02   1.44185548e-02  -1.20462322e-01   3.03691508e-14  -7.84678848e-15   2.69632058e-15
  3.08800000e-05   1.33913824e-02   1.33798148e-02  -1.15515725e-01   2.33160844e-14   1.83971435e-14   4.83384383e-15
  3.09600000e-05   1.40178155e-02   1.40438181e-02  -1.16756430e-01  -2.33320501e-17   3.01658077e-14   3.62563375e-15
  3.10400000e-05   1.62633861e-02   1.62960869e-02  -1.22160026e-01  -2.49826780e-14   1.91979594e-14  -7.64991030e-16
  3.11200000e-05   1.86721369e-02   1.87029265e-02  -1.26339605e-01  -3.01590466e-14  -1.00306955e-14  -5.94221588e-15
  3.12000000e-05   1.85218278e-02   1.85008549e-02  -1.25136015e-01  -7.58731554e-15  -3.06054358e-14  -5.64791583e-15
  3.12800000e-05   1.75826659e-02   1.76156706e-02  -1.18969737e-01   1.97897728e-14  -2.31178601e-14  -4.98274994e-16
  3.13600000e-05   1.62457755e-02   1.62685464e-02  -1.12080813e-01   2.82520357e-14   8.24773718e-16   4.21476335e-15
  3.14400000e-05   1.63089181e-02   1.63166654e-02  -1.09193826e-01   1.69788209e-14   2.13886401e-14   5.73198599e-15
  3.15200000e-05   1.70989485e-02   1.70602209e-02  -1.11388223e-01  -5.47545284e-15   2.76859325e-14   3.39985347e-15
  3.16000000e-05   1.90655621e-02   1.90861502e-02  -1.16301645e-01  -2.57566780e-14   1.41329108e-14  -1.90300566e-15
  3.16800000e-05   2.07978399e-02   2.07861660e-02  -1.19453242e-01  -2.65986669e-14  -1.23376018e-14  -6.77793458e-15
  3.17600000e-05   2.09373373e-02   2.09477326e-02  -1.17397168e-01  -4.87008883e-15  -2.85949063e-14  -5.97088629e-15
  3.18400000e-05   1.98493775e-02   1.98042357e-02  -1.11148546e-01   1.85573175e-14  -2.10092394e-14  -4.29341894e-16
  3.19200000e-05   1.84260183e-02   1.84238206e-02  -1.05073777e-01   2.60044238e-14  -2.68516708e-16   4.51312307e-15
  3.20000000e-05   1.81261860e-02   1.81351242e-02  -1.02013277e-01   1.70185851e-14   1.81684479e-14   6.25378498e-15
  3.20800000e-05   1.89304945e-02   1.89541274e-02  -1.03123880e-01  -1.66857913e-15   2.54917643e-14   4.37907419e-15
  3.21600000e-05   2.11518000e-02   2.12301501e-02  -1.06875756e-01  -2.03626710e-14   1.70913232e-14  -6.34903472e-16
  3.22400000e-05   2.34165697e-02   2.34964757e-02  -1.10026991e-01  -2.60096476e-14  -4.19073779e-15  -6.43046119e-15
  3.23200000e-05   2.43440673e-02   2.43461318e-02  -1.09497670e-01  -1.20444852e-14  -2.29205508e-14  -7.77403310e-15
  3.24000000e-05   2.36796890e-02   2.36415721e-02  -1.05100827e-01   9.76881490e-15  -2.39290310e-14  -3.18168205e-15
  3.24800000e-05   2.24296302e-02   2.24102713e-02  -9.91324856e-02   2.25266748e-14  -9.43085480e-15   2.96489058e-15
  3.25600000e-05   2.14943760e-02   2.14972538e-02  -9.44391945e-02   2.09181749e-14   8.30817443e-15   6.65217502e-15
  3.26400000e-05   2.19156575e-02   2.19874655e-02  -9.33267927e-02   8.89877031e-15   2.03776822e-14   6.89058275e-15
  3.27200000e-05   2.35299411e-02   2.36423049e-02  -9.51552484e-02  -7.89184940e-15   2.20116611e-14   3.51753221e-15
  3.28000000e-05   2.62343802e-02   2.63120258e-02  -9.83655728e-02  -2.12523531e-14   1.10763083e-14  -2.70523712e-15
  3.28800000e-05   2.85731131e-02   2.86811497e-02  -1.00332596e-01  -2.16118355e-14  -7.74570930e-15  -8.36889807e-15
  3.29600000e-05   2.97832725e-02   2.98066729e-02  -9.88240596e-02  -7.07013626e-15  -2.15314481e-14  -8.62495053e-15
  3.30400000e-05   2.87801470e-02   2.87738736e-02  -9.38740564e-02   1.07160080e-14  -2.03705910e-14  -2.95856529e-15
  3.31200000e-05   2.75125629e-02   2.75073774e-02  -8.85055151e-02   2.01501299e-14  -8.10314590e-15   3.74536460e-15
  3.32000000e-05   2.70903096e-02   2.71419772e-02  -8.45274339e-02   1.86890769e-14   6.44339136e-15   8.05867668e-15
  3.32800000e-05   2.73166032e-02   2.73874683e-02  -8.27570117e-02   8.91018993e-15   1.70287066e-14   8.57654559e-15
  3.33600000e-05   2.98953931e-02   3.00373518e-02  -8.38853717e-02  -4.64144293e-15   2.00332325e-14   5.51928761e-15
  3.34400000e-05   3.27461063e-02   3.29418947e-02  -8.62061484e-02  -1.67783730e-14   1.35442622e-14  -1.19774201e-15
  3.35200000e-05   3.54821480e-02   3.56492860e-02  -8.80593142e-02  -2.01677499e-14  -8.81781933e-16  -8.48325913e-15
  3.36000000e-05   3.76968279e-02   3.77626922e-02  -8.73216395e-02  -1.09025964e-14  -1.52781946e-14  -1.13137942e-14
  3.36800000e-05   3.83562347e-02   3.84287869e-02  -8.38637756e-02   4.86848106e-15  -1.99463964e-14  -6.91334501e-15
  3.37600000e-05   3.70581887e-02   3.70902509e-02  -7.88821390e-02   1.60863144e-14  -1.31152252e-14   1.39046283e-15
  3.38400000e-05   3.65081980e-02   3.64895934e-02  -7.39630755e-02   1.83236069e-14  -1.21496675e-15   8.44513593e-15
  3.39200000e-05   3.75694799e-02   3.76334918e-02  -7.07972110e-02   1.27592131e-14   9.90160802e-15   1.20342182e-14
  3.40000000e-05   3.96076578e-02   3.97923812e-02  -7.03101424e-02   1.99425514e-15   1.71278106e-14   1.08169905e-14
  3.40800000e-05   4.21874832e-02   4.25088193e-02  -7.20132678e-02  -1.03419226e-14   1.76171881e-14   4.34067486e-15
  3.41600000e-05   4.57461450e-02   4.60965787e-02  -7.42760706e-02  -1.84818576e-14   9.34190219e-15  -5.58516363e-15
  3.42400000e-05   4.92989750e-02   4.96293579e-02  -7.54583137e-02  -1.61216721e-14  -5.10394081e-15  -1.38896188e-14
  3.43200000e-05   5.11436324e-02   5.14597068e-02  -7.38698737e-02  -3.00889855e-15  -1.69017360e-14  -1.38573999e-14
  3.44000000e-05   5.21234195e-02   5.22601309e-02  -6.92360365e-02   1.19401539e-14  -1.82481693e-14  -4.78493694e-15
  3.44800000e-05   5.31328176e-02   5.31934580e-02  -6.38750504e-02   1.91280967e-14  -9.75625274e-15   7.78646511e-15
  3.45600000e-05   5.34838507e-02   5.37265741e-02  -5.96070080e-02   1.53512650e-14   3.20948129e-15   1.66671543e-14
  3.46400000e-05   5.52808064e-02   5.57436555e-02  -5.85848052e-02   3.84646577e-15   1.47334467e-14   1.76484654e-14
  3.47200000e-05   5.85429542e-02   5.91786813e-02  -6.02787423e-02  -1.06732393e-14   1.98277180e-14   9.09997832e-15
  3.48000000e-05   6.27141686e-02   6.34145412e-02  -6.34574862e-02  -2.06583031e-14   1.36465356e-14  -6.77901900e-15
  3.48800000e-05   6.67949477e-02   6.74183609e-02  -6.52910515e-02  -1.67856782e-14  -3.29833678e-15  -2.05781180e-14
  3.49600000e-05   6.96732514e-02   7.01274255e-02  -6.35873474e-02   1.38509739e-15  -1.91573145e-14  -1.96100161e-14
  3.50400000e-05   7.12205049e-02   7.15654448e-02  -5.83236943e-02   1.89739346e-14  -2.07945040e-14  -2.34612584e-15
  3.51200000e-05   7.22924249e-02   7.26443363e-02  -5.25242221e-02   2.11656009e-14  -7.94116650e-15   1.81484238e-14
  3.52000000e-05   7.39422927e-02   7.45046900e-02  -4.99092944e-02   7.36148818e-15   1.05270484e-14   2.66210895e-14
  3.52800000e-05   7.70843062e-02   7.80947527e-02  -5.17477695e-02  -1.30744344e-14   2.32550096e-14   1.56192339e-14
  3.53600000e-05   8.16304498e-02   8.27445804e-02  -5.61289796e-02  -2.56337465e-14   1.80456377e-14  -1.06774708e-14
  3.54400000e-05   8.58138217e-02   8.67581396e-02  -5.85297976e-02  -1.49523258e-14  -5.98341658e-15  -3.07916034e-14
  3.55200000e-05   8.84925696e-02   8.91184571e-02  -5.58951955e-02   1.30108482e-14  -2.59090541e-14  -2.07103942e-14
  3.56000000e-05   8.96131629e-02   9.02333973e-02  -4.91801134e-02   2.75207233e-14  -2.07126224e-14   1.21441114e-14
  3.56800000e-05   9.08408526e-02   9.17714449e-02  -4.47170200e-02   1.31167907e-14   3.86639891e-15   3.45811386e-14
  3.57600000e-05   9.39848466e-02   9.51617668e-02  -4.62080716e-02  -1.55614388e-14   2.66373279e-14   2.32062433e-14
  3.58400000e-05   9.81226415e-02   9.96255672e-02  -5.16217996e-02  -3.08550799e-14   2.21723223e-14  -1.58586442e-14
  3.59200000e-05   1.02103273e-01   1.03278972e-01  -5.43507881e-02  -9.96149199e-15  -1.13404554e-14  -4.02631055e-14
  3.60000000e-05   1.04180612e-01   1.05012259e-01  -4.97840503e-02   2.60400495e-14  -3.24170004e-14  -1.38862577e-14
  3.60800000e-05   1.05376731e-01   1.06232617e-01  -4.28943337e-02   2.75057343e-14  -1.42775163e-14   3.22123306e-14
  3.61600000e-05   1.07275610e-01   1.08643075e-01  -4.16472970e-02  -7.14682866e-15   2.21058695e-14   3.92575114e-14
  3.62400000e-05   1.10412286e-01   1.12114388e-01  -4.72045551e-02  -3.50931769e-14   3.19717759e-14  -6.14817349e-15
  3.63200000e-05   1.14398873e-01   1.15856745e-01  -5.15641619e-02  -1.59758047e-14  -5.22835659e-15  -4.71908072e-14
  3.64000000e-05   1.16174046e-01   1.17088003e-01  -4.76974296e-02   2.92955131e-14  -3.68077899e-14  -1.90025404e-14
  3.64800000e-05   1.16940145e-01   1.18042014e-01  -4.03759686e-02   2.91148526e-14  -1.53632549e-14   3.94092228e-14
  3.65600000e-05   1.18408631e-01   1.20099407e-01  -3.99813855e-02  -1.59304114e-14   2.91214568e-14   4.02980408e-14
  3.66400000e-05   1.21882381e-01   1.23781092e-01  -4.67397021e-02  -3.95596611e-14   3.05126216e-14  -2.23523049e-14
  3.67200000e-05   1.24883043e-01   1.26312964e-01  -4.95668418e-02   1.37197817e-16  -2.06900538e-14  -5.23795395e-14
  3.68000000e-05   1.25634271e-01   1.26736391e-01  -4.29689767e-02   4.09654767e-14  -3.85937345e-14   5.94468789e-15
  3.68800000e-05   1.26539237e-01   1.28169246e-01  -3.73398566e-02   1.06517572e-14   5.74236109e-15   5.58079092e-14
  3.69600000e-05   1.27830020e-01   1.30026441e-01  -4.17853349e-02  -3.87522881e-14   4.19355446e-14   1.19425594e-14
  3.70400000e-05   1.30784694e-01   1.32557117e-01  -4.83164430e-02  -2.39138109e-14   3.42968408e-15  -5.53213614e-14
  3.71200000e-05   1.32228697e-01   1.33487655e-01  -4.48946546e-02   3.55346991e-14  -4.32128559e-14  -2.38263527e-14
  3.72000000e-05   1.32473964e-01   1.34011435e-01  -3.72060817e-02   2.84692773e-14  -1.36972273e-14   5.20305514e-14
  3.72800000e-05   1.32762739e-01   1.35114882e-01  -3.89320684e-02  -3.09629717e-14   4.03390313e-14   3.44105668e-14
  3.73600000e-05   1.34846250e-01   1.36972029e-01  -4.67046432e-02  -3.64615767e-14   1.96614269e-14  -4.76107131e-14
  3.74400000e-05   1.36331310e-01   1.37661092e-01  -4.59064573e-02   2.69600543e-14  -4.03988752e-14  -4.10803589e-14
  3.75200000e-05   1.35574177e-01   1.37278456e-01  -3.79775707e-02   3.76450329e-14  -2.50159700e-14   4.39612272e-14
  3.76000000e-05   1.35456502e-01   1.37913058e-01  -3.77425015e-02  -2.35553646e-14   3.58437955e-14   4.64357185e-14
  3.76800000e-05   1.37108934e-01   1.39358349e-01  -4.55825256e-02  -4.23006570e-14   2.87338918e-14  -3.93898805e-14
  3.77600000e-05   1.38006676e-01   1.39529253e-01  -4.64194016e-02   1.96670013e-14  -3.61394989e-14  -5.01587641e-14
  3.78400000e-05   1.36699800e-01   1.38409859e-01  -3.86515691e-02   4.21170576e-14  -3.14947497e-14   3.61747150e-14
  3.79200000e-05   1.35925498e-01   1.38348724e-01  -3.71075828e-02  -1.70065555e-14   3.08885442e-14   5.28669881e-14
  3.80000000e-05   1.36786028e-01   1.39113399e-01  -4.48351900e-02  -4.49545179e-14   3.43074030e-14  -3.07020110e-14
  3.80800000e-05   1.37450520e-01   1.39000598e-01  -4.71696101e-02   1.18901107e-14  -3.06324357e-14  -5.56210872e-14
  3.81600000e-05   1.35817042e-01   1.37326518e-01  -3.93397113e-02   4.44287168e-14  -3.64228489e-14   2.62420304e-14
  3.82400000e-05   1.34142432e-01   1.36404974e-01  -3.68423586e-02  -8.21270409e-15   2.35176263e-14   5.71692256e-14
  3.83200000e-05   1.33958527e-01   1.36318988e-01  -4.40571559e-02  -4.55526390e-14   3.91283895e-14  -1.74369395e-14
  3.84000000e-05   1.34385307e-01   1.36018913e-01  -4.81994547e-02  -2.65227246e-16  -2.07151996e-14  -5.91977977e-14
  3.84800000e-05   1.32485845e-01   1.33878900e-01  -4.15974514e-02   4.43302977e-14  -4.10104894e-14   9.20002884e-15
  3.85600000e-05   1.30224816e-01   1.32192578e-01  -3.68847857e-02   6.10694054e-15   1.03067740e-14   5.84998448e-14
  3.86400000e-05   1.29035359e-01   1.31346820e-01  -4.27826852e-02  -4.14398315e-14   4.22305857e-14   4.66659853e-15
  3.87200000e-05   1.28911969e-01   1.30669803e-01  -4.92750103e-02  -1.86709980e-14  -2.76660374e-15  -5.61831779e-14
  3.88000000e-05   1.27254862e-01   1.28518268e-01  -4.55513927e-02   3.59970026e-14  -4.18825505e-14  -1.76038364e-14
  3.88800000e-05   1.24116413e-01   1.25652606e-01  -3.87297047e-02   2.58037071e-14  -1.06144407e-14   4.82557625e-14
  3.89600000e-05   1.21680508e-01   1.23759764e-01  -4.04070591e-02  -2.47901079e-14   3.53672746e-14   3.36716567e-14
  3.90400000e-05   1.21330413e-01   1.23247396e-01  -4.84369784e-02  -3.65648207e-14   2.29781116e-14  -3.31241221e-14
  3.91200000e-05   1.20344947e-01   1.21693303e-01  -5.00175433e-02   8.74114194e-15  -2.73645865e-14  -4.55467126e-14
  3.92000000e-05   1.17033856e-01   1.18076671e-01  -4.39812514e-02   3.77009676e-14  -3.25779059e-14   1.28600013e-14
  3.92800000e-05   1.13359707e-01   1.14911870e-01  -4.00997316e-02   8.87727580e-15   8.00562232e-15   4.80368906e-14
  3.93600000e-05   1.11673812e-01   1.13490859e-01  -4.45028114e-02  -2.99516110e-14   3.54103932e-14   1.51438830e-14
  3.94400000e-05   1.10669568e-01   1.12449974e-01  -5.16036113e-02  -2.85518133e-14   1.10821321e-14  -3.70832838e-14
  3.95200000e-05   1.08709705e-01   1.09959350e-01  -5.21253341e-02   1.16968442e-14  -2.84789343e-14  -3.56825456e-14
  3.96000000e-05   1.04715313e-01   1.05683779e-01  -4.62127113e-02   3.29338638e-14  -2.72509842e-14   1.23059838e-14
  3.96800000e-05   1.01116049e-01   1.02291982e-01  -4.25726768e-02   1.16044517e-14   5.42847394e-15   4.06055197e-14
  3.97600000e-05   9.85405206e-02   1.00117849e-01  -4.61024228e-02  -2.05093070e-14   2.96934556e-14   2.06463575e-14
  3.98400000e-05   9.71635657e-02   9.88388567e-02  -5.31708046e-02  -2.97585720e-14   1.79768977e-14  -2.09632515e-14
  3.99200000e-05   9.57079469e-02   9.69016531e-02  -5.63342116e-02  -5.89331700e-15  -1.53447997e-14  -3.64072500e-14
  4.00000000e-05   9.21003423e-02   9.29587169e-02  -5.31423236e-02   2.28920799e-14  -2.86173403e-14  -1.03846200e-14
  4.00800000e-05   8.73309768e-02   8.81707555e-02  -4.83747768e-02   2.46750470e-14  -1.19841546e-14   2.27028228e-14
  4.01600000e-05   8.36230548e-02   8.47524867e-02  -4.70263900e-02   4.40837094e-15   1.29912665e-14   3.12523156e-14
  4.02400000e-05   8.13841298e-02   8.26583876e-02  -5.15023793e-02  -1.73566042e-14   2.51709681e-14   1.29710417e-14
  4.03200000e-05   8.06194062e-02   8.19125077e-02  -5.78978961e-02  -2.51324302e-14   1.41842261e-14  -1.49279357e-14
  4.04000000e-05   7.91783173e-02   8.01416894e-02  -6.14773878e-02  -1.12148622e-14  -1.04112305e-14  -2.80159516e-14
  4.04800000e-05   7.59138615e-02   7.66294040e-02  -6.02573248e-02   1.17453453e-14  -2.38329888e-14  -1.55113625e-14
  4.05600000e-05   7.16021570e-02   7.22440911e-02  -5.63831512e-02   2.25184125e-14  -1.64320847e-14   7.54207375e-15
  4.06400000e-05   6.73327670e-02   6.80706989e-02  -5.37717113e-02   1.63406962e-14   1.11477487e-15   2.18729842e-14
  4.07200000e-05   6.43581610e-02   6.52277532e-02  -5.47164129e-02   1.51648325e-15   1.61153504e-14   2.09949102e-14
  4.08000000e-05   6.26251365e-02   6.35692517e-02  -5.94564800e-02  -1.32914880e-14   2.06422021e-14   8.07024045e-15
  4.08800000e-05   6.17411216e-02   6.27036905e-02  -6.52885952e-02  -2.07580444e-14   1.13332496e-14  -8.74560658e-15
  4.09600000e-05   6.08606149e-02   6.17128895e-02  -6.90921219e-02  -1.49874878e-14  -6.36277035e-15  -1.88851150e-14
  4.10400000e-05   5.82717701e-02   5.89143278e-02  -6.95905232e-02   1.06209544e-15  -1.90452079e-14  -1.52340490e-14
  4.11200000e-05   5.48344869e-02   5.53055747e-02  -6.75644774e-02   1.51610883e-14  -1.78817126e-14  -2.33270354e-15
  4.12000000e-05   5.03603493e-02   5.08961553e-02  -6.49571521e-02   1.92172615e-14  -6.51502391e-15   9.79412289e-15
  4.12800000e-05   4.73130451e-02   4.77560990e-02  -6.41274565e-02   1.40196167e-14   6.81519231e-15   1.54189455e-14
  4.13600000e-05   4.50566557e-02   4.56647726e-02  -6.59626785e-02   3.42416195e-15   1.63751867e-14   1.36751642e-14
  4.14400000e-05   4.40942586e-02   4.47972639e-02  -7.02281812e-02  -8.82210809e-15   1.85981065e-14   6.32424140e-15
  4.15200000e-05   4.44800788e-02   4.51343356e-02  -7.54970271e-02  -1.81592685e-14   1.14671142e-14  -3.84339784e-15
  4.16000000e-05   4.46967904e-02   4.52714811e-02  -8.02909916e-02  -1.82808768e-14  -3.29761092e-15  -1.20360234e-14
  4.16800000e-05   4.33529942e-02   4.39389419e-02  -8.21553409e-02  -7.00166538e-15  -1.67487629e-14  -1.26524468e-14
  4.17600000e-05   4.03812306e-02   4.07703697e-02  -8.12416476e-02   8.38345346e-15  -1.93667086e-14  -5.55200094e-15
  4.18400000e-05   3.70844445e-02   3.73772729e-02  -7.89476903e-02   1.81527789e-14  -1.08372617e-14   3.39615301e-15
  4.19200000e-05   3.41515400e-02   3.45156111e-02  -7.72784222e-02   1.87070918e-14   2.35771071e-15   9.32024487e-15
  4.20000000e-05   3.23161958e-02   3.27177038e-02  -7.77218991e-02   1.14066271e-14   1.39771602e-14   1.06265981e-14
  4.20800000e-05   3.11309734e-02   3.15275169e-02  -8.07723851e-02  -7.36938618e-16   1.97147219e-14   7.41112955e-15
  4.21600000e-05   3.17713687e-02   3.22596748e-02  -8.59494414e-02  -1.40793810e-14   1.67452597e-14   1.08058210e-15
  4.22400000e-05   3.30032266e-02   3.35099052e-02  -9.13239995e-02  -2.16983874e-14   3.75419420e-15  -6.46395367e-15
  4.23200000e-05   3.29784153e-02   3.33893019e-02  -9.46388262e-02  -1.62223373e-14  -1.33349648e-14  -1.03576109e-14
  4.24000000e-05   3.17838570e-02   3.20752222e-02  -9.48244712e-02   9.63698785e-17  -2.21372043e-14  -7.45580475e-15
  4.24800000e-05   2.88719465e-02   2.91317589e-02  -9.26190547e-02   1.59078491e-14  -1.67396846e-14  -3.06264078e-16
  4.25600000e-05   2.61287292e-02   2.63498832e-02  -8.99794498e-02   2.18694407e-14  -2.20597326e-15   5.70456429e-15
  4.26400000e-05   2.37424368e-02   2.39169455e-02  -8.95178572e-02   1.69735871e-14   1.26409492e-14   7.87917892e-15
  4.27200000e-05   2.34894457e-02   2.37676137e-02  -9.19876318e-02   3.58739251e-15   2.17883971e-14   6.54570681e-15
  4.28000000e-05   2.44353015e-02   2.48219104e-02  -9.73779729e-02  -1.33967929e-14   2.01463838e-14   1.77367688e-15
  4.28800000e-05   2.60210957e-02   2.63615076e-02  -1.03192640e-01  -2.47150118e-14   5.23386204e-15  -4.89510871e-15
  4.29600000e-05   2.63278402e-02   2.66024831e-02  -1.06795469e-01  -1.95083958e-14  -1.56021030e-14  -8.69576785e-15
  4.30400000e-05   2.59650908e-02   2.62160995e-02  -1.06546371e-01   2.55227579e-16  -2.55859511e-14  -6.23331258e-15
  4.31200000e-05   2.31194107e-02   2.33283408e-02  -1.03344923e-01   1.92100548e-14  -1.73318937e-14   3.85126054e-16
  4.32000000e-05   2.08037688e-02   2.10072494e-02  -1.00570353e-01   2.48191999e-14   1.37336832e-15   5.42091751e-15
  4.32800000e-05   1.91464544e-02   1.93593948e-02  -1.00356160e-01   1.59967460e-14   1.85465983e-14   6.62970648e-15
  4.33600000e-05   1.88617738e-02   1.91537201e-02  -1.03788590e-01  -2.56153492e-15   2.55663036e-14   4.25263251e-15
  4.34400000e-05   2.04029989e-02   2.07097181e-02  -1.10198019e-01  -2.21951683e-14   1.67049820e-14  -9.70004043e-16
  4.35200000e-05   2.22698602e-02   2.25131898e-02  -1.16072174e-01  -2.79319481e-14  -6.79573862e-15  -6.67717598e-15
  4.36000000e-05   2.21935108e-02   2.24716495e-02  -1.17655043e-01  -1.04750832e-14  -2.70927672e-14  -7.15054806e-15
  4.36800000e-05   2.05972700e-02   2.08584310e-02  -1.14474283e-01   1.53647213e-14  -2.48187237e-14  -1.75767269e-15
  4.37600000e-05   1.84084568e-02   1.85526190e-02  -1.10212414e-01   2.78265133e-14  -4.29257676e-15   3.92518966e-15
  4.38400000e-05   1.66831037e-02   1.69052780e-02  -1.08632214e-01   2.09396304e-14   1.77390275e-14   5.97632317e-15
  4.39200000e-05   1.64229641e-02   1.66226681e-02  -1.11998115e-01   5.23473469e-17   2.85394625e-14   4.24347956e-15
  4.40000000e-05   1.77714507e-02   1.79615562e-02  -1.18940410e-01  -2.38749503e-14   1.93731584e-14  -6.41669475e-16
  4.40800000e-05   1.93085033e-02   1.94186709e-02  -1.25128674e-01  -3.08200318e-14  -8.42330862e-15  -6.06302389e-15
  4.41600000e-05   1.95352020e-02   1.96692396e-02  -1.26260827e-01  -9.36136766e-15  -3.08582512e-14  -6.25557876e-15
  4.42400000e-05   1.78312324e-02   1.78766844e-02  -1.22400517e-01   2.01124355e-14  -2.49138519e-14  -7.08718860e-16
  4.43200000e-05   1.59773593e-02   1.60760003e-02  -1.17391835e-01   3.05927864e-14   8.83258775e-16   4.28472056e-15
  4.44000000e-05   1.46750364e-02   1.48406141e-02  -1.16525517e-01   1.78798447e-14   2.43858316e-14   5.35752259e-15
  4.44800000e-05   1.47346929e-02   1.49615902e-02  -1.21338337e-01  -9.05974170e-15   3.04478521e-14   2.65419638e-15
  4.45600000e-05   1.60937910e-02   1.64277938e-02  -1.29176358e-01  -3.22673898e-14   1.06503926e-14  -2.66567489e-15
  4.46400000e-05   1.77427808e-02   1.79922440e-02  -1.34152035e-01  -2.65401960e-14  -2.28365333e-14  -6.57297040e-15
  4.47200000e-05   1.71127044e-02   1.72993050e-02  -1.32387311e-01   6.78205192e-15  -3.43381694e-14  -3.61037028e-15
  4.48000000e-05   1.50393334e-02   1.51217334e-02  -1.26547087e-01   3.13977745e-14  -1.25485279e-14   2.23194476e-15
  4.48800000e-05   1.35168924e-02   1.35203934e-02  -1.23176479e-01   2.73920795e-14   1.79321597e-14   4.97420979e-15
  4.49600000e-05   1.35157290e-02   1.35919371e-02  -1.26136121e-01   8.05233255e-16   3.36839426e-14   3.71593276e-15
  4.50400000e-05   1.49681169e-02   1.50840443e-02  -1.34360448e-01  -3.00575227e-14   2.03554668e-14  -1.06327237e-15
  4.51200000e-05   1.67010637e-02   1.68648358e-02  -1.40930883e-01  -3.37217602e-14  -1.71311418e-14  -6.04624865e-15
  4.52000000e-05   1.68501947e-02   1.69881819e-02  -1.40172172e-01   2.88349086e-16  -3.78457580e-14  -4.55205818e-15
  4.52800000e-05   1.50543022e-02   1.52286869e-02  -1.33439297e-01   3.18201602e-14  -1.77421904e-14   1.56505654e-15
  4.53600000e-05   1.30241420e-02   1.31729542e-02  -1.28848914e-01   3.08048322e-14   1.67226359e-14   4.82342465e-15
  4.54400000e-05   1.22313772e-02   1.23861086e-02  -1.31731936e-01   2.55912460e-15   3.58239523e-14   3.60596675e-15
  4.55200000e-05   1.36789495e-02   1.38926115e-02  -1.40563941e-01  -3.19877041e-14   2.17689133e-14  -9.61349915e-16
  4.56000000e-05   1.54423560e-02   1.56053727e-02  -1.47676415e-01  -3.51906455e-14  -1.99563513e-14  -5.78868859e-15
  4.56800000e-05   1.54121484e-02   1.55577642e-02  -1.45969195e-01   3.86022883e-15  -4.00570815e-14  -3.86180256e-15
  4.57600000e-05   1.33660525e-02   1.34603414e-02  -1.38477202e-01   3.57684567e-14  -1.42844399e-14   2.06394718e-15
  4.58400000e-05   1.14439712e-02   1.15634938e-02  -1.34353701e-01   2.93572394e-14   2.29947114e-14   4.47968757e-15
  4.59200000e-05   1.12784016e-02   1.14342115e-02  -1.38967103e-01  -5.52695976e-15   3.83255831e-14   2.70486714e-15
  4.60000000e-05   1.27627971e-02   1.29810231e-02  -1.48755541e-01  -3.95310252e-14   1.32478605e-14  -2.23558509e-15
  4.60800000e-05   1.45235580e-02   1.47547732e-02  -1.54107676e-01  -2.84327954e-14  -3.24085829e-14  -5.78249356e-15
  4.61600000e-05   1.33062001e-02   1.35500104e-02  -1.49264658e-01   1.88149914e-14  -3.77704149e-14  -1.75147606e-15
  4.62400000e-05   1.12384498e-02   1.13177336e-02  -1.41304134e-01   4.00821882e-14   1.41703691e-16   3.19923707e-15
  4.63200000e-05   9.84621377e-03   1.00001252e-02  -1.40068219e-01   1.87289334e-14   3.50079096e-14   3.81594458e-15
  4.64000000e-05   1.07533581e-02   1.09422322e-02  -1.48411547e-01  -2.44312051e-14   3.45820766e-14   7.79505483e-16
  4.64800000e-05   1.29569946e-02   1.30024524e-02  -1.57905774e-01  -4.40762497e-14  -9.88905644e-15  -4.43098245e-15
  4.65600000e-05   1.37075394e-02   1.37775488e-02  -1.58275975e-01  -5.35473516e-15  -4.50392795e-14  -4.38431111e-15
  4.66400000e-05   1.17264940e-02   1.17396822e-02  -1.49727031e-01   3.79224076e-14  -2.08958368e-14   1.33166602e-15
  4.67200000e-05   1.10315674e-02   1.09958988e-02  -1.43985358e-01   3.36692863e-14   2.41871645e-14   4.42673214e-15
  4.68000000e-05   1.05467280e-02   1.05920609e-02  -1.48857063e-01  -7.36899856e-15   4.24237480e-14   2.49659702e-15
  4.68800000e-05   1.25540218e-02   1.26779971e-02  -1.60227184e-01  -4.55771034e-14   9.90036737e-15  -2.78766131e-15
  4.69600000e-05   1.45277601e-02   1.47015871e-02  -1.64726458e-01  -2.39536475e-14  -4.14925426e-14  -5.81569642e-15
  4.70400000e-05   1.36065262e-02   1.37158628e-02  -1.57257005e-01   3.05501394e-14  -3.45572629e-14  -3.70739633e-16
  4.71200000e-05   1.13186048e-02   1.14784539e-02  -1.48979727e-01   4.13984020e-14   1.38936532e-14   4.21567295e-15
  4.72000000e-05   1.01887826e-02   1.03308431e-02  -1.51090494e-01   4.44616702e-15   4.40992260e-14   3.31512063e-15
  4.72800000e-05   1.16884611e-02   1.18515220e-02  -1.62523277e-01  -4.27660782e-14   2.17053445e-14  -1.49288322e-15
  4.73600000e-05   1.38785852e-02   1.40365345e-02  -1.69555282e-01  -3.42715468e-14  -3.63490563e-14  -5.81435950e-15
  4.74400000e-05   1.30819467e-02   1.32336860e-02  -1.63405073e-01   2.48306485e-14  -4.16622888e-14  -1.38620193e-15
  4.75200000e-05   1.09445677e-02   1.10705150e-02  -1.53836727e-01   4.49419477e-14   8.18607598e-15   3.78644475e-15
  4.76000000e-05   9.50715970e-03   9.60272280e-03  -1.54675696e-01   9.75092271e-15   4.49439605e-14   3.38959506e-15
  4.76800000e-05   1.08265331e-02   1.09145486e-02  -1.66179370e-01  -4.21688493e-14   2.62584319e-14  -1.02265109e-15
  4.77600000e-05   1.27855015e-02   1.28056848e-02  -1.74024607e-01  -3.77402754e-14  -3.57273249e-14  -5.40177180e-15
  4.78400000e-05   1.23496180e-02   1.24198830e-02  -1.67982051e-01   2.48109531e-14  -4.39496041e-14  -1.42540912e-15
  4.79200000e-05   9.99092516e-03   1.00637683e-02  -1.57919230e-01   4.66718596e-14   8.87264641e-15   3.51817391e-15
  4.80000000e-05   9.07397573e-03   9.16827639e-03  -1.58835528e-01   8.26359511e-15   4.70730260e-14   3.18922462e-15
  4.80800000e-05   1.09456438e-02   1.10217090e-02  -1.71213930e-01  -4.59666638e-14   2.39753286e-14  -1.39524647e-15
  4.81600000e-05   1.36704070e-02   1.37577955e-02  -1.78492611e-01  -3.48022437e-14  -4.13598819e-14  -5.85336069e-15
  4.82400000e-05   1.23457941e-02   1.23475643e-02  -1.70749808e-01   3.17512602e-14  -4.13321629e-14  -6.93160470e-16
  4.83200000e-05   1.03664916e-02   1.04894239e-02  -1.60757142e-01   4.60105029e-14   1.68410942e-14   4.06589007e-15
  4.84000000e-05   9.35994862e-03   9.32776179e-03  -1.63982022e-01  -8.83871824e-16   5.00779805e-14   2.79812672e-15
  4.84800000e-05   1.15906682e-02   1.15803900e-02  -1.77394049e-01  -5.28558876e-14   1.31818918e-14  -2.59300472e-15
  4.85600000e-05   1.38890280e-02   1.38837672e-02  -1.82192319e-01  -2.27831805e-14  -5.10894154e-14  -5.63003856e-15
  4.86400000e-05   1.25501224e-02   1.25008072e-02  -1.71908372e-01   4.31296944e-14  -3.09811201e-14   8.95790790e-16
  4.87200000e-05   1.00346634e-02   1.00059426e-02  -1.63717600e-01   3.99758404e-14   3.08512051e-14   4.33575554e-15
  4.88000000e-05   9.89162622e-03   9.91306712e-03  -1.70898693e-01  -1.87955729e-14   4.93917396e-14   1.77710457e-15
  4.88800000e-05   1.23276297e-02   1.25102783e-02  -1.84278577e-01  -5.64337256e-14  -8.91932580e-15  -4.38074424e-15
  4.89600000e-05   1.33049225e-02   1.35522444e-02  -1.83610001e-01   9.96649384e-16  -5.70198573e-14  -4.13641248e-15
  4.90400000e-05   1.10313441e-02   1.10538701e-02  -1.71128656e-01   5.23741343e-14  -1.01397708e-14   2.72118882e-15
  4.91200000e-05   8.96032514e-03   9.01624412e-03  -1.67662567e-01   2.37300922e-14   4.65178456e-14   3.76974780e-15
  4.92000000e-05   1.00995060e-02   1.02961554e-02  -1.79666068e-01  -4.24244372e-14   3.68759317e-14  -2.71534493e-16
  4.92800000e-05   1.27083498e-02   1.27853908e-02  -1.89683914e-01  -4.49292115e-14  -3.87486871e-14  -5.62194875e-15
  4.93600000e-05   1.23404577e-02   1.24973770e-02  -1.82082033e-01   3.15015127e-14  -4.77944983e-14  -1.14543305e-15
  4.94400000e-05   9.42609181e-03   9.55863321e-03  -1.70683857e-01   5.02537632e-14   1.88329950e-14   3.82997133e-15
  4.95200000e-05   8.29726548e-03   8.41673427e-03  -1.74752173e-01  -5.62629316e-15   5.46730423e-14   2.36612578e-15
  4.96000000e-05   1.08638779e-02   1.11945938e-02  -1.89079798e-01  -5.95626094e-14   4.33284502e-15  -3.16573469e-15
  4.96800000e-05   1.25707085e-02   1.29469259e-02  -1.90972807e-01  -9.96598957e-15  -5.95166290e-14  -4.69091361e-15
  4.97600000e-05   1.06746106e-02   1.08303879e-02  -1.78264858e-01   5.37277129e-14  -1.75856550e-14   2.14884163e-15
  4.98400000e-05   8.16061612e-03   8.39935297e-03  -1.73031249e-01   2.86734119e-14   4.67379501e-14   3.62108725e-15
  4.99200000e-05   8.88440058e-03   9.20024676e-03  -1.84874282e-01  -4.27914459e-14   4.02639969e-14  -5.26716818e-17
  5.00000000e-05   1.18087531e-02   1.23124008e-02  -1.95619258e-01  -4.69795731e-14  -4.07878838e-14  -5.40318455e-15
  5.00800000e-05   1.15095471e-02   1.18819033e-02  -1.87085587e-01   3.51122357e-14  -4.83494044e-14  -9.10583315e-16
  5.01600000e-05   8.38603549e-03   8.61951318e-03  -1.75266591e-01   5.06389375e-14   2.38171954e-14   3.59425349e-15
  5.02400000e-05   7.94385700e-03   8.17843428e-03  -1.80819836e-01  -1.28561593e-14   5.63433780e-14   1.98359390e-15
  5.03200000e-05   1.06241283e-02   1.10548217e-02  -1.95508956e-01  -6.23321533e-14  -6.23820714e-15  -3.73991593e-15
  5.04000000e-05   1.20325883e-02   1.25038940e-02  -1.94750419e-01   2.84293248e-15  -6.24145749e-14  -3.83166003e-15
  5.04800000e-05   9.59300265e-03   9.95410267e-03  -1.80542379e-01   5.78156694e-14  -4.96634313e-15   2.79818171e-15
  5.05600000e-05   7.68451973e-03   8.07369266e-03  -1.78551303e-01   1.64069675e-14   5.49437325e-14   3.19055906e-15
  5.06400000e-05   9.37171582e-03   9.83584523e-03  -1.92767991e-01  -5.61608584e-14   2.65287730e-14  -1.37673634e-15
  5.07200000e-05   1.18114261e-02   1.23473594e-02  -1.99682110e-01  -3.02604152e-14  -5.67232147e-14  -5.29742289e-15
  5.08000000e-05   1.06000604e-02   1.11513833e-02  -1.87129459e-01   5.09747611e-14  -3.25444529e-14   9.48113014e-16
  5.08800000e-05   7.83377416e-03   8.30806169e-03  -1.78527562e-01   3.91178042e-14   4.22770382e-14   3.68391456e-15
  5.09600000e-05   8.07461364e-03   8.48855166e-03  -1.89177188e-01  -3.72482963e-14   4.85284966e-14   5.87655678e-16
  5.10400000e-05   1.12119962e-02   1.17845396e-02  -2.01547690e-01  -5.41025082e-14  -3.63608942e-14  -5.13572503e-15
  5.11200000e-05   1.09556628e-02   1.14254977e-02  -1.93594889e-01   3.30571809e-14  -5.34258717e-14  -1.28233679e-15
  5.12000000e-05   8.05913095e-03   8.46228353e-03  -1.80531477e-01   5.36277959e-14   2.34154777e-14   3.49158968e-15
  5.12800000e-05   7.16360487e-03   7.50912127e-03  -1.85825831e-01  -1.40148333e-14   5.86440053e-14   1.82949926e-15
  5.13600000e-05   1.02246939e-02   1.05947837e-02  -2.01112784e-01  -6.46130987e-14  -9.75609522e-15  -3.79892745e-15
  5.14400000e-05   1.14762015e-02   1.20225956e-02  -1.98898847e-01   8.66482478e-15  -6.41396067e-14  -3.37701946e-15
  5.15200000e-05   8.68675895e-03   9.10251099e-03  -1.83884198e-01   5.98182808e-14   1.78214049e-15   2.91405649e-15
  5.16000000e-05   6.81123001e-03   7.11093811e-03  -1.83486525e-01   8.62410010e-15   5.90714668e-14   2.60942472e-15
  5.16800000e-05   9.16549690e-03   9.44302612e-03  -1.98826828e-01  -6.27502915e-14   1.62270785e-14  -2.12197157e-15
  5.17600000e-05   1.16360351e-02   1.20577011e-02  -2.02503988e-01  -1.72596693e-14  -6.36896652e-14  -4.78402957e-15
  5.18400000e-05   9.40585048e-03   9.84444616e-03  -1.87887532e-01   5.79621218e-14  -2.00744383e-14   1.84983709e-15
  5.19200000e-05   6.62071463e-03   6.93093930e-03  -1.81794437e-01   2.82889675e-14   5.20606549e-14   3.01506707e-15
  5.20000000e-05   7.85252057e-03   8.14681634e-03  -1.95189481e-01  -5.15138398e-14   3.75217642e-14  -5.06331409e-16
  5.20800000e-05   1.11624654e-02   1.15905891e-02  -2.04299283e-01  -4.04692064e-14  -5.29169988e-14  -5.21330908e-15
  5.21600000e-05   9.98812897e-03   1.04623290e-02  -1.92034600e-01   4.83562101e-14  -4.00732710e-14   3.31858509e-16
  5.22400000e-05   6.77268356e-03   7.09228032e-03  -1.81279595e-01   4.40281041e-14   3.94566952e-14   3.18859031e-15
  5.23200000e-05   6.93640561e-03   7.19971136e-03  -1.91039389e-01  -3.40360978e-14   5.22880876e-14   7.34774955e-16
  5.24000000e-05   1.04646805e-02   1.07381058e-02  -2.03866173e-01  -5.73753398e-14  -3.35985655e-14  -4.71485552e-15
  5.24800000e-05   1.02832568e-02   1.07913854e-02  -1.95802314e-01   3.12608840e-14  -5.58668230e-14  -1.43724920e-15
  5.25600000e-05   7.09652970e-03   7.43212101e-03  -1.81797979e-01   5.49881025e-14   2.21093430e-14   3.05033103e-15
  5.26400000e-05   5.98679511e-03   6.17648775e-03  -1.86465374e-01  -1.28172538e-14   5.94567920e-14   1.55792932e-15
  5.27200000e-05   9.22794828e-03   9.47489431e-03  -2.01417782e-01  -6.50796673e-14  -8.63204177e-15  -3.38768247e-15
  5.28000000e-05   1.03179001e-02   1.08205164e-02  -1.98959464e-01   7.62042151e-15  -6.44480326e-14  -3.10985079e-15
  5.28800000e-05   7.46187060e-03   7.82411643e-03  -1.83435457e-01   5.97211904e-14   7.14420877e-16   2.45983800e-15
  5.29600000e-05   5.51154400e-03   5.78068143e-03  -1.82269471e-01   9.88263044e-15   5.84737542e-14   2.15333206e-15
  5.30400000e-05   7.55336679e-03   7.87533296e-03  -1.96953802e-01  -6.14421375e-14   1.81997321e-14  -1.62863599e-15
  5.31200000e-05   1.03521834e-02   1.07517958e-02  -2.00591463e-01  -2.01468453e-14  -6.19864022e-14  -4.36224434e-15
  5.32000000e-05   8.47852855e-03   8.94384176e-03  -1.85961661e-01   5.57727369e-14  -2.33607328e-14   1.41930354e-15
  5.32800000e-05   5.61066610e-03   5.90120689e-03  -1.78938737e-01   3.16133903e-14   4.86355067e-14   2.59519192e-15
  5.33600000e-05   6.13052886e-03   6.47960722e-03  -1.90811189e-01  -4.57967252e-14   4.16617072e-14  -5.66352892e-17
  5.34400000e-05   9.39374046e-03   9.89065344e-03  -2.00383952e-01  -4.62946572e-14  -4.53734022e-14  -4.40979720e-15
  5.35200000e-05   9.25262409e-03   9.66986114e-03  -1.89419350e-01   4.01882814e-14  -4.64563176e-14  -4.08506732e-16
  5.36000000e-05   6.15964635e-03   6.46200735e-03  -1.77161596e-01   4.89742400e-14   2.95383819e-14   2.78018065e-15
  5.36800000e-05   5.30243286e-03   5.56410061e-03  -1.83042270e-01  -1.99561444e-14   5.56709984e-14   1.11418483e-15
  5.37600000e-05   8.24719934e-03   8.73648856e-03  -1.96745078e-01  -6.16401818e-14  -1.47727256e-14  -3.23983004e-15
  5.38400000e-05   9.53498295e-03   9.99141037e-03  -1.92839613e-01   1.10508941e-14  -6.12052898e-14  -2.62475677e-15
  5.39200000e-05   6.95433802e-03   7.31111338e-03  -1.77839266e-01   5.71459107e-14   1.62971453e-15   2.30166834e-15
  5.40000000e-05   4.88067180e-03   5.14126459e-03  -1.76413770e-01   1.08780904e-14   5.55725344e-14   1.92051614e-15
  5.40800000e-05   6.64113834e-03   6.98188917e-03  -1.89698013e-01  -5.68301866e-14   2.16806619e-14  -1.19160528e-15
  5.41600000e-05   9.41533336e-03   9.81821298e-03  -1.94261598e-01  -2.66968894e-14  -5.61072373e-14  -4.12965263e-15
  5.42400000e-05   7.88528835e-03   8.23260241e-03  -1.81048615e-01   4.88012123e-14  -3.12149520e-14   7.06060862e-16
  5.43200000e-05   4.98059086e-03   5.15383654e-03  -1.71662674e-01   3.89206312e-14   3.83949115e-14   2.28196864e-15
  5.44000000e-05   5.07705304e-03   5.18209999e-03  -1.80015735e-01  -2.98458832e-14   4.89806482e-14   5.68247463e-16
  5.44800000e-05   8.00084068e-03   8.33162528e-03  -1.91400891e-01  -5.57122482e-14  -2.41392979e-14  -3.37963112e-15
  5.45600000e-05   9.03459924e-03   9.30774091e-03  -1.85591158e-01   1.75520377e-14  -5.63019961e-14  -1.96921432e-15
  5.46400000e-05   6.33131841e-03   6.47158293e-03  -1.71229339e-01   5.38682655e-14   5.28248711e-15   2.19146554e-15
  5.47200000e-05   4.49190107e-03   4.62228160e-03  -1.70185773e-01   9.10632524e-15   5.29862510e-14   1.67947109e-15
  5.48000000e-05   6.10518545e-03   6.13714539e-03  -1.82310797e-01  -5.31122922e-14   2.20149340e-14  -1.03752244e-15
  5.48800000e-05   8.96129282e-03   9.16505297e-03  -1.87488008e-01  -2.95972362e-14  -5.09091247e-14  -3.90325938e-15
  5.49600000e-05   7.99325872e-03   8.07254132e-03  -1.75408245e-01   4.22580028e-14  -3.54105503e-14   2.96029523e-16
  5.50400000e-05   5.09425213e-03   5.13751117e-03  -1.64829249e-01   4.23825584e-14   2.92274660e-14   2.22086719e-15
  5.51200000e-05   4.43990560e-03   4.49168853e-03  -1.70143751e-01  -1.62008813e-14   5.06473113e-14   9.14294898e-16
  5.52000000e-05   7.17995634e-03   7.30667766e-03  -1.81916332e-01  -5.63137215e-14  -5.19508541e-15  -2.43127635e-15
  5.52800000e-05   8.97799406e-03   9.14026208e-03  -1.80428258e-01  -3.85398752e-15  -5.59385109e-14  -3.02554452e-15
  5.53600000e-05   7.09651406e-03   7.21838475e-03  -1.66693930e-01   4.92528715e-14  -1.55654773e-14   1.42276381e-15
  5.54400000e-05   4.50478364e-03   4.49666301e-03  -1.60082042e-01   2.89324201e-14   4.00013710e-14   1.93779998e-15
  5.55200000e-05   4.66691724e-03   4.66498527e-03  -1.68384249e-01  -3.04627422e-14   4.20647601e-14   3.21077477e-16
  5.56000000e-05   7.49027246e-03   7.61678906e-03  -1.78037400e-01  -5.03749653e-14  -2.09312718e-14  -3.01482328e-15
  5.56800000e-05   8.39248023e-03   8.51759240e-03  -1.73063841e-01   9.90785812e-15  -5.21782969e-14  -2.08756467e-15
  5.57600000e-05   6.12467962e-03   6.12206292e-03  -1.59875627e-01   4.85069345e-14  -5.19292337e-15   1.65940259e-15
  5.58400000e-05   3.79864898e-03   3.83715900e-03  -1.55551058e-01   2.14156505e-14   4.21949393e-14   1.56385455e-15
  5.59200000e-05   4.42498985e-03   4.45000513e-03  -1.64418818e-01  -3.41105648e-14   3.65049960e-14   6.99951296e-17
  5.60000000e-05   7.29382113e-03   7.24701146e-03  -1.72777071e-01  -4.61075523e-14  -2.43329408e-14  -2.96706813e-15
  5.60800000e-05   7.84131286e-03   7.96331478e-03  -1.67278215e-01   1.17621598e-14  -4.91526176e-14  -1.78855920e-15
  5.61600000e-05   5.51550275e-03   5.65864593e-03  -1.54532117e-01   4.61192222e-14  -4.72196303e-15   1.47316159e-15
  5.62400000e-05   3.40800794e-03   3.46914473e-03  -1.50103267e-01   2.17259716e-14   3.92530987e-14   1.40048227e-15
  5.63200000e-05   3.94877519e-03   3.96638449e-03  -1.58025771e-01  -2.92992636e-14   3.69758920e-14   1.95945253e-16
  5.64000000e-05   6.59522912e-03   6.71704333e-03  -1.66527524e-01  -4.62765053e-14  -1.70237931e-14  -2.51942562e-15
  5.64800000e-05   7.62605862e-03   7.88327680e-03  -1.62698088e-01   2.94453264e-15  -4.81181539e-14  -2.19347106e-15
  5.65600000e-05   6.06159654e-03   6.17115001e-03  -1.50514362e-01   4.23110229e-14  -1.34708746e-14   1.15166127e-15
  5.66400000e-05   3.71443352e-03   3.77127391e-03  -1.44061883e-01   2.87036995e-14   3.09678660e-14   1.55076613e-15
  5.67200000e-05   3.38551719e-03   3.49234676e-03  -1.49148368e-01  -1.58986645e-14   4.07645677e-14   5.93629049e-16
  5.68000000e-05   5.50878568e-03   5.61983760e-03  -1.58216889e-01  -4.60479671e-14   8.18016955e-16  -1.57423940e-15
  5.68800000e-05   7.52198119e-03   7.63218247e-03  -1.58660624e-01  -1.59525229e-14  -4.32066945e-14  -2.83470430e-15
  5.69600000e-05   6.76105476e-03   6.89323264e-03  -1.48547188e-01   3.18134011e-14  -2.91114561e-14   9.70742514e-17
  5.70400000e-05   4.30258061e-03   4.37392049e-03  -1.38760769e-01   3.72597212e-14   1.41508162e-14   1.60137119e-15
  5.71200000e-05   2.93480033e-03   2.93376361e-03  -1.38820842e-01   5.67113998e-15   3.94557543e-14   9.53729412e-16
  5.72000000e-05   3.96899709e-03   4.00447203e-03  -1.47040960e-01  -3.41945642e-14   2.44784023e-14  -2.56357472e-16
  5.72800000e-05   6.19546173e-03   6.23375710e-03  -1.52685949e-01  -3.71303917e-14  -2.22903616e-14  -2.41667700e-15
  5.73600000e-05   7.03256624e-03   7.07076484e-03  -1.47827805e-01   5.77485809e-15  -4.16241230e-14  -1.71620158e-15
  5.74400000e-05   5.27781460e-03   5.39184514e-03  -1.37284578e-01   3.65271996e-14  -1.29150111e-14   8.97027539e-16
  5.75200000e-05   3.32930229e-03   3.37520422e-03  -1.30707674e-01   2.82038147e-14   2.33415387e-14   1.32112736e-15
  5.76000000e-05   2.76472248e-03   2.77800646e-03  -1.33292927e-01  -4.89808754e-15   3.70474189e-14   6.70524072e-16
  5.76800000e-05   4.24129133e-03   4.33368829e-03  -1.40979739e-01  -3.62915464e-14   1.48913956e-14  -6.34051068e-16
  5.77600000e-05   6.34397096e-03   6.53729117e-03  -1.44461632e-01  -2.99204791e-14  -2.63428338e-14  -2.50603168e-15
  5.78400000e-05   6.93396234e-03   7.10312172e-03  -1.38945548e-01   9.59955878e-15  -3.72606877e-14  -1.42576876e-15
  5.79200000e-05   5.34573784e-03   5.45640190e-03  -1.28640366e-01   3.38440767e-14  -1.01797509e-14   9.74629919e-16
  5.80000000e-05   3.45023108e-03   3.50280687e-03  -1.22856871e-01   2.60429966e-14   2.10157024e-14   1.33055890e-15
  5.80800000e-05   2.64092137e-03   2.75899678e-03  -1.24713905e-01  -1.99392338e-15   3.39629165e-14   7.09125274e-16
  5.81600000e-05   4.02680708e-03   4.14732896e-03  -1.31279581e-01  -3.05976992e-14   1.80473422e-14  -3.68395193e-16
  5.82400000e-05   6.53566229e-03   6.75897485e-03  -1.35416367e-01  -3.16347131e-14  -1.75298769e-14  -2.40176138e-15
  5.83200000e-05   7.49885704e-03   7.61355047e-03  -1.31822924e-01  -8.02731526e-16  -3.53019817e-14  -2.08456147e-15
  5.84000000e-05   6.32354395e-03   6.45244386e-03  -1.22540963e-01   2.66809392e-14  -1.88992235e-14   3.81683905e-16
  5.84800000e-05   4.20412156e-03   4.23316313e-03  -1.15134629e-01   2.88909412e-14   9.01885574e-15   1.38654477e-15
  5.85600000e-05   2.70124508e-03   2.82371983e-03  -1.13594993e-01   1.11081444e-14   2.76773852e-14   9.52145856e-16
  5.86400000e-05   3.03474840e-03   3.07285405e-03  -1.17874268e-01  -1.48924212e-14   2.70681957e-14   3.22223535e-16
  5.87200000e-05   5.02385549e-03   5.12165324e-03  -1.23331914e-01  -3.15279739e-14   4.43413528e-15  -1.10013603e-15
  5.88000000e-05   6.91894000e-03   7.03408811e-03  -1.24616288e-01  -2.14818204e-14  -2.35777008e-14  -2.52357903e-15
  5.88800000e-05   7.52531809e-03   7.55451371e-03  -1.19099941e-01   6.43917663e-15  -2.99602598e-14  -1.49352166e-15
  5.89600000e-05   6.04298026e-03   6.09381760e-03  -1.10819232e-01   2.50730999e-14  -1.29877911e-14   6.53054678e-16
  5.90400000e-05   4.21942045e-03   4.24446774e-03  -1.04409551e-01   2.45546532e-14   9.16039538e-15   1.36469707e-15
  5.91200000e-05   2.82917568e-03   2.87075229e-03  -1.02672115e-01   1.01842367e-14   2.36509378e-14   9.41920589e-16
  5.92000000e-05   2.84946590e-03   2.91692109e-03  -1.05735234e-01  -1.01127638e-14   2.45287637e-14   4.04146195e-16
  5.92800000e-05   4.20371894e-03   4.37479764e-03  -1.10179520e-01  -2.56156570e-14   9.40180442e-15  -6.04014525e-16
  5.93600000e-05   6.71352668e-03   6.89897253e-03  -1.12198039e-01  -2.36086496e-14  -1.36908231e-14  -2.25449495e-15
  5.94400000e-05   7.81387301e-03   7.99514614e-03  -1.09453520e-01  -4.55885304e-15  -2.63405459e-14  -2.24952849e-15
  5.95200000e-05   7.59432983e-03   7.65830214e-03  -1.02694799e-01   1.52030860e-14  -2.01463391e-14  -3.78105834e-16
  5.96000000e-05   5.51598155e-03   5.64165020e-03  -9.55813103e-02   2.26846676e-14  -3.64200308e-15   1.09416056e-15
  5.96800000e-05   3.86478597e-03   3.92013227e-03  -9.10677279e-02   1.81260328e-14   1.17078758e-14   1.27322446e-15
  5.97600000e-05   2.91753195e-03   3.01399627e-03  -9.02300804e-02   6.12408948e-15   2.05227552e-14   8.83549412e-16
  5.98400000e-05   3.36816004e-03   3.47291836e-03  -9.23306082e-02  -8.61564799e-15   2.00591811e-14   4.40211733e-16
  5.99200000e-05   4.69057121e-03   4.78285793e-03  -9.55111826e-02  -2.00635386e-14   9.55737007e-15  -5.06725097e-16
  6.00000000e-05   7.20728149e-03   7.33480744e-03  -9.70482447e-02  -2.08426051e-14  -6.89842587e-15  -2.06925069e-15
  6.00800000e-05   8.45521377e-03   8.63654330e-03  -9.52219134e-02  -9.94983435e-15  -1.90434024e-14  -2.61071362e-15
  6.01600000e-05   8.56800164e-03   8.69527415e-03  -9.05460000e-02   5.02155645e-15  -2.00602402e-14  -1.45124671e-15
  6.02400000e-05   7.52395457e-03   7.67738226e-03  -8.43977950e-02   1.51811672e-14  -1.16941139e-14   2.89607444e-16
  6.03200000e-05   5.81027353e-03   5.93962405e-03  -7.89279592e-02   1.74441982e-14  -3.60751388e-16   1.25700495e-15
  6.04000000e-05   4.57435317e-03   4.67532184e-03  -7.52223417e-02   1.36365612e-14   9.14451118e-15   1.39761642e-15
  6.04800000e-05   3.83800988e-03   3.92212220e-03  -7.36725201e-02   6.17939210e-15   1.48762352e-14   1.11388860e-15
  6.05600000e-05   3.76151400e-03   3.87166892e-03  -7.40606783e-02  -2.82410236e-15   1.59755862e-14   6.91720375e-16
  6.06400000e-05   4.48051931e-03   4.55818835e-03  -7.54522193e-02  -1.10859799e-14   1.20119941e-14   6.73536807e-17
  6.07200000e-05   6.20391528e-03   6.38080575e-03  -7.68648820e-02  -1.56769744e-14   3.70250754e-15  -9.57962043e-16
  6.08000000e-05   8.62030157e-03   8.82292397e-03  -7.68345461e-02  -1.42577664e-14  -6.08981607e-15  -2.29891682e-15
  6.08800000e-05   1.02823825e-02   1.05546950e-02  -7.48821528e-02  -7.50351134e-15  -1.30525397e-14  -2.87010378e-15
  6.09600000e-05   1.08460792e-02   1.09958376e-02  -7.09101008e-02   1.19692820e-15  -1.44961645e-14  -2.06480447e-15
  6.10400000e-05   1.03306070e-02   1.05226467e-02  -6.61133432e-02   7.99161468e-15  -1.11896938e-14  -5.32221819e-16
  6.11200000e-05   8.94157625e-03   9.17721075e-03  -6.12880552e-02   1.11950111e-14  -5.53028411e-15   8.05188914e-16
  6.12000000e-05   7.92271869e-03   8.10357817e-03  -5.69042043e-02   1.13665896e-14   7.08999442e-17   1.59265623e-15
  6.12800000e-05   6.60345873e-03   6.71158561e-03  -5.33763283e-02   9.28091978e-15   4.63214629e-15   1.73064016e-15
  6.13600000e-05   5.91875951e-03   6.07889942e-03  -5.13077878e-02   6.25874128e-15   7.72077276e-15   1.63674540e-15
  6.14400000e-05   5.25527460e-03   5.47426276e-03  -5.00542670e-02   2.59040024e-15   9.42706053e-15   1.30297525e-15
  6.15200000e-05   5.68372285e-03   5.79062717e-03  -4.93322359e-02  -1.01621411e-15   9.51141973e-15   9.99371003e-16
  6.16000000e-05   6.58687361e-03   6.81112120e-03  -4.87150605e-02  -4.12621219e-15   8.21929698e-15   5.91270738e-16
  6.16800000e-05   8.39688134e-03   8.62959592e-03  -4.80884150e-02  -6.25052365e-15   5.74018230e-15  -6.13339337e-17
  6.17600000e-05   1.02608319e-02   1.05252396e-02  -4.72942445e-02  -7.15694773e-15   2.68484436e-15  -9.55245360e-16
  6.18400000e-05   1.24330683e-02   1.28876941e-02  -4.61070640e-02  -6.56444336e-15  -5.40468603e-16  -1.92121465e-15
  6.19200000e-05   1.49420128e-02   1.54418178e-02  -4.41538370e-02  -4.53543088e-15  -3.43738133e-15  -2.73697351e-15
  6.20000000e-05   1.67757295e-02   1.73470061e-02  -4.12970457e-02  -1.67798699e-15  -5.31940281e-15  -2.91607224e-15
  6.20800000e-05   1.83319418e-02   1.88712399e-02  -3.78277684e-02   1.38996781e-15  -6.14786012e-15  -2.39339877e-15
  6.21600000e-05   1.93698919e-02   1.99383557e-02  -3.41940891e-02   4.02399616e-15  -5.97638948e-15  -1.20532553e-15
  6.22400000e-05   1.97172381e-02   2.03461986e-02  -3.01220681e-02   5.79217780e-15  -5.02205167e-15   3.99245105e-16
  6.23200000e-05   1.95023690e-02   2.02027281e-02  -2.59746394e-02   6.53900289e-15  -3.71568864e-15   2.01962380e-15
  6.24000000e-05   2.00703633e-02   2.06838734e-02  -2.19599678e-02   6.75668343e-15  -2.70802799e-15   3.62462204e-15
  6.24800000e-05   2.05829786e-02   2.12303151e-02  -1.84822313e-02   6.40620884e-15  -1.72686634e-15   5.15072783e-15
  6.25600000e-05   2.03942049e-02   2.11455769e-02  -1.55208616e-02   5.44738080e-15  -6.39844345e-16   6.28606356e-15
  6.26400000e-05   2.02060354e-02   2.10115217e-02  -1.30936442e-02   4.21692882e-15   3.36858276e-16   7.04810031e-15
  6.27200000e-05   2.03996491e-02   2.12178441e-02  -1.12408647e-02   2.88355046e-15   1.23865558e-15   7.57103840e-15
  6.28000000e-05   2.04993883e-02   2.14349420e-02  -1.03236427e-02   1.47003620e-15   2.31187952e-15   7.71915969e-15
  6.28800000e-05   2.07371310e-02   2.17848603e-02  -1.02709190e-02  -3.33578102e-17   3.56665263e-15   7.49760405e-15
  6.29600000e-05   2.22220112e-02   2.32799420e-02  -1.12331617e-02  -1.70274325e-15   5.06816663e-15   7.13496765e-15
  6.30400000e-05   2.30692841e-02   2.44153628e-02  -1.32638199e-02  -3.64004958e-15   6.67417280e-15   5.95446957e-15
  6.31200000e-05   2.49177241e-02   2.65144165e-02  -1.61553969e-02  -6.01483272e-15   8.14159190e-15   4.08492695e-15
  6.32000000e-05   2.73001266e-02   2.92546037e-02  -1.95530129e-02  -8.72773949e-15   8.87459003e-15   1.09211920e-15
  6.32800000e-05   3.10118277e-02   3.31950869e-02  -2.35634843e-02  -1.14723247e-14   8.29038579e-15  -3.41959950e-15
  6.33600000e-05   3.53462977e-02   3.78735734e-02  -2.70289948e-02  -1.27422750e-14   5.21090393e-15  -9.36167611e-15
  6.34400000e-05   4.03263229e-02   4.31234235e-02  -2.92116285e-02  -1.04576229e-14  -6.65814544e-16  -1.54195334e-14
  6.35200000e-05   4.48785062e-02   4.78843158e-02  -2.88284415e-02  -3.15027954e-15  -8.06471138e-15  -1.82997415e-14
  6.36000000e-05   4.82172355e-02   5.12974988e-02  -2.53609101e-02   7.13754041e-15  -1.39868237e-14  -1.47209466e-14
  6.36800000e-05   5.01028990e-02   5.31098325e-02  -1.96698495e-02   1.51617313e-14  -1.60370995e-14  -4.68132574e-15
  6.37600000e-05   5.03331732e-02   5.34502346e-02  -1.33768093e-02   1.66998561e-14  -1.37438362e-14   7.92008607e-15
  6.38400000e-05   5.02363604e-02   5.35002828e-02  -8.09142021e-03   1.17288871e-14  -8.24860454e-15   1.82803414e-14
  6.39200000e-05   4.94080619e-02   5.28384597e-02  -5.58363714e-03   2.94749411e-15  -3.52391910e-16   2.27468445e-14
  6.40000000e-05   4.84813420e-02   5.21261520e-02  -6.53531758e-03  -5.94735103e-15   8.07730060e-15   2.03055227e-14
  6.40800000e-05   4.83760703e-02   5.21999471e-02  -1.10876862e-02  -1.30445764e-14   1.46663964e-14   1.21341612e-14
  6.41600000e-05   4.92690691e-02   5.32580836e-02  -1.75177194e-02  -1.78285571e-14   1.64717870e-14  -6.51112310e-17
  6.42400000e-05   5.17555055e-02   5.60257675e-02  -2.39085640e-02  -1.89330226e-14   1.15434477e-14  -1.39346571e-14
  6.43200000e-05   5.49131707e-02   5.92574272e-02  -2.79535913e-02  -1.28550077e-14   1.49345174e-16  -2.49363102e-14
  6.44000000e-05   5.77050947e-02   6.20410016e-02  -2.78722071e-02   9.68731214e-16  -1.27372305e-14  -2.63463101e-14
  6.44800000e-05   5.89054121e-02   6.29843389e-02  -2.35180093e-02   1.54423007e-14  -2.00296020e-14  -1.49636878e-14
  6.45600000e-05   5.82075054e-02   6.20701041e-02  -1.65965211e-02   2.10725573e-14  -1.88667944e-14   3.34510482e-15
  6.46400000e-05   5.61598497e-02   6.00080778e-02  -1.03539930e-02   1.57905498e-14  -1.15443407e-14   1.87407126e-14
  6.47200000e-05   5.33625011e-02   5.71984671e-02  -7.23718665e-03   4.90153106e-15  -1.39416732e-15   2.51221547e-14
  6.48000000e-05   5.02986078e-02   5.41618101e-02  -8.13298828e-03  -5.34755374e-15   8.29129324e-15   2.21440061e-14
  6.48800000e-05   4.79010924e-02   5.17716088e-02  -1.24999971e-02  -1.23260488e-14   1.45831502e-14   1.31649586e-14
  6.49600000e-05   4.70741845e-02   5.09568119e-02  -1.93970782e-02  -1.64492620e-14   1.57838421e-14   1.54449448e-15
  6.50400000e-05   4.76038263e-02   5.15642169e-02  -2.62018976e-02  -1.75747779e-14   1.09861907e-14  -1.03096485e-14
  6.51200000e-05   4.88540283e-02   5.26876693e-02  -3.11498318e-02  -1.37170264e-14   1.21074687e-15  -1.94652918e-14
  6.52000000e-05   4.97712069e-02   5.33894631e-02  -3.27032346e-02  -4.22416658e-15  -9.50717038e-15  -2.19496511e-14
  6.52800000e-05   4.93352278e-02   5.26804498e-02  -3.07065639e-02   7.03962625e-15  -1.59546892e-14  -1.60616681e-14
  6.53600000e-05   4.74207385e-02   5.05468759e-02  -2.62650258e-02   1.42693968e-14  -1.60313624e-14  -5.08927534e-15
  6.54400000e-05   4.39731528e-02   4.67936081e-02  -2.09768214e-02   1.49134415e-14  -1.15701744e-14   5.45272501e-15
  6.55200000e-05   3.98898948e-02   4.24402274e-02  -1.71801611e-02   1.12917884e-14  -5.77763512e-15   1.19454121e-14
  6.56000000e-05   3.57080353e-02   3.79812905e-02  -1.50067682e-02   6.46421404e-15  -5.04661355e-16   1.41040823e-14
  6.56800000e-05   3.13428703e-02   3.34119227e-02  -1.48151199e-02   2.49025005e-15   3.47711348e-15   1.31101626e-14
  6.57600000e-05   2.72937520e-02   2.92363698e-02  -1.66152881e-02  -7.93746565e-18   6.06761967e-15   1.06635845e-14
  6.58400000e-05   2.37186094e-02   2.55352876e-02  -2.00249425e-02  -1.39961653e-15   7.48396068e-15   7.88557224e-15
  6.59200000e-05   2.10962750e-02   2.27508018e-02  -2.46106324e-02  -2.41329740e-15   8.10890052e-15   5.42742670e-15
  6.60000000e-05   1.95152807e-02   2.09802878e-02  -2.99874576e-02  -3.66467028e-15   8.14363105e-15   3.31267343e-15
  6.60800000e-05   1.88623233e-02   2.03509586e-02  -3.56801658e-02  -5.46082407e-15   7.45003349e-15   1.36242344e-15
  6.61600000e-05   1.84622717e-02   1.99359982e-02  -4.16334367e-02  -7.29720527e-15   5.55994584e-15  -5.73575429e-16
  6.62400000e-05   1.87846939e-02   2.02528245e-02  -4.75712537e-02  -8.77119765e-15   2.42188547e-15  -2.43244044e-15
  6.63200000e-05   1.97669803e-02   2.11875231e-02  -5.29391837e-02  -8.95181631e-15  -1.81430824e-15  -4.06865123e-15
  6.64000000e-05   2.06654743e-02   2.20654383e-02  -5.69491946e-02  -6.82164089e-15  -6.35383566e-15  -4.93725355e-15
  6.64800000e-05   1.95886177e-02   2.07140192e-02  -5.98531492e-02  -1.94773969e-15  -9.96952923e-15  -4.08771387e-15
  6.65600000e-05   1.77796988e-02   1.88831298e-02  -6.17074281e-02   4.03380892e-15  -1.07779175e-14  -2.13590019e-15
  6.66400000e-05   1.45344885e-02   1.54517044e-02  -6.29802665e-02   9.73904800e-15  -8.44982766e-15   1.74464839e-16
  6.67200000e-05   1.13575216e-02   1.21679621e-02  -6.38424764e-02   1.34019035e-14  -3.36922895e-15   1.74203389e-15
  6.68000000e-05   8.13116978e-03   8.71402340e-03  -6.51008659e-02   1.43622347e-14   3.03967835e-15   2.20073259e-15
  6.68800000e-05   5.06827123e-03   5.36449611e-03  -6.77434888e-02   1.23573632e-14   9.57873024e-15   1.68304780e-15
  6.69600000e-05   2.94785594e-03   3.11726813e-03  -7.16322603e-02   6.78353243e-15   1.50266584e-14   9.33085168e-16
