       time             b_x              b_y              b_z              F_x              F_y              F_z
  0.00000000e+00   1.54922805e-02   1.11302317e-02  -1.06534160e-01   3.62007694e-16  -9.44921885e-16  -4.60779416e-17
  8.00000000e-08   1.51174555e-02   1.09205537e-02  -1.06050382e-01   9.22105681e-16  -3.77008354e-16   9.26234442e-17
  1.60000000e-07   1.54178210e-02   1.10866289e-02  -1.04784284e-01   8.90127889e-16   4.04112319e-16   1.73729066e-16
  2.40000000e-07   1.57515488e-02   1.13289433e-02  -1.03986693e-01   3.16659787e-16   9.19427560e-16   1.48134577e-16
  3.20000000e-07   1.61791707e-02   1.16357596e-02  -1.03263016e-01  -4.32127886e-16   8.63854602e-16   2.96343622e-17
  4.00000000e-07   1.64954997e-02   1.18608132e-02  -1.02573397e-01  -8.97911247e-16   2.90628915e-16  -1.10792854e-16
  4.80000000e-07   1.65684130e-02   1.19113901e-02  -1.01856693e-01  -8.11692274e-16  -4.39938454e-16  -1.83480641e-16
  5.60000000e-07   1.64154982e-02   1.18020319e-02  -1.01068920e-01  -2.45743702e-16  -8.89108350e-16  -1.43736476e-16
  6.40000000e-07   1.61881033e-02   1.16419564e-02  -1.00209734e-01   4.49358252e-16  -8.06584544e-16  -2.11153570e-17
  7.20000000e-07   1.62598569e-02   1.17548400e-02  -9.94758938e-02   8.76995338e-16  -2.64682175e-16   1.12072600e-16
  8.00000000e-07   1.64049684e-02   1.18518059e-02  -9.85884781e-02   7.98140147e-16   4.16230938e-16   1.82846440e-16
  8.80000000e-07   1.67821365e-02   1.21175014e-02  -9.77803631e-02   2.83599702e-16   8.49543008e-16   1.53954711e-16
  9.60000000e-07   1.72514011e-02   1.24501952e-02  -9.70543077e-02  -3.68077442e-16   8.10159127e-16   3.85020285e-17
  1.04000000e-06   1.76272477e-02   1.27150016e-02  -9.63674283e-02  -7.99164585e-16   3.36403578e-16  -1.01794769e-16
  1.12000000e-06   1.77807210e-02   1.28181175e-02  -9.56550355e-02  -7.86119711e-16  -3.02719112e-16  -1.86692361e-16
  1.20000000e-06   1.77066616e-02   1.27557434e-02  -9.48670994e-02  -3.53655899e-16  -7.61153085e-16  -1.68352768e-16
  1.28000000e-06   1.75216266e-02   1.26126095e-02  -9.39955386e-02   2.52883126e-16  -8.06767755e-16  -6.11148471e-17
  1.36000000e-06   1.73976045e-02   1.25137902e-02  -9.30767249e-02   7.14156152e-16  -4.37052213e-16   7.47278829e-17
  1.44000000e-06   1.70019243e-02   1.21711442e-02  -9.21227026e-02   7.95233664e-16   1.46571375e-16   1.66131078e-16
  1.52000000e-06   1.73329123e-02   1.24170128e-02  -9.12970760e-02   4.94506652e-16   6.29211662e-16   1.79459961e-16
  1.60000000e-06   1.77943672e-02   1.27549593e-02  -9.05530950e-02  -3.23170915e-17   7.98214262e-16   1.06082827e-16
  1.68000000e-06   1.82452788e-02   1.30835684e-02  -8.98691788e-02  -5.25032377e-16   5.85409777e-16  -2.13656481e-17
  1.76000000e-06   1.85546477e-02   1.33094660e-02  -8.91944084e-02  -7.51284422e-16   1.04448306e-16  -1.40700150e-16
  1.84000000e-06   1.91649507e-02   1.37411668e-02  -8.83995731e-02  -6.02015928e-16  -4.15409607e-16  -1.95089384e-16
  1.92000000e-06   1.90827607e-02   1.36823046e-02  -8.75853037e-02  -1.80526723e-16  -7.13150441e-16  -1.50738643e-16
  2.00000000e-06   1.89366873e-02   1.35796903e-02  -8.67046717e-02   3.12585545e-16  -6.74727694e-16  -3.74058090e-17
  2.08000000e-06   1.88720184e-02   1.35364156e-02  -8.57944902e-02   6.53806234e-16  -3.35713852e-16   9.08482707e-17
  2.16000000e-06   1.88163241e-02   1.35518850e-02  -8.50183432e-02   7.01534072e-16   1.44113091e-16   1.78235613e-16
  2.24000000e-06   1.91763587e-02   1.38185326e-02  -8.41792585e-02   4.51840939e-16   5.44609934e-16   1.92332106e-16
  2.32000000e-06   1.96645760e-02   1.41760724e-02  -8.34236636e-02   2.40655769e-17   7.07921893e-16   1.25968951e-16
  2.40000000e-06   2.01626153e-02   1.45383007e-02  -8.27320218e-02  -3.96456434e-16   5.76205685e-16   4.63487961e-18
  2.48000000e-06   2.05528480e-02   1.48205607e-02  -8.20577393e-02  -6.35874483e-16   2.14041604e-16  -1.20607942e-16
  2.56000000e-06   2.07670782e-02   1.49747583e-02  -8.13470771e-02  -6.02594366e-16  -2.22136582e-16  -1.94728151e-16
  2.64000000e-06   2.08126814e-02   1.50077313e-02  -8.05623607e-02  -3.21845325e-16  -5.52192319e-16  -1.86012649e-16
  2.72000000e-06   2.07663946e-02   1.49761311e-02  -7.96976437e-02   8.19291682e-17  -6.49212268e-16  -1.00646822e-16
  2.80000000e-06   2.07403277e-02   1.49613955e-02  -7.87800224e-02   4.44355519e-16  -4.88097349e-16   2.42886655e-17
  2.88000000e-06   2.08363244e-02   1.50366426e-02  -7.78574991e-02   6.30126099e-16  -1.45201131e-16   1.40592421e-16
  2.96000000e-06   2.08699630e-02   1.50086857e-02  -7.67919774e-02   5.74087729e-16   2.42648305e-16   2.03446015e-16
  3.04000000e-06   2.13032294e-02   1.53137549e-02  -7.60113677e-02   3.21720446e-16   5.28693842e-16   1.96680744e-16
  3.12000000e-06   2.18205479e-02   1.56770697e-02  -7.53030010e-02  -3.33286882e-17   6.21871236e-16   1.19807555e-16
  3.20000000e-06   2.23260891e-02   1.60291662e-02  -7.46444733e-02  -3.61124696e-16   4.96684273e-16  -1.35398340e-18
  3.28000000e-06   2.31023615e-02   1.66029698e-02  -7.41322804e-02  -5.42365102e-16   1.98546492e-16  -1.24553746e-16
  3.36000000e-06   2.34038728e-02   1.68024628e-02  -7.34421720e-02  -5.21720929e-16  -1.52387806e-16  -2.01121240e-16
  3.44000000e-06   2.35454366e-02   1.68855893e-02  -7.26835440e-02  -3.14487729e-16  -4.36286392e-16  -2.03233124e-16
  3.52000000e-06   2.35822851e-02   1.68938525e-02  -7.18490833e-02  -1.50600727e-18  -5.58542249e-16  -1.31824166e-16
  3.60000000e-06   2.36053381e-02   1.68942267e-02  -7.09589406e-02   3.05834574e-16  -4.86975781e-16  -1.42018847e-17
  3.68000000e-06   2.33103454e-02   1.66697188e-02  -6.99610221e-02   4.99836728e-16  -2.48471421e-16   1.07337169e-16
  3.76000000e-06   2.35841532e-02   1.68696485e-02  -6.90883278e-02   5.36288722e-16   5.14443129e-17   1.95630192e-16
  3.84000000e-06   2.40011584e-02   1.71714445e-02  -6.82786035e-02   4.09890616e-16   3.29413549e-16   2.26928427e-16
  3.92000000e-06   2.45256098e-02   1.75483159e-02  -6.75465087e-02   1.66742367e-16   5.03064313e-16   1.91236971e-16
  4.00000000e-06   2.50911983e-02   1.79521685e-02  -6.68836384e-02  -1.14820243e-16   5.24653092e-16   9.77471230e-17
  4.08000000e-06   2.56224609e-02   1.83290962e-02  -6.62608050e-02  -3.48086244e-16   3.92311132e-16  -2.60805419e-17
  4.16000000e-06   2.60580463e-02   1.86359800e-02  -6.56367901e-02  -4.63712576e-16   1.49614019e-16  -1.41616308e-16
  4.24000000e-06   2.63689045e-02   1.88532510e-02  -6.49712087e-02  -4.30571681e-16  -1.27765723e-16  -2.11824638e-16
  4.32000000e-06   2.65659752e-02   1.89900132e-02  -6.42373020e-02  -2.64383408e-16  -3.56126625e-16  -2.14617550e-16
  4.40000000e-06   2.66953341e-02   1.90801866e-02  -6.34302019e-02  -2.03482652e-17  -4.70622118e-16  -1.50129769e-16
  4.48000000e-06   2.72477649e-02   1.94612857e-02  -6.23815487e-02   2.34998610e-16  -4.54231437e-16  -3.90618855e-17
  4.56000000e-06   2.73650006e-02   1.95519382e-02  -6.14952244e-02   4.17277571e-16  -2.96347809e-16   9.14644509e-17
  4.64000000e-06   2.76010244e-02   1.97276684e-02  -6.06313325e-02   4.83939567e-16  -6.05959217e-17   2.00586248e-16
  4.72000000e-06   2.79785867e-02   2.00033549e-02  -5.98263119e-02   4.23337905e-16   1.87083137e-16   2.60532300e-16
  4.80000000e-06   2.84832250e-02   2.03676004e-02  -5.91020870e-02   2.57124944e-16   3.82831976e-16   2.55847418e-16
  4.88000000e-06   2.90687130e-02   2.07868903e-02  -5.84604120e-02   3.25074323e-17   4.78892030e-16   1.86444552e-16
  4.96000000e-06   2.96702691e-02   2.12151408e-02  -5.78821333e-02  -1.89981372e-16   4.53198507e-16   6.87236543e-17
  5.04000000e-06   3.02220534e-02   2.16061368e-02  -5.73317979e-02  -3.51484393e-16   3.14251122e-16  -6.68534299e-17
  5.12000000e-06   3.06745977e-02   2.19257611e-02  -5.67668850e-02  -4.10186753e-16   9.97269491e-17  -1.83130084e-16
  5.20000000e-06   3.11396071e-02   2.22693682e-02  -5.63582839e-02  -3.53693420e-16  -1.33769524e-16  -2.48283588e-16
  5.28000000e-06   3.13737706e-02   2.24333951e-02  -5.56448033e-02  -1.97798666e-16  -3.24185168e-16  -2.42219635e-16
  5.36000000e-06   3.16225949e-02   2.26203106e-02  -5.48752064e-02   1.22926087e-17  -4.24177412e-16  -1.67767945e-16
  5.44000000e-06   3.18284430e-02   2.27573822e-02  -5.40204565e-02   2.18255221e-16  -4.10312632e-16  -4.42594838e-17
  5.52000000e-06   3.20901869e-02   2.29354900e-02  -5.31460923e-02   3.68550180e-16  -2.92522442e-16   9.62949183e-17
  5.60000000e-06   3.24583314e-02   2.31911809e-02  -5.22983025e-02   4.28954153e-16  -1.04178093e-16   2.20028614e-16
  5.68000000e-06   3.29575116e-02   2.35421602e-02  -5.15188561e-02   3.88718685e-16   1.08108006e-16   2.98071380e-16
  5.76000000e-06   3.35816537e-02   2.39838207e-02  -5.08352828e-02   2.60542186e-16   2.95474113e-16   3.11516624e-16
  5.84000000e-06   3.42964112e-02   2.44910481e-02  -5.02542536e-02   7.65580071e-17   4.15939010e-16   2.54952492e-16
  5.92000000e-06   3.50479216e-02   2.50246052e-02  -4.97594099e-02  -1.18468205e-16   4.41856171e-16   1.38771981e-16
  6.00000000e-06   3.57759742e-02   2.55407101e-02  -4.93144074e-02  -2.76487955e-16   3.66028221e-16  -1.10110879e-17
  6.08000000e-06   3.64288199e-02   2.60017988e-02  -4.88711058e-02  -3.57510496e-16   2.05189200e-16  -1.57319894e-16
  6.16000000e-06   3.69761749e-02   2.63859680e-02  -4.83814486e-02  -3.40640453e-16  -1.87857858e-18  -2.61363590e-16
  6.24000000e-06   3.74169285e-02   2.66925582e-02  -4.78100814e-02  -2.30854183e-16  -2.03375905e-16  -2.94215723e-16
  6.32000000e-06   3.66590592e-02   2.60731536e-02  -4.72769819e-02  -8.14546289e-17  -3.31031958e-16  -2.45724171e-16
  6.40000000e-06   3.69605834e-02   2.62928825e-02  -4.65415330e-02   1.03620966e-16  -3.94351198e-16  -1.40492544e-16
  6.48000000e-06   3.72928638e-02   2.65370068e-02  -4.57569644e-02   2.65089964e-16  -3.60902108e-16   6.74656259e-18
  6.56000000e-06   3.76985935e-02   2.68352294e-02  -4.49704414e-02   3.64667426e-16  -2.41248290e-16   1.61739481e-16
  6.64000000e-06   3.82032474e-02   2.72045217e-02  -4.42324957e-02   3.80175783e-16  -6.42032066e-17   2.88867535e-16
  6.72000000e-06   3.99083137e-02   2.85051787e-02  -4.33020226e-02   3.26372325e-16   1.18092999e-16   3.78532692e-16
  6.80000000e-06   4.06305301e-02   2.90307094e-02  -4.27580608e-02   1.80580977e-16   3.01819036e-16   3.76516643e-16
  6.88000000e-06   4.14255315e-02   2.96071107e-02  -4.23294088e-02  -6.24051317e-18   4.19695190e-16   2.87446617e-16
  6.96000000e-06   4.22378372e-02   3.01942162e-02  -4.19902501e-02  -1.88196037e-16   4.41234769e-16   1.27976005e-16
  7.04000000e-06   4.30090391e-02   3.07501684e-02  -4.16930211e-02  -3.18028241e-16   3.56687395e-16  -6.49962872e-17
  7.12000000e-06   4.36927530e-02   3.12421529e-02  -4.13794255e-02  -3.59493578e-16   1.82985787e-16  -2.41433853e-16
  7.20000000e-06   4.36382963e-02   3.11060075e-02  -4.10526507e-02  -3.08245699e-16  -3.00996856e-17  -3.50466972e-16
  7.28000000e-06   4.40702630e-02   3.14037214e-02  -4.05679784e-02  -1.65337583e-16  -2.40418095e-16  -3.65719325e-16
  7.36000000e-06   4.47698991e-02   3.19502888e-02  -3.99406136e-02   3.15761232e-17  -3.91851238e-16  -2.78065342e-16
  7.44000000e-06   4.51709241e-02   3.22198720e-02  -3.92531459e-02   2.20628162e-16  -4.34324835e-16  -1.02613753e-16
  7.52000000e-06   4.56296565e-02   3.25328081e-02  -3.85297801e-02   3.53038355e-16  -3.62674807e-16   1.11866430e-16
  7.60000000e-06   4.61857692e-02   3.29177114e-02  -3.78362177e-02   3.93469592e-16  -1.95235865e-16   3.10442709e-16
  7.68000000e-06   4.68536114e-02   3.33845146e-02  -3.72344045e-02   3.30798478e-16   2.71747135e-17   4.40622542e-16
  7.76000000e-06   4.75518503e-02   3.38033006e-02  -3.66973061e-02   1.79862772e-16   2.48616569e-16   4.62073924e-16
  7.84000000e-06   4.84205255e-02   3.44079166e-02  -3.63432339e-02  -1.78294320e-17   4.12628648e-16   3.66901352e-16
  7.92000000e-06   4.92904151e-02   3.50102142e-02  -3.61021011e-02  -2.10812503e-16   4.72812900e-16   1.70689377e-16
  8.00000000e-06   5.01080087e-02   3.55718830e-02  -3.59161233e-02  -3.42804368e-16   4.05162019e-16  -7.69812578e-17
  8.08000000e-06   5.08352822e-02   3.60665429e-02  -3.57111754e-02  -3.71274308e-16   2.21259423e-16  -3.05052176e-16
  8.16000000e-06   5.14617401e-02   3.64881731e-02  -3.54179669e-02  -2.83094344e-16  -2.98428104e-17  -4.42076115e-16
  8.24000000e-06   5.20086717e-02   3.68537497e-02  -3.49936052e-02  -1.02188571e-16  -2.74472531e-16  -4.40938672e-16
  8.32000000e-06   5.25233781e-02   3.71986056e-02  -3.44361867e-02   1.16100594e-16  -4.38334743e-16  -2.96416264e-16
  8.40000000e-06   5.30646452e-02   3.75655897e-02  -3.37870441e-02   3.02843954e-16  -4.70972305e-16  -4.80079109e-17
  8.48000000e-06   5.36841022e-02   3.79914955e-02  -3.31195426e-02   3.98195488e-16  -3.60619469e-16   2.31775372e-16
  8.56000000e-06   5.44096233e-02   3.84952250e-02  -3.25176766e-02   3.70205064e-16  -1.36450742e-16   4.57905288e-16
  8.64000000e-06   5.42810591e-02   3.85633454e-02  -3.23061385e-02   2.17885005e-16   1.51358733e-16   5.46766922e-16
  8.72000000e-06   5.59944734e-02   3.95988910e-02  -3.19800328e-02   3.14859515e-18   3.82251661e-16   4.78831460e-16
  8.80000000e-06   5.68359737e-02   4.01890263e-02  -3.18461673e-02  -2.20456308e-16   5.11236483e-16   2.51717809e-16
  8.88000000e-06   5.76182526e-02   4.07339296e-02  -3.17956667e-02  -3.72532079e-16   4.76396745e-16  -6.47615275e-17
  8.96000000e-06   5.83036429e-02   4.12050520e-02  -3.17299829e-02  -3.95540975e-16   2.78697005e-16  -3.64883750e-16
  9.04000000e-06   5.88882270e-02   4.15994828e-02  -3.15541948e-02  -2.74648499e-16  -2.04642386e-17  -5.39543634e-16
  9.12000000e-06   5.94048565e-02   4.19422361e-02  -3.12113029e-02  -4.85067608e-17  -3.17662229e-16  -5.19202977e-16
  9.20000000e-06   5.99124894e-02   4.22781558e-02  -3.07046903e-02   2.01806691e-16  -5.06347553e-16  -3.03429196e-16
  9.28000000e-06   6.04749468e-02   4.26558098e-02  -3.00992924e-02   3.82981234e-16  -5.17050284e-16   3.67308030e-17
  9.36000000e-06   6.11369768e-02   4.31093421e-02  -2.95002786e-02   4.25287182e-16  -3.41359692e-16   3.82538112e-16
  9.44000000e-06   6.19068747e-02   4.36452516e-02  -2.90163121e-02   3.08944935e-16  -3.47977069e-17   6.06798708e-16
  9.52000000e-06   6.27523661e-02   4.42391630e-02  -2.87195930e-02   7.26059923e-17   2.97823430e-16   6.17406279e-16
  9.60000000e-06   6.43500776e-02   4.52302221e-02  -2.84652820e-02  -1.95540744e-16   5.28085264e-16   3.97057430e-16
  9.68000000e-06   6.52771028e-02   4.58596059e-02  -2.84649498e-02  -3.93045145e-16   5.66765610e-16   1.17618054e-17
  9.76000000e-06   6.61077001e-02   4.64133787e-02  -2.84730860e-02  -4.30798307e-16   3.75317532e-16  -3.88413485e-16
  9.84000000e-06   6.68222765e-02   4.68791114e-02  -2.83677968e-02  -2.83023494e-16   2.08162816e-17  -6.32281229e-16
  9.92000000e-06   6.74511245e-02   4.72822087e-02  -2.80729012e-02  -5.50998609e-18  -3.51387575e-16  -6.05068757e-16
  1.00000000e-05   6.75815657e-02   4.74057222e-02  -2.77139073e-02   2.76083869e-16  -5.72692829e-16  -3.06370984e-16
  1.00800000e-05   6.82020184e-02   4.78189054e-02  -2.71390089e-02   4.45278899e-16  -5.58573434e-16   1.34807778e-16
  1.01600000e-05   6.89361263e-02   4.83194535e-02  -2.66009723e-02   4.19909152e-16  -3.02202348e-16   5.39253145e-16
  1.02400000e-05   6.97731579e-02   4.88999623e-02  -2.62268911e-02   2.04772337e-16   9.69380590e-17   7.25510315e-16
  1.03200000e-05   7.06554828e-02   4.95167292e-02  -2.60775268e-02  -1.09643908e-16   4.69765579e-16   5.94930334e-16
  1.04000000e-05   7.15032547e-02   5.01083342e-02  -2.61156398e-02  -3.81568139e-16   6.41971259e-16   1.87042960e-16
  1.04800000e-05   7.22507567e-02   5.06235109e-02  -2.62170525e-02  -4.78586752e-16   5.17261224e-16  -3.20122781e-16
  1.05600000e-05   7.32308974e-02   5.12314575e-02  -2.61435720e-02  -3.40284369e-16   1.36357637e-16  -6.85963235e-16
  1.06400000e-05   7.38599217e-02   5.16342791e-02  -2.59306158e-02  -2.62580736e-17  -3.21252771e-16  -7.14486484e-16
  1.07200000e-05   7.44704276e-02   5.20253299e-02  -2.55027427e-02   3.10391499e-16  -6.29888844e-16  -3.78594073e-16
  1.08000000e-05   7.51499860e-02   5.24724110e-02  -2.49571547e-02   4.95622070e-16  -6.30591371e-16   1.66579166e-16
  1.08800000e-05   7.54516804e-02   5.27470595e-02  -2.44461421e-02   4.24921524e-16  -3.08580939e-16   6.45676760e-16
  1.09600000e-05   7.63042834e-02   5.33454261e-02  -2.41381212e-02   1.34102551e-16   1.76697267e-16   8.14420886e-16
  1.10400000e-05   7.71953589e-02   5.39709998e-02  -2.40753314e-02  -2.35712370e-16   5.89548744e-16   5.65833713e-16
  1.11200000e-05   7.80303411e-02   5.45510330e-02  -2.41849413e-02  -4.89091968e-16   7.03092679e-16   7.87344774e-18
  1.12000000e-05   7.87425079e-02   5.50354079e-02  -2.43003824e-02  -4.79954355e-16   4.35687601e-16  -5.68491662e-16
  1.12800000e-05   7.93311292e-02   5.54254068e-02  -2.42481378e-02  -1.99899345e-16  -8.10792970e-17  -8.39326051e-16
  1.13600000e-05   8.08442582e-02   5.62608914e-02  -2.39428132e-02   2.10561163e-16  -5.76623118e-16  -6.43979030e-16
  1.14400000e-05   8.14689684e-02   5.66698549e-02  -2.34372961e-02   5.08390529e-16  -7.50999361e-16  -4.86819301e-17
  1.15200000e-05   8.17503826e-02   5.69236087e-02  -2.29727495e-02   5.07143819e-16  -4.88269428e-16   5.94841438e-16
  1.16000000e-05   8.26109088e-02   5.75267552e-02  -2.26234310e-02   2.06228589e-16   6.20781146e-17   9.10908859e-16
  1.16800000e-05   8.35274160e-02   5.81708428e-02  -2.25497539e-02  -2.27873959e-16   5.96733971e-16   6.95297834e-16
  1.17600000e-05   8.43915785e-02   5.87717502e-02  -2.26886925e-02  -5.34533051e-16   7.86417484e-16   4.88809130e-17
  1.18400000e-05   8.51244750e-02   5.92696676e-02  -2.28460748e-02  -5.14546690e-16   4.90493983e-16  -6.44710378e-16
  1.19200000e-05   8.57274704e-02   5.96677934e-02  -2.28117852e-02  -1.64256460e-16  -1.24476806e-16  -9.42869967e-16
  1.20000000e-05   8.62851601e-02   6.00332760e-02  -2.24933976e-02   3.02349319e-16  -6.73325222e-16  -6.37238523e-16
  1.20800000e-05   8.69137280e-02   6.04561652e-02  -2.19803774e-02   5.81342938e-16  -8.01049558e-16   9.54623056e-17
  1.21600000e-05   8.76852076e-02   6.09907849e-02  -2.14924985e-02   4.80475999e-16  -4.11312057e-16   7.93039140e-16
  1.22400000e-05   8.85779373e-02   6.16183426e-02  -2.12410271e-02   5.40511603e-17   2.63832858e-16   9.90756409e-16
  1.23200000e-05   8.94881258e-02   6.22570922e-02  -2.12879748e-02  -4.21181278e-16   7.85568241e-16   5.26892355e-16
  1.24000000e-05   9.08795208e-02   6.30520936e-02  -2.15463299e-02  -6.19306849e-16   7.83323721e-16  -3.19873925e-16
  1.24800000e-05   9.16077489e-02   6.35160473e-02  -2.16762703e-02  -3.80528315e-16   2.20911063e-16  -9.60863861e-16
  1.25600000e-05   9.22246556e-02   6.38983622e-02  -2.15217816e-02   1.41234573e-16  -5.14255707e-16  -9.21614570e-16
  1.26400000e-05   9.26078913e-02   6.41713884e-02  -2.10808951e-02   5.70407127e-16  -8.90611459e-16  -2.05284104e-16
  1.27200000e-05   9.33563784e-02   6.46822859e-02  -2.05606922e-02   5.86896623e-16  -6.30175722e-16   6.82337774e-16
  1.28000000e-05   9.42496106e-02   6.53053855e-02  -2.02422489e-02   1.64157961e-16   1.02965390e-16   1.09651939e-15
  1.28800000e-05   9.51880400e-02   6.59605829e-02  -2.02506185e-02  -3.94496195e-16   7.84368920e-16   7.00527323e-16
  1.29600000e-05   9.60354845e-02   6.65414610e-02  -2.04694555e-02  -6.65449786e-16   8.85564755e-16  -2.43290301e-16
  1.30400000e-05   9.67223143e-02   6.69960228e-02  -2.06186898e-02  -4.23078826e-16   2.97181567e-16  -1.01903566e-15
  1.31200000e-05   9.73027156e-02   6.73696974e-02  -2.04667492e-02   1.62221225e-16  -5.39008921e-16  -1.00300746e-15
  1.32000000e-05   9.79167665e-02   6.77732474e-02  -2.00161324e-02   6.30544289e-16  -9.64524440e-16  -1.81258573e-16
  1.32800000e-05   9.86803418e-02   6.82957407e-02  -1.95092110e-02   5.95438505e-16  -6.28035684e-16   8.13252415e-16
  1.33600000e-05   9.97911050e-02   6.89871227e-02  -1.92986727e-02   6.85367067e-17   2.30353656e-16   1.17784212e-15
  1.34400000e-05   1.00748644e-01   6.96413090e-02  -1.93892861e-02  -5.29960088e-16   9.26850499e-16   5.75282731e-16
  1.35200000e-05   1.01592866e-01   7.01994845e-02  -1.96545049e-02  -6.95474175e-16   8.57991205e-16  -5.30396188e-16
  1.36000000e-05   1.02269786e-01   7.06259299e-02  -1.97668406e-02  -2.65693720e-16   4.77422348e-17  -1.20406699e-15
  1.36800000e-05   1.02868203e-01   7.09974894e-02  -1.95237213e-02   4.07290893e-16  -8.21374904e-16  -8.40939764e-16
  1.37600000e-05   1.03547528e-01   7.14406759e-02  -1.90286070e-02   7.34303224e-16  -9.91411321e-16   2.73703118e-16
  1.38400000e-05   1.04398410e-01   7.20210698e-02  -1.86098989e-02   4.10720028e-16  -2.90558623e-16   1.17959667e-15
  1.39200000e-05   1.05359292e-01   7.26826402e-02  -1.85376354e-02  -2.92724835e-16   6.92882208e-16   1.05295128e-15
  1.40000000e-05   1.06267744e-01   7.32946439e-02  -1.87782762e-02  -7.46401245e-16   1.07200522e-15  -3.97339911e-17
  1.40800000e-05   1.06936746e-01   7.37612999e-02  -1.88447162e-02  -5.14779692e-16   4.60630184e-16  -1.11820120e-15
  1.41600000e-05   1.07534096e-01   7.41346148e-02  -1.87294507e-02   2.06441165e-16  -5.93439003e-16  -1.16367042e-15
  1.42400000e-05   1.08237313e-01   7.45575159e-02  -1.83469199e-02   7.45585450e-16  -1.10771971e-15  -1.02941752e-16
  1.43200000e-05   1.09056848e-01   7.51113937e-02  -1.78809565e-02   5.76509751e-16  -5.78210481e-16   1.08730991e-15
  1.44000000e-05   1.10017502e-01   7.57714664e-02  -1.77413424e-02  -1.59943781e-16   5.26707451e-16   1.25767150e-15
  1.44800000e-05   1.10954511e-01   7.64024308e-02  -1.79831442e-02  -7.57237851e-16   1.14512419e-15   1.93031671e-16
  1.45600000e-05   1.11722823e-01   7.68946256e-02  -1.82876258e-02  -6.11972209e-16   6.29898155e-16  -1.09010760e-15
  1.46400000e-05   1.12342625e-01   7.72745743e-02  -1.82669697e-02   1.58239180e-16  -5.35702217e-16  -1.29299804e-15
  1.47200000e-05   1.12985073e-01   7.76831149e-02  -1.78557814e-02   7.82327901e-16  -1.17785312e-15  -1.74057014e-16
  1.48000000e-05   1.13876899e-01   7.82667092e-02  -1.70682206e-02   6.07045574e-16  -6.30883798e-16   1.15719553e-15
  1.48800000e-05   1.14850352e-01   7.89360145e-02  -1.69144680e-02  -2.13349122e-16   5.93663691e-16   1.32184022e-15
  1.49600000e-05   1.15793570e-01   7.95699508e-02  -1.71497743e-02  -8.27011174e-16   1.22254742e-15   8.83662982e-17
  1.50400000e-05   1.16432144e-01   7.99910789e-02  -1.78441997e-02  -5.72405681e-16   5.49164502e-16  -1.27313975e-15
  1.51200000e-05   1.17076719e-01   8.03675683e-02  -1.75701973e-02   3.19986695e-16  -7.45085462e-16  -1.27589428e-15
  1.52000000e-05   1.17719032e-01   8.07762419e-02  -1.72244811e-02   8.74126922e-16  -1.24677050e-15   1.27257212e-16
  1.52800000e-05   1.18585839e-01   8.13663380e-02  -1.67823693e-02   4.66317667e-16  -3.85747826e-16   1.42481573e-15
  1.53600000e-05   1.19571042e-01   8.20430198e-02  -1.67683948e-02  -4.76322945e-16   9.31113197e-16   1.15913941e-15
  1.54400000e-05   1.20547425e-01   8.26565171e-02  -1.68988613e-02  -8.96310018e-16   1.21898213e-15  -4.31451997e-16
  1.55200000e-05   1.21246863e-01   8.30782401e-02  -1.70826853e-02  -2.92036720e-16   1.06675054e-16  -1.55398054e-15
  1.56000000e-05   1.21863352e-01   8.34442047e-02  -1.68100962e-02   6.66056953e-16  -1.15080005e-15  -8.83972461e-16
  1.56800000e-05   1.22620589e-01   8.39328369e-02  -1.62754632e-02   8.55039414e-16  -1.08584574e-15   8.42207882e-16
  1.57600000e-05   1.23579219e-01   8.45805762e-02  -1.59857866e-02   2.65670041e-17   2.66032757e-16   1.61295369e-15
  1.58400000e-05   1.24560181e-01   8.52345270e-02  -1.61690849e-02  -8.52490664e-16   1.33366513e-15   4.63101341e-16
  1.59200000e-05   1.25354138e-01   8.57313055e-02  -1.64905401e-02  -7.12546669e-16   7.96438237e-16  -1.27594266e-15
  1.60000000e-05   1.25975159e-01   8.60955921e-02  -1.64414962e-02   3.09259017e-16  -7.33701110e-16  -1.47246196e-15
  1.60800000e-05   1.26468799e-01   8.65040144e-02  -1.61686134e-02   9.61553984e-16  -1.37584747e-15   1.60202254e-16
  1.61600000e-05   1.27365503e-01   8.71108105e-02  -1.57288793e-02   4.16297580e-16  -3.15342098e-16   1.62454327e-15
  1.62400000e-05   1.28356048e-01   8.77908668e-02  -1.57696036e-02  -6.70017378e-16   1.17129862e-15   1.06715037e-15
  1.63200000e-05   1.29201871e-01   8.83485949e-02  -1.61327806e-02  -9.20689328e-16   1.18715153e-15  -8.72237321e-16
  1.64000000e-05   1.29845262e-01   8.87414112e-02  -1.62448207e-02   1.79542297e-17  -3.40053963e-16  -1.71412153e-15
  1.64800000e-05   1.30489490e-01   8.91394880e-02  -1.58488947e-02   9.50542005e-16  -1.44920865e-15  -3.24689852e-16
  1.65600000e-05   1.31339691e-01   8.97086566e-02  -1.53492505e-02   6.38264162e-16  -6.73541948e-16   1.52495227e-15
  1.66400000e-05   1.32330335e-01   9.03902851e-02  -1.52952634e-02  -5.35616913e-16   1.01828277e-15   1.38372934e-15
  1.67200000e-05   1.33206423e-01   9.09740374e-02  -1.56535645e-02  -1.01090468e-15   1.37175279e-15  -6.30214782e-16
  1.68000000e-05   1.33990569e-01   9.13132270e-02  -1.56895010e-02  -1.12107499e-16  -1.48095352e-16  -1.81933205e-15
  1.68800000e-05   1.34628964e-01   9.16883579e-02  -1.53215863e-02   9.56064525e-16  -1.48987351e-15  -5.14964924e-16
  1.69600000e-05   1.35472395e-01   9.22368686e-02  -1.48008332e-02   7.07567645e-16  -7.93162733e-16   1.53349725e-15
  1.70400000e-05   1.36361526e-01   9.29450146e-02  -1.48324916e-02  -5.43768860e-16   1.03316569e-15   1.47503529e-15
  1.71200000e-05   1.37241155e-01   9.35328914e-02  -1.52086667e-02  -1.04930576e-15   1.42892069e-15  -6.80983477e-16
  1.72000000e-05   1.37902877e-01   9.39347375e-02  -1.53930227e-02  -6.04959849e-17  -2.22064425e-16  -1.89710198e-15
  1.72800000e-05   1.38557234e-01   9.43285269e-02  -1.50237834e-02   1.03321848e-15  -1.57930014e-15  -3.86930557e-16
  1.73600000e-05   1.39428135e-01   9.49062637e-02  -1.45346273e-02   6.31644542e-16  -6.64662041e-16   1.71923430e-15
  1.74400000e-05   1.40424932e-01   9.55932909e-02  -1.45419664e-02  -7.11649348e-16   1.24892243e-15   1.33787228e-15
  1.75200000e-05   1.41269154e-01   9.61521742e-02  -1.49428122e-02  -1.02158541e-15   1.33843534e-15  -1.04565582e-15
  1.76000000e-05   1.41904509e-01   9.65320883e-02  -1.50475156e-02   1.99132924e-16  -5.87963325e-16  -1.89396500e-15
  1.76800000e-05   1.42587064e-01   9.69499768e-02  -1.46022388e-02   1.13714184e-15  -1.65457653e-15   1.18513326e-16
  1.77600000e-05   1.43504237e-01   9.75678303e-02  -1.41835988e-02   3.44243929e-16  -2.16950489e-16   1.99054375e-15
  1.78400000e-05   1.44485254e-01   9.82429235e-02  -1.43374570e-02  -9.96996860e-16   1.58674399e-15   8.25461871e-16
  1.79200000e-05   1.45343681e-01   9.86956198e-02  -1.46722439e-02  -8.06192027e-16   9.41670835e-16  -1.65183530e-15
  1.80000000e-05   1.45963671e-01   9.90522179e-02  -1.45936646e-02   6.58222958e-16  -1.19999647e-15  -1.56134002e-15
  1.80800000e-05   1.46663431e-01   9.95117057e-02  -1.40839324e-02   1.09686132e-15  -1.47346127e-15   1.01128007e-15
  1.81600000e-05   1.47654756e-01   1.00187877e-01  -1.38272190e-02  -2.19789642e-16   6.02069730e-16   2.01538014e-15
  1.82400000e-05   1.48588200e-01   1.00816721e-01  -1.41503958e-02  -1.20547016e-15   1.74556686e-15  -2.21641398e-16
  1.83200000e-05   1.49277464e-01   1.01235278e-01  -1.44117566e-02  -2.41437505e-16   5.24140124e-17  -2.13263602e-15
  1.84000000e-05   1.49930973e-01   1.01620708e-01  -1.40625051e-02   1.13550121e-15  -1.75274206e-15  -5.59508152e-16
  1.84800000e-05   1.50818098e-01   1.02206583e-01  -1.35515767e-02   6.42987974e-16  -6.87373489e-16   1.97173571e-15
  1.85600000e-05   1.51822125e-01   1.02895828e-01  -1.36031610e-02  -9.38089826e-16   1.54949031e-15   1.25068703e-15
  1.86400000e-05   1.52628069e-01   1.03416385e-01  -1.40123952e-02  -9.61749622e-16   1.20280146e-15  -1.59862810e-15
  1.87200000e-05   1.53250436e-01   1.03776874e-01  -1.39684867e-02   6.53747977e-16  -1.20255444e-15  -1.76183562e-15
  1.88000000e-05   1.54015839e-01   1.04258166e-01  -1.34231271e-02   1.16689972e-15  -1.58203490e-15   1.10115788e-15
  1.88800000e-05   1.55003311e-01   1.04885809e-01  -1.33025360e-02  -3.39981528e-16   7.69880776e-16   2.10871861e-15
  1.89600000e-05   1.55913111e-01   1.05488476e-01  -1.36822538e-02  -1.27796839e-15   1.81679215e-15  -5.55565794e-16
  1.90400000e-05   1.56571839e-01   1.05873080e-01  -1.39054397e-02   2.05038239e-17  -3.29688158e-16  -2.27930795e-15
  1.91200000e-05   1.57251914e-01   1.06275414e-01  -1.34742659e-02   1.30087420e-15  -1.92190076e-15   2.33154775e-17
  1.92000000e-05   1.58190194e-01   1.06902026e-01  -1.30467529e-02   2.63954399e-16  -1.06848542e-16   2.32492116e-15
  1.92800000e-05   1.59162230e-01   1.07559424e-01  -1.32837781e-02  -1.26830376e-15   1.93457786e-15   4.67941197e-16
  1.93600000e-05   1.59879108e-01   1.07995640e-01  -1.36573648e-02  -5.16756492e-16   4.77903805e-16  -2.27035302e-15
  1.94400000e-05   1.60511462e-01   1.08357308e-01  -1.33855223e-02   1.19376893e-15  -1.87672212e-15  -8.77288184e-16
  1.95200000e-05   1.61481748e-01   1.08962453e-01  -1.28698534e-02   7.15096268e-16  -8.04374096e-16   2.16229515e-15
  1.96000000e-05   1.62496076e-01   1.09648910e-01  -1.29580418e-02  -1.10873411e-15   1.78753052e-15   1.22208517e-15
  1.96800000e-05   1.63281622e-01   1.10137186e-01  -1.33929742e-02  -8.76615052e-16   1.05230237e-15  -2.03371601e-15
  1.97600000e-05   1.63909866e-01   1.10488478e-01  -1.32528877e-02   1.02014846e-15  -1.69033466e-15  -1.47515824e-15
  1.98400000e-05   1.64715239e-01   1.10987801e-01  -1.26961794e-02   9.89520909e-16  -1.25012056e-15   1.90931778e-15
  1.99200000e-05   1.65723795e-01   1.11673417e-01  -1.26731856e-02  -9.50150976e-16   1.60029585e-15   1.67660129e-15
  2.00000000e-05   1.66531586e-01   1.12182207e-01  -1.31228398e-02  -1.07755612e-15   1.38746378e-15  -1.81350841e-15
  2.00800000e-05   1.67153554e-01   1.12521998e-01  -1.30629488e-02   8.97611824e-16  -1.54276424e-15  -1.80326126e-15
  2.01600000e-05   1.67966301e-01   1.13029783e-01  -1.24962926e-02   1.12841578e-15  -1.48264910e-15   1.75670641e-15
  2.02400000e-05   1.68973490e-01   1.13714757e-01  -1.24220862e-02  -8.80301349e-16   1.51477372e-15   1.89215679e-15
  2.03200000e-05   1.69792032e-01   1.14234305e-01  -1.28770826e-02  -1.16079791e-15   1.52772772e-15  -1.75313937e-15
  2.04000000e-05   1.70410270e-01   1.14571660e-01  -1.28434352e-02   8.89519221e-16  -1.53762395e-15  -1.91420108e-15
  2.04800000e-05   1.71217782e-01   1.15075285e-01  -1.22761212e-02   1.15951996e-15  -1.53294310e-15   1.80240738e-15
  2.05600000e-05   1.72223055e-01   1.15759466e-01  -1.22100368e-02  -9.39145802e-16   1.59750065e-15   1.89870539e-15
  2.06400000e-05   1.73029744e-01   1.16269518e-01  -1.26707492e-02  -1.13760690e-15   1.48478901e-15  -1.91023655e-15
  2.07200000e-05   1.73644322e-01   1.16604126e-01  -1.26032534e-02   1.01543658e-15  -1.70757911e-15  -1.80794369e-15
  2.08000000e-05   1.74469312e-01   1.17123948e-01  -1.20357037e-02   1.07377551e-15  -1.38724677e-15   2.06560886e-15
  2.08800000e-05   1.75587718e-01   1.17926833e-01  -1.20657264e-02  -1.12927023e-15   1.85122209e-15   1.65947539e-15
  2.09600000e-05   1.76366596e-01   1.18420882e-01  -1.25228054e-02  -9.74377171e-16   1.21117845e-15  -2.26936082e-15
  2.10400000e-05   1.76998797e-01   1.18721259e-01  -1.23881956e-02   1.25742489e-15  -2.02141859e-15  -1.40639260e-15
  2.11200000e-05   1.77877626e-01   1.19283313e-01  -1.18358535e-02   8.13389564e-16  -9.66178874e-16   2.48691721e-15
  2.12000000e-05   1.78868948e-01   1.19955975e-01  -1.19687922e-02  -1.39795058e-15   2.19064959e-15   1.06372953e-15
  2.12800000e-05   1.79589240e-01   1.20382868e-01  -1.23976582e-02  -5.99304378e-16   6.16741927e-16  -2.69272273e-15
  2.13600000e-05   1.80238900e-01   1.20737419e-01  -1.20877492e-02   1.51929835e-15  -2.32761251e-15  -5.95087160e-16
  2.14400000e-05   1.81173010e-01   1.21351776e-01  -1.16112739e-02   3.08353747e-16  -1.88331607e-16   2.84301291e-15
  2.15200000e-05   1.82121361e-01   1.21987855e-01  -1.19126517e-02  -1.60508996e-15   2.39823494e-15   1.96737589e-17
  2.16000000e-05   1.82778608e-01   1.22356617e-01  -1.22229087e-02   3.96303997e-17  -3.46974090e-16  -2.88073710e-15
  2.16800000e-05   1.83484417e-01   1.22761716e-01  -1.17478041e-02   1.61169122e-15  -2.34567129e-15   6.60684354e-16
  2.17600000e-05   1.84557947e-01   1.23506757e-01  -1.14531314e-02  -4.50263886e-16   9.28577411e-16   2.75783151e-15
  2.18400000e-05   1.85435597e-01   1.24085816e-01  -1.18981632e-02  -1.51552937e-15   2.13049191e-15  -1.40099482e-15
  2.19200000e-05   1.86068888e-01   1.24429630e-01  -1.19686625e-02   8.78989985e-16  -1.54451349e-15  -2.39212643e-15
  2.20000000e-05   1.86888769e-01   1.24935226e-01  -1.13869562e-02   1.26792290e-15  -1.70294408e-15   2.12548861e-15
  2.20800000e-05   1.87897549e-01   1.25628716e-01  -1.13758810e-02  -1.28874629e-15   2.08758844e-15   1.76766844e-15
  2.21600000e-05   1.88657621e-01   1.26099650e-01  -1.18466170e-02  -8.66755032e-16   1.04060586e-15  -2.72650897e-15
  2.22400000e-05   1.89306835e-01   1.26452762e-01  -1.15867194e-02   1.59533044e-15  -2.46676438e-15  -8.56343441e-16
  2.23200000e-05   1.90242579e-01   1.27069027e-01  -1.10905617e-02   3.03874520e-16  -1.87582061e-16   3.06332565e-15
  2.24000000e-05   1.91185955e-01   1.27709266e-01  -1.14146942e-02  -1.72940327e-15   2.56568770e-15  -2.60674788e-16
  2.24800000e-05   1.91824019e-01   1.27975388e-01  -1.17346323e-02   3.51490113e-16  -8.01622117e-16  -2.99657073e-15
  2.25600000e-05   1.92571859e-01   1.28410620e-01  -1.12050875e-02   1.60413182e-15  -2.27866000e-15   1.45527669e-15
  2.26400000e-05   1.93576287e-01   1.29089600e-01  -1.10555000e-02  -1.02173571e-15   1.74083068e-15   2.43673567e-15
  2.27200000e-05   1.94366462e-01   1.29577499e-01  -1.15590785e-02  -1.18973649e-15   1.56072548e-15  -2.50971291e-15
  2.28000000e-05   1.95075095e-01   1.29974936e-01  -1.14131440e-02   1.55389842e-15  -2.45100166e-15  -1.35299286e-15
  2.28800000e-05   1.96001909e-01   1.30573351e-01  -1.08786202e-02   4.88132786e-16  -4.69873923e-16   3.15499068e-15
  2.29600000e-05   1.96970501e-01   1.31227855e-01  -1.11850707e-02  -1.80444352e-15   2.69885010e-15  -1.12456484e-16
  2.30400000e-05   1.97639622e-01   1.31597037e-01  -1.14692216e-02   3.78123932e-16  -8.40869033e-16  -3.13217441e-15
  2.31200000e-05   1.98409993e-01   1.32046912e-01  -1.09189800e-02   1.62952229e-15  -2.30959397e-15   1.67953000e-15
  2.32000000e-05   1.99428898e-01   1.32742201e-01  -1.08077771e-02  -1.22621452e-15   2.03010893e-15   2.30746013e-15
  2.32800000e-05   2.00215992e-01   1.33228970e-01  -1.13118788e-02  -1.00199555e-15   1.25813772e-15  -2.91685760e-15
  2.33600000e-05   2.00873813e-01   1.33577942e-01  -1.10507004e-02   1.77880929e-15  -2.73646361e-15  -7.43389425e-16
  2.34400000e-05   2.01832819e-01   1.34210050e-01  -1.05863292e-02   1.35334267e-17   2.44899481e-16   3.36277670e-15
  2.35200000e-05   2.02751584e-01   1.34821643e-01  -1.10051502e-02  -1.80837442e-15   2.62413602e-15  -1.16858430e-15
  2.36000000e-05   2.03388751e-01   1.35159217e-01  -1.11256073e-02   1.04161740e-15  -1.79036537e-15  -2.70826728e-15
  2.36800000e-05   2.04229120e-01   1.35676473e-01  -1.05336518e-02   1.19481387e-15  -1.58070485e-15   2.80542093e-15
  2.37600000e-05   2.05192121e-01   1.36242598e-01  -1.06916467e-02  -1.78910990e-15   2.77423992e-15   1.01559648e-15
  2.38400000e-05   2.05870341e-01   1.36619746e-01  -1.11048555e-02  -8.67141728e-17  -1.51242376e-16  -3.46826408e-15
  2.39200000e-05   2.06614866e-01   1.37064078e-01  -1.06203825e-02   1.85667420e-15  -2.70585623e-15   1.19965577e-15
  2.40000000e-05   2.07618185e-01   1.37752735e-01  -1.04450397e-02  -1.13559896e-15   1.91775349e-15   2.71945279e-15
  2.40800000e-05   2.08408193e-01   1.38247718e-01  -1.09744652e-02  -1.11844699e-15   1.44550077e-15  -3.03033759e-15
  2.41600000e-05   2.09061124e-01   1.38590087e-01  -1.07234535e-02   1.90524865e-15  -2.92600227e-15  -6.71564046e-16
  2.42400000e-05   2.10019533e-01   1.39229634e-01  -1.02971513e-02  -2.06359675e-16   5.72193433e-16   3.52784166e-15
  2.43200000e-05   2.10900477e-01   1.39814190e-01  -1.07770393e-02  -1.78025382e-15   2.54450497e-15  -1.82781915e-15
  2.44000000e-05   2.11527663e-01   1.40138149e-01  -1.07912519e-02   1.49309328e-15  -2.42559462e-15  -2.23216069e-15
  2.44800000e-05   2.12413912e-01   1.40704372e-01  -1.02329932e-02   6.86848378e-16  -7.82921427e-16   3.49220238e-15
  2.45600000e-05   2.13361419e-01   1.41352157e-01  -1.05642015e-02  -2.02762382e-15   3.03286873e-15  -3.70511733e-16
  2.46400000e-05   2.14000772e-01   1.41694282e-01  -1.08038103e-02   8.54314641e-16  -1.53706444e-15  -3.23675157e-15
  2.47200000e-05   2.14811871e-01   1.42186683e-01  -1.02214137e-02   1.37294827e-15  -1.86606089e-15   2.89554650e-15
  2.48000000e-05   2.15823413e-01   1.42815913e-01  -1.03321694e-02  -1.95404546e-15   3.02337180e-15   9.73352739e-16
  2.48800000e-05   2.16503273e-01   1.43183270e-01  -1.07166700e-02   1.86720011e-16  -5.59368306e-16  -3.70140068e-15
  2.49600000e-05   2.17245080e-01   1.43609400e-01  -1.01729829e-02   1.81088672e-15  -2.59405955e-15   2.05199349e-15
  2.50400000e-05   2.18240242e-01   1.44292218e-01  -1.01389642e-02  -1.70206261e-15   2.71678235e-15   2.02703095e-15
  2.51200000e-05   2.18960323e-01   1.44701439e-01  -1.06136456e-02  -3.90631662e-16   3.13773881e-16  -3.78091607e-15
  2.52000000e-05   2.19656377e-01   1.45082822e-01  -1.01489823e-02   2.04488102e-15  -3.01163921e-15   1.20544497e-15
  2.52800000e-05   2.20646324e-01   1.45760869e-01  -9.97941299e-03  -1.39589410e-15   2.30217667e-15   2.76252419e-15
  2.53600000e-05   2.21402092e-01   1.46207267e-01  -1.04958628e-02  -8.30099883e-16   9.94483980e-16  -3.65716162e-15
  2.54400000e-05   2.22230453e-01   1.46631576e-01  -1.01805740e-02   2.14650814e-15  -3.21828085e-15   5.02710751e-16
  2.55200000e-05   2.23234667e-01   1.47307966e-01  -9.92062211e-03  -1.12757832e-15   1.92618464e-15   3.22840341e-15
  2.56000000e-05   2.24043831e-01   1.47798232e-01  -1.04690084e-02  -1.12290970e-15   1.45463100e-15  -3.49499192e-15
  2.56800000e-05   2.24713761e-01   1.48144935e-01  -1.01494172e-02   2.18461791e-15  -3.31149895e-15   3.27023008e-17
  2.57600000e-05   2.25706950e-01   1.48811057e-01  -9.83366022e-03  -9.56853474e-16   1.68200154e-15   3.49126834e-15
  2.58400000e-05   2.26492434e-01   1.49307631e-01  -1.03848106e-02  -1.28176816e-15   1.70785725e-15  -3.40060807e-15
  2.59200000e-05   2.27137465e-01   1.49642654e-01  -1.00978225e-02   2.21076884e-15  -3.36837709e-15  -1.88600843e-16
  2.60000000e-05   2.28101383e-01   1.50299827e-01  -9.75665653e-03  -9.06523392e-16   1.61030349e-15   3.61282545e-15
  2.60800000e-05   2.28900302e-01   1.50803022e-01  -1.03062361e-02  -1.32193389e-15   1.77201573e-15  -3.43148922e-15
  2.61600000e-05   2.29542617e-01   1.51136236e-01  -1.00198432e-02   2.24862405e-15  -3.42517744e-15  -1.51038217e-16
  2.62400000e-05   2.30506136e-01   1.51794171e-01  -9.68875641e-03  -9.88053730e-16   1.73090112e-15   3.61122223e-15
  2.63200000e-05   2.31294243e-01   1.52287641e-01  -1.02409970e-02  -1.24094814e-15   1.64253394e-15  -3.60185059e-15
  2.64000000e-05   2.31940414e-01   1.52625231e-01  -9.92243594e-03   2.29380305e-15  -3.47557935e-15   1.57675942e-16
  2.64800000e-05   2.32908461e-01   1.53289405e-01  -9.63427005e-03  -1.20071476e-15   2.04172908e-15   3.45836350e-15
  2.65600000e-05   2.33673869e-01   1.53761055e-01  -1.01858821e-02  -1.02064880e-15   1.29408609e-15  -3.87977331e-15
  2.66400000e-05   2.34332381e-01   1.54111180e-01  -9.80610919e-03   2.31236556e-15  -3.46857853e-15   7.46003893e-16
  2.67200000e-05   2.35306955e-01   1.54784195e-01  -9.59793515e-03  -1.52599508e-15   2.51104543e-15   3.08325587e-15
  2.68000000e-05   2.36038574e-01   1.55222551e-01  -1.01337134e-02  -6.33505062e-16   6.90564229e-16  -4.17818114e-15
  2.68800000e-05   2.36998241e-01   1.55592212e-01  -9.52656888e-03   2.23978115e-15  -3.31321721e-15   1.60744103e-15
