       time             b_x              b_y              b_z              F_x              F_y              F_z
  0.00000000e+00   1.03720655e-02   8.69135153e-03  -9.84591080e-02   9.49943397e-16  -6.55494582e-16   4.22077892e-17
  8.00000000e-08   1.04367109e-02   8.75573802e-03  -9.78945152e-02   1.13018819e-15   1.73947245e-16   1.36049337e-16
  1.60000000e-07   1.05723812e-02   8.85722357e-03  -9.72998994e-02   6.96511995e-16   8.94852059e-16   1.57139886e-16
  2.40000000e-07   1.09933288e-02   9.22825268e-03  -9.68579044e-02  -9.51278414e-17   1.12524690e-15   9.64122767e-17
  3.20000000e-07   1.13363692e-02   9.50894275e-03  -9.64541734e-02  -8.22106210e-16   7.60073326e-16  -2.16911901e-17
  4.00000000e-07   1.15259431e-02   9.65921359e-03  -9.60600106e-02  -1.10256915e-15   1.95659701e-18  -1.32097113e-16
  4.80000000e-07   1.14993633e-02   9.62752797e-03  -9.56071200e-02  -7.99715307e-16  -7.43053674e-16  -1.71012231e-16
  5.60000000e-07   1.13083946e-02   9.45867022e-03  -9.50591815e-02  -8.73073417e-17  -1.08704545e-15  -1.18550466e-16
  6.40000000e-07   1.10892496e-02   9.26786389e-03  -9.44302161e-02   6.55031081e-16  -8.66137115e-16  -8.08467666e-18
  7.20000000e-07   1.09899583e-02   9.17935787e-03  -9.37752687e-02   1.05138687e-15  -2.13309866e-16   1.02336687e-16
  8.00000000e-07   1.10951783e-02   9.26334785e-03  -9.31611309e-02   9.18262219e-16   5.30920299e-16   1.62153275e-16
  8.80000000e-07   1.13864252e-02   9.50306357e-03  -9.26334387e-02   3.39001501e-16   1.00011848e-15   1.44269768e-16
  9.60000000e-07   1.17545451e-02   9.80586527e-03  -9.21950816e-02  -3.92736736e-16   9.75751317e-16   5.37083342e-17
  1.04000000e-06   1.19519168e-02   9.98791738e-03  -9.17020787e-02  -9.20083184e-16   4.82521412e-16  -6.73635071e-17
  1.12000000e-06   1.20924312e-02   1.01103694e-02  -9.12833643e-02  -9.93725400e-16  -2.33418561e-16  -1.57493142e-16
  1.20000000e-06   1.20427966e-02   1.00717104e-02  -9.07967682e-02  -5.90426146e-16  -8.23124335e-16  -1.69616741e-16
  1.28000000e-06   1.18789691e-02   9.93729594e-03  -9.02254067e-02   8.42415818e-17  -1.01062075e-15  -1.00217163e-16
  1.36000000e-06   1.17295158e-02   9.81656425e-03  -8.95930359e-02   7.05861578e-16  -7.22548971e-16   1.32428387e-17
  1.44000000e-06   1.17138761e-02   9.81050990e-03  -8.89512596e-02   9.91760418e-16  -1.09669338e-16   1.18508120e-16
  1.52000000e-06   1.18879394e-02   9.96569041e-03  -8.83550946e-02   8.26070241e-16   5.39684516e-16   1.72017265e-16
  1.60000000e-06   1.22211369e-02   1.02551914e-02  -8.78386383e-02   2.97790289e-16   9.36795449e-16   1.50803255e-16
  1.68000000e-06   1.26129087e-02   1.05930379e-02  -8.74004174e-02  -3.50039791e-16   9.14955815e-16   6.03789070e-17
  1.76000000e-06   1.29390987e-02   1.08738481e-02  -8.70039898e-02  -8.30224503e-16   4.93757243e-16  -6.17594149e-17
  1.84000000e-06   1.30649179e-02   1.09907887e-02  -8.64810512e-02  -9.35498410e-16  -1.33221362e-16  -1.58259151e-16
  1.92000000e-06   1.30261415e-02   1.09627746e-02  -8.59868196e-02  -6.32628780e-16  -6.87666448e-16  -1.83510036e-16
  2.00000000e-06   1.28651016e-02   1.08316242e-02  -8.54136518e-02  -6.44327941e-17  -9.33793328e-16  -1.28122761e-16
  2.08000000e-06   1.26911690e-02   1.06888874e-02  -8.47763636e-02   5.18388429e-16  -7.78708912e-16  -2.05785745e-17
  2.16000000e-06   1.26168934e-02   1.06291127e-02  -8.41164996e-02   8.73177414e-16  -3.03811027e-16   9.25804653e-17
  2.24000000e-06   1.27111138e-02   1.07104433e-02  -8.34840669e-02   8.65021943e-16   2.83789852e-16   1.68114803e-16
  2.32000000e-06   1.29726418e-02   1.09323654e-02  -8.29173477e-02   5.11256255e-16   7.44858463e-16   1.78194426e-16
  2.40000000e-06   1.33333593e-02   1.12381093e-02  -8.24281466e-02  -3.64372346e-17   9.02010200e-16   1.17084502e-16
  2.48000000e-06   1.36874506e-02   1.15390322e-02  -8.19972561e-02  -5.56874761e-16   7.02306447e-16   5.87508607e-18
  2.56000000e-06   1.39342017e-02   1.17504854e-02  -8.15819688e-02  -8.46250629e-16   2.32529126e-16  -1.11047784e-16
  2.64000000e-06   1.43378266e-02   1.21473676e-02  -8.11792516e-02  -7.89238529e-16  -3.21220943e-16  -1.87461128e-16
  2.72000000e-06   1.42404725e-02   1.20655666e-02  -8.06539350e-02  -4.29624135e-16  -7.29575986e-16  -1.84997773e-16
  2.80000000e-06   1.40453183e-02   1.18995342e-02  -8.00498188e-02   8.63781235e-17  -8.46887762e-16  -1.10735562e-16
  2.88000000e-06   1.38560532e-02   1.17380725e-02  -7.93901131e-02   5.56963417e-16  -6.41193654e-16   2.40504925e-18
  2.96000000e-06   1.37717101e-02   1.16661749e-02  -7.87183140e-02   8.10332560e-16  -2.03938122e-16   1.11543132e-16
  3.04000000e-06   1.38502570e-02   1.17337701e-02  -7.80813439e-02   7.64859151e-16   2.95818485e-16   1.80127048e-16
  3.12000000e-06   1.40894515e-02   1.19392174e-02  -7.75129025e-02   4.49228404e-16   6.78419368e-16   1.86151953e-16
  3.20000000e-06   1.44301023e-02   1.22320006e-02  -7.70221331e-02  -1.60209001e-17   8.14672327e-16   1.26377818e-16
  3.28000000e-06   1.47788783e-02   1.25322054e-02  -7.65906461e-02  -4.63839152e-16   6.64784668e-16   1.92738366e-17
  3.36000000e-06   1.50419410e-02   1.27593229e-02  -7.61789379e-02  -7.38431703e-16   2.88043811e-16  -9.75624279e-17
  3.44000000e-06   1.47384284e-02   1.23640496e-02  -7.56677658e-02  -7.60584634e-16  -1.76036785e-16  -1.76909541e-16
  3.52000000e-06   1.47050082e-02   1.23342046e-02  -7.51938310e-02  -5.13028575e-16  -5.75667815e-16  -1.94756588e-16
  3.60000000e-06   1.45703119e-02   1.22207716e-02  -7.46476329e-02  -9.66951259e-17  -7.69626666e-16  -1.44871437e-16
  3.68000000e-06   1.44128827e-02   1.20902684e-02  -7.40407208e-02   3.42175811e-16  -7.01203644e-16  -4.78925707e-17
  3.76000000e-06   1.43171164e-02   1.20134383e-02  -7.34046973e-02   6.58930435e-16  -4.04901722e-16   6.22538073e-17
  3.84000000e-06   1.43453788e-02   1.20419080e-02  -7.27799922e-02   7.57910230e-16   1.35584285e-17   1.51632040e-16
  3.92000000e-06   1.45190292e-02   1.21925186e-02  -7.22028527e-02   6.17649010e-16   4.17794771e-16   1.94751787e-16
  4.00000000e-06   1.48134683e-02   1.24435231e-02  -7.16944274e-02   2.90713194e-16   6.84353604e-16   1.78845707e-16
  4.08000000e-06   1.51674867e-02   1.27427737e-02  -7.12545806e-02  -1.16742333e-16   7.36937255e-16   1.06939607e-16
  4.16000000e-06   1.54187336e-02   1.28970855e-02  -7.07055458e-02  -4.78711326e-16   5.64892585e-16  -1.35285581e-18
  4.24000000e-06   1.59618458e-02   1.34310713e-02  -7.03293263e-02  -6.77282559e-16   2.22933359e-16  -1.11140634e-16
  4.32000000e-06   1.60248290e-02   1.34023914e-02  -7.00086438e-02  -6.71858579e-16  -1.70936120e-16  -1.86510849e-16
  4.40000000e-06   1.60127162e-02   1.33795590e-02  -6.95196300e-02  -4.59794104e-16  -5.05584638e-16  -2.03209539e-16
  4.48000000e-06   1.59069854e-02   1.32805766e-02  -6.89622630e-02  -1.15250598e-16  -6.80155523e-16  -1.57566568e-16
  4.56000000e-06   1.57779680e-02   1.31724880e-02  -6.82588506e-02   2.55031049e-16  -6.49962670e-16  -6.64786129e-17
  4.64000000e-06   1.56864531e-02   1.30857301e-02  -6.76334304e-02   5.42599143e-16  -4.34545674e-16   4.17708897e-17
  4.72000000e-06   1.56985644e-02   1.30860248e-02  -6.70101953e-02   6.72363551e-16  -1.03464081e-16   1.37310583e-16
  4.80000000e-06   1.58379301e-02   1.31863864e-02  -6.64501995e-02   6.16239044e-16   2.47849264e-16   1.96059412e-16
  4.88000000e-06   1.61025337e-02   1.33953239e-02  -6.59057430e-02   3.97129684e-16   5.24290530e-16   2.03591296e-16
  4.96000000e-06   1.65117372e-02   1.37405088e-02  -6.54039666e-02   8.09442596e-17   6.55503222e-16   1.58147566e-16
  5.04000000e-06   1.69193739e-02   1.40743017e-02  -6.49737846e-02  -2.47589851e-16   6.13905255e-16   6.85079765e-17
  5.12000000e-06   1.72861867e-02   1.43725801e-02  -6.45721284e-02  -5.00786661e-16   4.13865810e-16  -4.19433628e-17
  5.20000000e-06   1.75582445e-02   1.45900803e-02  -6.41664212e-02  -6.13527949e-16   1.11379797e-16  -1.42557952e-16
  5.28000000e-06   1.77084036e-02   1.47043351e-02  -6.37252592e-02  -5.59976172e-16  -2.11624149e-16  -2.04441325e-16
  5.36000000e-06   1.77426957e-02   1.47209536e-02  -6.32271400e-02  -3.59821588e-16  -4.70012450e-16  -2.10403893e-16
  5.44000000e-06   1.76976218e-02   1.46712063e-02  -6.26662020e-02  -7.08287449e-17  -5.99400961e-16  -1.60332606e-16
  5.52000000e-06   1.76295003e-02   1.46029200e-02  -6.20533031e-02   2.29598205e-16  -5.72900455e-16  -6.95904595e-17
  5.60000000e-06   1.75992993e-02   1.45676096e-02  -6.14125217e-02   4.66683729e-16  -4.05164605e-16   3.76311997e-17
  5.68000000e-06   1.76573467e-02   1.46075720e-02  -6.07746196e-02   5.86765672e-16  -1.44140108e-16   1.35832819e-16
  5.76000000e-06   1.76650786e-02   1.45949787e-02  -6.01429418e-02   5.63239275e-16   1.45496669e-16   2.00741541e-16
  5.84000000e-06   1.79887203e-02   1.48768447e-02  -5.95936796e-02   4.17133075e-16   3.91672270e-16   2.23690462e-16
  5.92000000e-06   1.83902707e-02   1.52212124e-02  -5.91075827e-02   1.81433712e-16   5.45770291e-16   1.96995040e-16
  6.00000000e-06   1.88251381e-02   1.55905502e-02  -5.86796828e-02  -8.79288836e-17   5.76273690e-16   1.24900991e-16
  6.08000000e-06   1.92426352e-02   1.59428807e-02  -5.82917975e-02  -3.29011664e-16   4.79079777e-16   2.24192827e-17
  6.16000000e-06   1.95976828e-02   1.62414685e-02  -5.79164919e-02  -4.87365803e-16   2.78181841e-16  -8.69037239e-17
  6.24000000e-06   1.98609872e-02   1.64631051e-02  -5.75234132e-02  -5.28475654e-16   2.07093528e-17  -1.76538689e-16
  6.32000000e-06   2.00253782e-02   1.66031059e-02  -5.70865285e-02  -4.45908514e-16  -2.33834811e-16  -2.24428969e-16
  6.40000000e-06   2.01068472e-02   1.66758728e-02  -5.65903433e-02  -2.62322102e-16  -4.28132638e-16  -2.19365268e-16
  6.48000000e-06   2.01401660e-02   1.67110014e-02  -5.60334097e-02  -2.26605874e-17  -5.21146174e-16  -1.63567815e-16
  6.56000000e-06   2.01934650e-02   1.68373281e-02  -5.53308010e-02   2.20658606e-16  -4.97067692e-16  -7.07278754e-17
  6.64000000e-06   2.02329904e-02   1.68814708e-02  -5.46922245e-02   4.09817140e-16  -3.65593289e-16   3.87637157e-17
  6.72000000e-06   2.03522801e-02   1.69933781e-02  -5.40585170e-02   5.11270855e-16  -1.61157222e-16   1.41826348e-16
  6.80000000e-06   2.05709890e-02   1.71888293e-02  -5.34575206e-02   5.08698319e-16   7.18626080e-17   2.18859039e-16
  6.88000000e-06   2.08885155e-02   1.74665791e-02  -5.29109124e-02   4.06869210e-16   2.87056796e-16   2.55387659e-16
  6.96000000e-06   2.12849397e-02   1.78092925e-02  -5.24301077e-02   2.28986493e-16   4.44083854e-16   2.43806154e-16
  7.04000000e-06   2.19821442e-02   1.83797555e-02  -5.20287176e-02   1.49871376e-17   5.11225920e-16   1.86928629e-16
  7.12000000e-06   2.24710331e-02   1.87963585e-02  -5.16586848e-02  -1.97113670e-16   4.84723772e-16   9.06274322e-17
  7.20000000e-06   2.29256968e-02   1.91829309e-02  -5.13168858e-02  -3.63124777e-16   3.66103838e-16  -2.53706721e-17
  7.28000000e-06   2.33108029e-02   1.95109720e-02  -5.09739898e-02  -4.49856572e-16   1.79271289e-16  -1.37104449e-16
  7.36000000e-06   2.36064197e-02   1.97649197e-02  -5.06009546e-02  -4.40634020e-16  -3.78931118e-17  -2.20366316e-16
  7.44000000e-06   2.38270331e-02   1.99500906e-02  -5.01337088e-02  -3.39119760e-16  -2.42295903e-16  -2.57592013e-16
  7.52000000e-06   2.39156368e-02   2.00162827e-02  -4.96308772e-02  -1.69386688e-16  -3.90618147e-16  -2.39159863e-16
  7.60000000e-06   2.39584556e-02   2.00461052e-02  -4.90660337e-02   3.20704088e-17  -4.57119434e-16  -1.71098134e-16
  7.68000000e-06   2.39981617e-02   2.00755283e-02  -4.84538855e-02   2.24532201e-16  -4.32750070e-16  -6.80920877e-17
  7.76000000e-06   2.40775378e-02   2.01401768e-02  -4.78187472e-02   3.71958930e-16  -3.26780537e-16   4.96549487e-17
  7.84000000e-06   2.42313671e-02   2.02685984e-02  -4.71896895e-02   4.49378017e-16  -1.62673027e-16   1.60880258e-16
  7.92000000e-06   2.44804077e-02   2.04773429e-02  -4.65951906e-02   4.45952916e-16   2.80683941e-17   2.46632221e-16
  8.00000000e-06   2.48282734e-02   2.07685077e-02  -4.60581977e-02   3.65173201e-16   2.11973206e-16   2.92434092e-16
  8.08000000e-06   2.52614130e-02   2.11298828e-02  -4.55922300e-02   2.23137870e-16   3.58515076e-16   2.89789717e-16
  8.16000000e-06   2.57519328e-02   2.15374575e-02  -4.51989626e-02   4.56807008e-17   4.43827148e-16   2.37511528e-16
  8.24000000e-06   2.59641421e-02   2.17746973e-02  -4.48406983e-02  -1.38174860e-16   4.56147558e-16   1.41498316e-16
  8.32000000e-06   2.64244129e-02   2.21574794e-02  -4.45462642e-02  -2.90587619e-16   3.87290547e-16   2.02660113e-17
  8.40000000e-06   2.68305766e-02   2.24936691e-02  -4.42602804e-02  -3.85517230e-16   2.52323825e-16  -1.05466141e-16
  8.48000000e-06   2.71612674e-02   2.27651116e-02  -4.39528838e-02  -4.05311921e-16   7.51713200e-17  -2.11533378e-16
  8.56000000e-06   2.77234700e-02   2.30891464e-02  -4.36231283e-02  -3.44211186e-16  -1.16493236e-16  -2.80412212e-16
  8.64000000e-06   2.78855558e-02   2.32054251e-02  -4.32136618e-02  -2.17637599e-16  -2.78532687e-16  -2.90010480e-16
  8.72000000e-06   2.79930204e-02   2.32786894e-02  -4.27346798e-02  -5.04258108e-17  -3.85601848e-16  -2.43078372e-16
  8.80000000e-06   2.80792813e-02   2.33374496e-02  -4.21960769e-02   1.25208057e-16  -4.20077342e-16  -1.49013415e-16
  8.88000000e-06   2.81815796e-02   2.34128090e-02  -4.16192623e-02   2.77214226e-16  -3.78758750e-16  -2.53601679e-17
  8.96000000e-06   2.83341308e-02   2.35327677e-02  -4.10331246e-02   3.79714504e-16  -2.71910593e-16   1.06257362e-16
  9.04000000e-06   2.85622254e-02   2.37174201e-02  -4.04689284e-02   4.16800609e-16  -1.19766225e-16   2.23979419e-16
  9.12000000e-06   2.89316508e-02   2.41194846e-02  -3.98105666e-02   3.86957470e-16   4.90043217e-17   3.10904326e-16
  9.20000000e-06   2.93501808e-02   2.44611934e-02  -3.93483037e-02   2.91110914e-16   2.13455180e-16   3.49837861e-16
  9.28000000e-06   2.98351528e-02   2.48592912e-02  -3.89657107e-02   1.47973996e-16   3.44760746e-16   3.33250294e-16
  9.36000000e-06   3.03599200e-02   2.52906234e-02  -3.86604089e-02  -1.84233096e-17   4.21610454e-16   2.61338700e-16
  9.44000000e-06   3.08915648e-02   2.57267881e-02  -3.84172468e-02  -1.79486518e-16   4.30116056e-16   1.43708508e-16
  9.52000000e-06   3.13965331e-02   2.61389894e-02  -3.82103307e-02  -3.06288351e-16   3.66720850e-16  -8.02922846e-19
  9.60000000e-06   3.17406806e-02   2.63835948e-02  -3.81860982e-02  -3.79446919e-16   2.42382832e-16  -1.47932711e-16
  9.68000000e-06   3.21023303e-02   2.66848460e-02  -3.79624631e-02  -3.76224399e-16   7.21511970e-17  -2.67430918e-16
  9.76000000e-06   3.23878879e-02   2.69213101e-02  -3.76782063e-02  -2.99796974e-16  -1.09550095e-16  -3.35977323e-16
  9.84000000e-06   3.26099833e-02   2.71039877e-02  -3.73158985e-02  -1.64676076e-16  -2.68956546e-16  -3.39262339e-16
  9.92000000e-06   3.27936741e-02   2.72544106e-02  -3.68732908e-02   2.88047771e-18  -3.76766342e-16  -2.75920129e-16
  1.00000000e-05   3.32250629e-02   2.74960716e-02  -3.63193977e-02   1.73713651e-16  -4.19612389e-16  -1.58759387e-16
  1.00800000e-05   3.34536520e-02   2.76637244e-02  -3.57574435e-02   3.11999060e-16  -3.81696389e-16  -3.40168988e-18
  1.01600000e-05   3.37374082e-02   2.78803947e-02  -3.51911277e-02   3.93831370e-16  -2.75566502e-16   1.59243173e-16
  1.02400000e-05   3.37853795e-02   2.80754123e-02  -3.46767895e-02   4.02790573e-16  -1.14688570e-16   2.99580890e-16
  1.03200000e-05   3.42340631e-02   2.84343363e-02  -3.41933528e-02   3.41663575e-16   6.11264506e-17   3.92901583e-16
  1.04000000e-05   3.47484014e-02   2.88515607e-02  -3.38026553e-02   2.19757993e-16   2.30206499e-16   4.22394502e-16
  1.04800000e-05   3.53059581e-02   2.93082469e-02  -3.35131534e-02   5.79296849e-17   3.63895902e-16   3.79266428e-16
  1.05600000e-05   3.58765016e-02   2.97784602e-02  -3.33159519e-02  -1.15109965e-16   4.37352236e-16   2.66957202e-16
  1.06400000e-05   3.64274077e-02   3.02337718e-02  -3.31854391e-02  -2.66832030e-16   4.34038673e-16   1.02533735e-16
  1.07200000e-05   3.69298004e-02   3.06485819e-02  -3.30831685e-02  -3.66539494e-16   3.50379951e-16  -8.45620853e-17
  1.08000000e-05   3.73643661e-02   3.10052499e-02  -3.29647129e-02  -3.92024877e-16   1.98842854e-16  -2.57323298e-16
  1.08800000e-05   3.77255989e-02   3.12979454e-02  -3.27883913e-02  -3.35582382e-16   7.34307785e-18  -3.79104391e-16
  1.09600000e-05   3.87338825e-02   3.18594324e-02  -3.24932106e-02  -1.99793346e-16  -1.95855280e-16  -4.30200948e-16
  1.10400000e-05   3.90140366e-02   3.20795761e-02  -3.21218026e-02  -2.03624984e-17  -3.53213886e-16  -3.77481151e-16
  1.11200000e-05   3.92762953e-02   3.22880611e-02  -3.16611198e-02   1.65918332e-16  -4.37789498e-16  -2.40633203e-16
  1.12000000e-05   3.93638576e-02   3.24440200e-02  -3.11886387e-02   3.16246951e-16  -4.28935082e-16  -4.70581110e-17
  1.12800000e-05   3.97074568e-02   3.27148127e-02  -3.06527118e-02   4.03559144e-16  -3.37236419e-16   1.62846309e-16
  1.13600000e-05   4.01272437e-02   3.30502661e-02  -3.01519810e-02   4.07725596e-16  -1.76268303e-16   3.49402914e-16
  1.14400000e-05   4.06260356e-02   3.34533266e-02  -2.97314581e-02   3.26904494e-16   2.40530535e-17   4.73757063e-16
  1.15200000e-05   4.12653192e-02   3.39625316e-02  -2.93763924e-02   1.76946761e-16   2.24434482e-16   5.08031331e-16
  1.16000000e-05   4.18781277e-02   3.44698460e-02  -2.91815389e-02  -1.40004832e-17   3.87685885e-16   4.37850750e-16
  1.16800000e-05   4.24969180e-02   3.49804120e-02  -2.90911268e-02  -2.05180897e-16   4.75085592e-16   2.71530699e-16
  1.17600000e-05   4.30828339e-02   3.54614827e-02  -2.90667367e-02  -3.53128227e-16   4.62063502e-16   4.03104123e-17
  1.18400000e-05   4.36039684e-02   3.58865468e-02  -2.90543662e-02  -4.20788556e-16   3.44976747e-16  -2.05408946e-16
  1.19200000e-05   4.40431800e-02   3.62418528e-02  -2.89961629e-02  -3.87876110e-16   1.45845812e-16  -4.06866761e-16
  1.20000000e-05   4.44029026e-02   3.65303150e-02  -2.88441874e-02  -2.58430256e-16  -9.05066005e-17  -5.12452922e-16
  1.20800000e-05   4.47052971e-02   3.67714409e-02  -2.85726129e-02  -6.19037958e-17  -3.07565782e-16  -4.92676837e-16
  1.21600000e-05   4.49872781e-02   3.69969382e-02  -2.81848608e-02   1.53690516e-16  -4.52688207e-16  -3.48909285e-16
  1.22400000e-05   4.54788909e-02   3.73096919e-02  -2.76447487e-02   3.37066759e-16  -4.94937520e-16  -1.13458945e-16
  1.23200000e-05   4.58398607e-02   3.76009423e-02  -2.71321586e-02   4.37752662e-16  -4.16096309e-16   1.62939773e-16
  1.24000000e-05   4.62846503e-02   3.79641632e-02  -2.66549443e-02   4.30832405e-16  -2.36150900e-16   4.11768103e-16
  1.24800000e-05   4.68173537e-02   3.84012153e-02  -2.62714537e-02   3.15817416e-16   5.77440618e-18   5.71246649e-16
  1.25600000e-05   4.74201383e-02   3.88955093e-02  -2.60196853e-02   1.18388356e-16   2.54897909e-16   5.96793392e-16
  1.26400000e-05   4.80571690e-02   3.94156794e-02  -2.59067526e-02  -1.14128325e-16   4.50158264e-16   4.73182025e-16
  1.27200000e-05   4.86831465e-02   3.99230788e-02  -2.59051435e-02  -3.22103266e-16   5.37383442e-16   2.22851534e-16
  1.28000000e-05   4.92548043e-02   4.03816280e-02  -2.59577003e-02  -4.47566603e-16   4.85397814e-16  -9.41397535e-17
  1.28800000e-05   4.97427538e-02   4.07677505e-02  -2.59913163e-02  -4.50864527e-16   2.99883296e-16  -3.92503237e-16
  1.29600000e-05   5.01404073e-02   4.10776108e-02  -2.59365335e-02  -3.25140913e-16   2.70806952e-17  -5.85671464e-16
  1.30400000e-05   5.04669164e-02   4.13291294e-02  -2.57475924e-02  -1.02078875e-16  -2.57632301e-16  -6.13623384e-16
  1.31200000e-05   5.07625457e-02   4.15575752e-02  -2.54165570e-02   1.55420982e-16  -4.73150150e-16  -4.63218060e-16
  1.32000000e-05   5.10773868e-02   4.18056675e-02  -2.49767620e-02   3.72034404e-16  -5.57867163e-16  -1.72939308e-16
  1.32800000e-05   5.16005022e-02   4.22575545e-02  -2.45277059e-02   4.85250316e-16  -4.88314627e-16   1.79559313e-16
  1.33600000e-05   5.16200907e-02   4.23029304e-02  -2.40254453e-02   4.50855013e-16  -2.71666086e-16   4.90351166e-16
  1.34400000e-05   5.21480454e-02   4.27476912e-02  -2.37007478e-02   2.87434659e-16   2.15402685e-17   6.71284826e-16
  1.35200000e-05   5.27296865e-02   4.32383275e-02  -2.35268574e-02   3.46571592e-17   3.18963201e-16   6.63875173e-16
  1.36000000e-05   5.33191835e-02   4.37343262e-02  -2.35030491e-02  -2.35093619e-16   5.33277851e-16   4.58985028e-16
  1.36800000e-05   5.47091043e-02   4.48015654e-02  -2.36301987e-02  -4.41758526e-16   5.96374675e-16   1.07925699e-16
  1.37600000e-05   5.53035052e-02   4.52771515e-02  -2.37360041e-02  -5.11485672e-16   4.70705967e-16  -2.93845800e-16
  1.38400000e-05   5.57971666e-02   4.56656917e-02  -2.37777168e-02  -4.12532757e-16   1.87332551e-16  -6.08279111e-16
  1.39200000e-05   5.61971626e-02   4.59755857e-02  -2.36831587e-02  -1.70668685e-16  -1.64437910e-16  -7.24194999e-16
  1.40000000e-05   5.65426498e-02   4.62422111e-02  -2.34246055e-02   1.35610299e-16  -4.67089370e-16  -5.94737000e-16
  1.40800000e-05   5.68924213e-02   4.65166272e-02  -2.30298563e-02   4.01241322e-16  -6.17827135e-16  -2.56694792e-16
  1.41600000e-05   5.73048554e-02   4.68481586e-02  -2.25744277e-02   5.32351847e-16  -5.63861447e-16   1.81199507e-16
  1.42400000e-05   5.78174458e-02   4.72670901e-02  -2.21572686e-02   4.79710306e-16  -3.18052852e-16   5.73274261e-16
  1.43200000e-05   5.79448960e-02   4.73483450e-02  -2.19812200e-02   2.54157656e-16   4.73661074e-17   7.72015644e-16
  1.44000000e-05   5.85784808e-02   4.78617731e-02  -2.18679957e-02  -6.09100202e-17   4.00805040e-16   7.14067426e-16
  1.44800000e-05   5.92091648e-02   4.83686300e-02  -2.19218734e-02  -3.62725992e-16   6.25753295e-16   4.00975152e-16
  1.45600000e-05   5.97778672e-02   4.88189693e-02  -2.20714093e-02  -5.40212581e-16   6.31227401e-16  -6.69139328e-17
  1.46400000e-05   6.02466833e-02   4.91822210e-02  -2.22085361e-02  -5.20620514e-16   4.02424002e-16  -5.21130838e-16
  1.47200000e-05   6.06140628e-02   4.94595567e-02  -2.22273730e-02  -3.02380598e-16   1.68849882e-17  -7.87020246e-16
  1.48000000e-05   6.14956938e-02   5.01169116e-02  -2.20342985e-02   4.24568821e-17  -3.87549774e-16  -7.62986957e-16
  1.48800000e-05   6.18556461e-02   5.03833727e-02  -2.16864064e-02   3.79533469e-16  -6.50716763e-16  -4.29255873e-16
  1.49600000e-05   6.22676794e-02   5.06988714e-02  -2.12361701e-02   5.71904156e-16  -6.67157457e-16   8.41495672e-17
  1.50400000e-05   6.27844044e-02   5.11056704e-02  -2.08017641e-02   5.38520522e-16  -4.24718318e-16   5.81930254e-16
  1.51200000e-05   6.34172408e-02   5.16101326e-02  -2.04990679e-02   2.86140294e-16  -7.57323983e-18   8.66155090e-16
  1.52000000e-05   6.41308669e-02   5.21792541e-02  -2.03955662e-02  -9.04493262e-17   4.27909773e-16   8.10343725e-16
  1.52800000e-05   6.45350263e-02   5.25303354e-02  -2.05036087e-02  -4.38875918e-16   7.01713724e-16   4.16433445e-16
  1.53600000e-05   6.50983560e-02   5.29786249e-02  -2.06926991e-02  -6.11507859e-16   6.88440750e-16  -1.61192700e-16
  1.54400000e-05   6.55483863e-02   5.33280085e-02  -2.08473114e-02  -5.25770092e-16   3.79274349e-16  -6.82938684e-16
  1.55200000e-05   6.58946133e-02   5.35885275e-02  -2.08448642e-02  -2.08146732e-16  -1.00810867e-16  -9.17158976e-16
  1.56000000e-05   6.61921088e-02   5.38092645e-02  -2.06288744e-02   2.08256285e-16  -5.44478710e-16  -7.52007885e-16
  1.56800000e-05   6.65186140e-02   5.40578781e-02  -2.02357952e-02   5.39548961e-16  -7.57609631e-16  -2.50285197e-16
  1.57600000e-05   6.69402637e-02   5.43907927e-02  -1.97813027e-02   6.34581878e-16  -6.44148533e-16   3.76281032e-16
  1.58400000e-05   6.74814822e-02   5.48275277e-02  -1.94114506e-02   4.44423463e-16  -2.44380554e-16   8.54731197e-16
  1.59200000e-05   6.81129595e-02   5.53409825e-02  -1.92389440e-02   4.68144393e-17   2.77330799e-16   9.63484740e-16
  1.60000000e-05   6.87635336e-02   5.58684327e-02  -1.92910268e-02  -3.82869720e-16   6.89961537e-16   6.33434135e-16
  1.60800000e-05   6.93515508e-02   5.63391720e-02  -1.94927841e-02  -6.44437058e-16   7.92322445e-16  -2.76609287e-18
  1.61600000e-05   7.04143333e-02   5.71541282e-02  -1.96706849e-02  -6.05874469e-16   5.19696723e-16  -6.58819644e-16
  1.62400000e-05   7.07798851e-02   5.74329810e-02  -1.97525700e-02  -2.65852817e-16  -1.83053860e-17  -1.00586226e-15
  1.63200000e-05   7.11112249e-02   5.76782585e-02  -1.95722455e-02   2.14777332e-16  -5.56543160e-16  -8.59756281e-16
  1.64000000e-05   7.15434364e-02   5.79830571e-02  -1.91897809e-02   5.96954012e-16  -8.29449711e-16  -2.80664408e-16
  1.64800000e-05   7.20343561e-02   5.83695376e-02  -1.87313182e-02   6.83147901e-16  -6.96384733e-16   4.57120219e-16
  1.65600000e-05   7.26484258e-02   5.88639607e-02  -1.83810481e-02   4.19941244e-16  -2.10270942e-16   9.86379543e-16
  1.66400000e-05   7.33458564e-02   5.94273679e-02  -1.82682017e-02  -6.80974313e-17   3.99370977e-16   1.02576607e-15
  1.67200000e-05   7.40426267e-02   5.99840199e-02  -1.84039539e-02  -5.33714462e-16   8.21039396e-16   5.28778916e-16
  1.68000000e-05   7.46530553e-02   6.04598457e-02  -1.86697135e-02  -7.27053675e-16   8.15953502e-16  -2.64832958e-16
  1.68800000e-05   7.51353649e-02   6.08220218e-02  -1.88744617e-02  -5.30310087e-16   3.65650209e-16  -9.32766037e-16
  1.69600000e-05   7.55162628e-02   6.10985910e-02  -1.88561854e-02  -3.61414871e-17  -2.94770303e-16  -1.09986828e-15
  1.70400000e-05   7.58790228e-02   6.13654403e-02  -1.85725878e-02   4.88623710e-16  -8.03596277e-16  -6.58860785e-16
  1.71200000e-05   7.63186997e-02   6.17053961e-02  -1.81280209e-02   7.47928966e-16  -8.77727390e-16   1.61101418e-16
  1.72000000e-05   7.68884393e-02   6.21614546e-02  -1.77192948e-02   5.86733729e-16  -4.65324934e-16   9.13567168e-16
  1.72800000e-05   7.75117486e-02   6.26935263e-02  -1.72973264e-02   8.55598946e-17   2.17070677e-16   1.17017062e-15
  1.73600000e-05   7.82110058e-02   6.32627303e-02  -1.73631704e-02  -4.78168641e-16   8.00068261e-16   7.61177364e-16
  1.74400000e-05   7.89220223e-02   6.38189436e-02  -1.77864844e-02  -7.78701973e-16   9.33037255e-16  -1.07457014e-16
  1.75200000e-05   7.94267724e-02   6.41979639e-02  -1.80411889e-02  -6.20669212e-16   5.05121272e-16  -9.35082222e-16
  1.76000000e-05   7.98165421e-02   6.44777213e-02  -1.80678307e-02  -8.19347919e-17  -2.37954728e-16  -1.21113214e-15
  1.76800000e-05   8.01801588e-02   6.47399338e-02  -1.77990041e-02   5.18238119e-16  -8.48288879e-16  -7.50926910e-16
  1.77600000e-05   8.06242435e-02   6.50786773e-02  -1.73469037e-02   8.07870772e-16  -9.52324081e-16   1.82048532e-16
  1.78400000e-05   8.12070465e-02   6.55420511e-02  -1.69390561e-02   5.96954295e-16  -4.74210330e-16   1.02698624e-15
  1.79200000e-05   8.19005401e-02   6.61007411e-02  -1.67812655e-02   3.69209300e-18   3.13391227e-16   1.25245482e-15
  1.80000000e-05   8.26059988e-02   6.66644626e-02  -1.69281210e-02  -6.06861607e-16   9.26149377e-16   6.85890729e-16
  1.80800000e-05   8.32148879e-02   6.71376602e-02  -1.72416879e-02  -8.40216925e-16   9.54009879e-16  -3.40370741e-16
  1.81600000e-05   8.36785353e-02   6.74810522e-02  -1.74728308e-02  -5.27398080e-16   3.52484013e-16  -1.16443105e-15
  1.82400000e-05   8.40423421e-02   6.77395670e-02  -1.74216675e-02   1.43206430e-16  -4.93744187e-16  -1.22896466e-15
  1.83200000e-05   8.44865097e-02   6.80602161e-02  -1.67971316e-02   7.34867484e-16  -1.02837994e-15  -4.70638206e-16
  1.84000000e-05   8.49862790e-02   6.84557591e-02  -1.63024705e-02   8.32848296e-16  -8.84757326e-16   6.26527328e-16
  1.84800000e-05   8.56298476e-02   6.89811807e-02  -1.59527203e-02   3.60923785e-16  -1.41072539e-16   1.32732838e-15
  1.85600000e-05   8.63453920e-02   6.95665440e-02  -1.59141474e-02  -3.72060251e-16   7.21128029e-16   1.13362633e-15
  1.86400000e-05   8.70097374e-02   7.00988846e-02  -1.61431523e-02  -8.62274264e-16   1.10280073e-15   1.41164717e-16
  1.87200000e-05   8.75419079e-02   7.04617636e-02  -1.67266925e-02  -7.58149846e-16   7.10286671e-16  -9.75795571e-16
  1.88000000e-05   8.79299353e-02   7.07369051e-02  -1.68064907e-02  -1.04411950e-16  -2.06085148e-16  -1.41366583e-15
  1.88800000e-05   8.82869223e-02   7.09932879e-02  -1.65369432e-02   6.37651141e-16  -9.87333342e-16  -8.34361176e-16
  1.89600000e-05   8.87414635e-02   7.13457028e-02  -1.60597289e-02   9.24274924e-16  -1.06750374e-15   3.64869482e-16
  1.90400000e-05   8.93522311e-02   7.18401347e-02  -1.56707065e-02   5.31156633e-16  -3.71559043e-16   1.32522286e-15
  1.91200000e-05   9.00626478e-02   7.24178716e-02  -1.56076465e-02  -2.67695299e-16   6.18676230e-16   1.32588013e-15
  1.92000000e-05   9.07404714e-02   7.29566843e-02  -1.58718929e-02  -8.83376532e-16   1.16947233e-15   3.25280731e-16
  1.92800000e-05   9.14391116e-02   7.35053231e-02  -1.61370030e-02  -8.38076602e-16   8.34378633e-16  -9.48237347e-16
  1.93600000e-05   9.18633826e-02   7.38049476e-02  -1.62330280e-02  -1.40771819e-16  -1.56726367e-16  -1.50920436e-15
  1.94400000e-05   9.22421353e-02   7.40697712e-02  -1.59649146e-02   6.80116516e-16  -1.04043852e-15  -8.97570953e-16
  1.95200000e-05   9.27173028e-02   7.44291522e-02  -1.54759742e-02   9.75450934e-16  -1.12504049e-15   4.33276107e-16
  1.96000000e-05   9.33560934e-02   7.49392655e-02  -1.50862886e-02   4.95332227e-16  -3.24824287e-16   1.45166175e-15
  1.96800000e-05   9.40953196e-02   7.55363322e-02  -1.50442259e-02  -3.95110846e-16   7.57059322e-16   1.32990578e-15
  1.97600000e-05   9.47895025e-02   7.60851320e-02  -1.53248308e-02  -9.83959884e-16   1.24999730e-15   1.19880071e-16
  1.98400000e-05   9.53269036e-02   7.64869695e-02  -1.56397705e-02  -7.74189854e-16   7.16487994e-16  -1.21479571e-15
  1.99200000e-05   9.55515906e-02   7.66504432e-02  -1.57232241e-02   8.43784175e-17  -4.23967878e-16  -1.55406000e-15
  2.00000000e-05   9.59252422e-02   7.69134168e-02  -1.53664420e-02   8.85587173e-16  -1.22381271e-15  -5.97239937e-16
  2.00800000e-05   9.64406775e-02   7.73088863e-02  -1.48611911e-02   9.47287567e-16  -1.01215800e-15   8.82045521e-16
  2.01600000e-05   9.71146779e-02   7.78507148e-02  -1.45688291e-02   1.98223578e-16   6.06221864e-17   1.64528661e-15
  2.02400000e-05   9.78279862e-02   7.84273897e-02  -1.46773163e-02  -7.37913053e-16   1.10927609e-15   1.00897741e-15
  2.03200000e-05   9.85305814e-02   7.89947367e-02  -1.50834647e-02  -1.05269089e-15   1.21293383e-15  -5.24206933e-16
  2.04000000e-05   9.89932091e-02   7.93370035e-02  -1.53337403e-02  -4.43951465e-16   2.40091065e-16  -1.62387481e-15
  2.04800000e-05   9.93627204e-02   7.95943454e-02  -1.51846775e-02   5.72762639e-16  -9.61275392e-16  -1.29082963e-15
  2.05600000e-05   9.98070026e-02   7.99216180e-02  -1.47142053e-02   1.08865737e-15  -1.32138301e-15   2.07184874e-16
  2.06400000e-05   1.00428535e-01   8.04126147e-02  -1.42901987e-02   6.21424670e-16  -5.00819524e-16   1.54907307e-15
  2.07200000e-05   1.01169251e-01   8.10131345e-02  -1.42455858e-02  -4.25912829e-16   7.96687050e-16   1.50592849e-15
  2.08000000e-05   1.01860535e-01   8.15674268e-02  -1.45735501e-02  -1.10152222e-15   1.38713189e-15   6.47156133e-17
  2.08800000e-05   1.02376257e-01   8.19594796e-02  -1.49221333e-02  -7.60241132e-16   6.82784467e-16  -1.46560693e-15
  2.09600000e-05   1.02751725e-01   8.22226171e-02  -1.49139543e-02   3.06974947e-16  -6.79594701e-16  -1.63175032e-15
  2.10400000e-05   1.03155368e-01   8.25125503e-02  -1.45036528e-02   1.09744672e-15  -1.41524693e-15  -2.46014810e-16
  2.11200000e-05   1.03730870e-01   8.29614495e-02  -1.40282072e-02   8.41283262e-16  -8.14887615e-16   1.40166075e-15
  2.12000000e-05   1.04457446e-01   8.35496649e-02  -1.38929397e-02  -2.38101360e-16   5.85191870e-16   1.72901669e-15
  2.12800000e-05   1.05166799e-01   8.41216381e-02  -1.41820064e-02  -1.10648170e-15   1.44523292e-15   3.67382621e-16
  2.13600000e-05   1.05558335e-01   8.43357417e-02  -1.44247526e-02  -8.93449536e-16   8.81841777e-16  -1.38236442e-15
  2.14400000e-05   1.06020175e-01   8.46414159e-02  -1.44753346e-02   2.12297902e-16  -5.69565043e-16  -1.77549823e-15
  2.15200000e-05   1.06421322e-01   8.49350268e-02  -1.40746164e-02   1.12200964e-15  -1.47023313e-15  -3.88539243e-16
  2.16000000e-05   1.06931357e-01   8.53214038e-02  -1.35758981e-02   9.02775108e-16  -9.06220719e-16   1.41537185e-15
  2.16800000e-05   1.07655107e-01   8.59073348e-02  -1.34325793e-02  -2.45014427e-16   5.90503219e-16   1.81286878e-15
  2.17600000e-05   1.08464992e-01   8.65711277e-02  -1.37504913e-02  -1.16422836e-15   1.51367694e-15   3.46365783e-16
  2.18400000e-05   1.09031825e-01   8.69873545e-02  -1.41376899e-02  -8.87396841e-16   8.66251572e-16  -1.51379499e-15
  2.19200000e-05   1.09427871e-01   8.72587649e-02  -1.41491662e-02   3.30796854e-16  -7.07244346e-16  -1.80327746e-15
  2.20000000e-05   1.09678585e-01   8.73841768e-02  -1.36891183e-02   1.21225474e-15  -1.55002606e-15  -1.81850093e-16
  2.20800000e-05   1.10267698e-01   8.78547482e-02  -1.32226844e-02   8.06214872e-16  -7.62320621e-16   1.65820880e-15
  2.21600000e-05   1.11000749e-01   8.84473944e-02  -1.31566402e-02  -4.77936929e-16   8.60421802e-16   1.75202097e-15
  2.22400000e-05   1.11681409e-01   8.89733658e-02  -1.35108860e-02  -1.26679608e-15   1.58082624e-15  -6.11463221e-17
  2.23200000e-05   1.12406223e-01   8.95733330e-02  -1.39030517e-02  -6.81378598e-16   5.69104679e-16  -1.84237190e-15
  2.24000000e-05   1.12525584e-01   8.95490631e-02  -1.37437762e-02   6.72708326e-16  -1.09071092e-15  -1.59892326e-15
  2.24800000e-05   1.12967479e-01   8.98799547e-02  -1.32562041e-02   1.28879901e-15  -1.55682225e-15   4.27366788e-16
  2.25600000e-05   1.13652051e-01   9.04634067e-02  -1.29503520e-02   4.60625915e-16  -2.90715494e-16   2.01168015e-15
  2.26400000e-05   1.14367809e-01   9.10416744e-02  -1.30584907e-02  -9.06517600e-16   1.33169909e-15   1.34500099e-15
  2.27200000e-05   1.14989271e-01   9.15054506e-02  -1.34275413e-02  -1.26043343e-15   1.45519853e-15  -8.77131795e-16
  2.28000000e-05   1.15411130e-01   9.17865215e-02  -1.36295866e-02  -1.65166595e-16  -1.06665537e-16  -2.11690366e-15
  2.28800000e-05   1.15774570e-01   9.20306732e-02  -1.33242626e-02   1.13792423e-15  -1.56313165e-15  -9.09121168e-16
  2.29600000e-05   1.16298819e-01   9.24361171e-02  -1.28019119e-02   1.12079300e-15  -1.21895072e-15   1.38040558e-15
  2.30400000e-05   1.17015952e-01   9.30135611e-02  -1.26108420e-02  -2.24282482e-16   5.64795312e-16   2.08463439e-15
  2.31200000e-05   1.17729682e-01   9.35699917e-02  -1.29177165e-02  -1.32607653e-15   1.71205920e-15   3.15752137e-16
  2.32000000e-05   1.18244725e-01   9.39343806e-02  -1.32989140e-02  -8.53641659e-16   8.10793988e-16  -1.86309890e-15
  2.32800000e-05   1.18600854e-01   9.41633919e-02  -1.32355372e-02   6.60363835e-16  -1.08617440e-15  -1.81013816e-15
  2.33600000e-05   1.19030534e-01   9.44781391e-02  -1.27412876e-02   1.38618553e-15  -1.68578794e-15   4.49585342e-16
  2.34400000e-05   1.19678418e-01   9.49971823e-02  -1.23551024e-02   4.13404813e-16  -2.35281390e-16   2.19541403e-15
  2.35200000e-05   1.20421296e-01   9.55884743e-02  -1.24913099e-02  -1.08883917e-15   1.53558076e-15   1.25402357e-15
  2.36000000e-05   1.21095422e-01   9.61483660e-02  -1.30830666e-02  -1.26041984e-15   1.41347800e-15  -1.27855895e-15
  2.36800000e-05   1.21474969e-01   9.63963680e-02  -1.32216700e-02   1.56645088e-16  -5.03645457e-16  -2.23278418e-15
  2.37600000e-05   1.21836170e-01   9.66422846e-02  -1.28202206e-02   1.39209654e-15  -1.80320603e-15  -3.63350969e-16
  2.38400000e-05   1.22395894e-01   9.70839201e-02  -1.23272299e-02   8.57922719e-16  -8.28036540e-16   1.99697619e-15
  2.39200000e-05   1.23118072e-01   9.76700449e-02  -1.23139064e-02  -7.91966913e-16   1.22882832e-15   1.82836196e-15
  2.40000000e-05   1.23756374e-01   9.81622374e-02  -1.27429859e-02  -1.44132198e-15   1.72341246e-15  -7.21868419e-16
  2.40800000e-05   1.24230870e-01   9.84414382e-02  -1.29745654e-02  -2.14324720e-16  -4.08524358e-17  -2.36210755e-15
  2.41600000e-05   1.24594266e-01   9.86759764e-02  -1.26477111e-02   1.31121497e-15  -1.77176909e-15  -9.06185901e-16
  2.42400000e-05   1.25136007e-01   9.90918038e-02  -1.20999349e-02   1.11018755e-15  -1.18571604e-15   1.77105878e-15
  2.43200000e-05   1.25870647e-01   9.96828632e-02  -1.19772481e-02  -5.81984725e-16   9.90652453e-16   2.12872598e-15
  2.44000000e-05   1.26554085e-01   1.00208078e-01  -1.23676397e-02  -1.51752807e-15   1.86952378e-15  -3.80670317e-16
  2.44800000e-05   1.27007623e-01   1.00511564e-01  -1.26691638e-02  -4.07019404e-16   2.10845915e-16  -2.40758700e-15
  2.45600000e-05   1.27361439e-01   1.00735830e-01  -1.23935903e-02   1.27444593e-15  -1.75445838e-15  -1.16363008e-15
  2.46400000e-05   1.27883138e-01   1.01132971e-01  -1.18365890e-02   1.21680215e-15  -1.34010535e-15   1.69640438e-15
  2.47200000e-05   1.28631583e-01   1.01809208e-01  -1.18739003e-02  -5.33913774e-16   9.37560868e-16   2.25487456e-15
  2.48000000e-05   1.29300192e-01   1.02339564e-01  -1.22973873e-02  -1.56897178e-15   1.94171902e-15  -3.37768940e-16
  2.48800000e-05   1.29736840e-01   1.02642767e-01  -1.26461595e-02  -4.11227245e-16   2.13006440e-16  -2.48990634e-15
  2.49600000e-05   1.30065845e-01   1.02854303e-01  -1.23928709e-02   1.34359828e-15  -1.83579358e-15  -1.13476711e-15
  2.50400000e-05   1.30564967e-01   1.03240638e-01  -1.18579965e-02   1.19716681e-15  -1.30117157e-15   1.85311759e-15
  2.51200000e-05   1.31270666e-01   1.03820630e-01  -1.17664676e-02  -6.74099305e-16   1.10492073e-15   2.22871488e-15
  2.52000000e-05   1.31922320e-01   1.04334671e-01  -1.22168240e-02  -1.59969809e-15   1.95027520e-15  -6.18373528e-16
  2.52800000e-05   1.32333665e-01   1.04614834e-01  -1.25253300e-02  -2.10128310e-16  -4.55610770e-17  -2.60060325e-15
  2.53600000e-05   1.32664935e-01   1.04830884e-01  -1.22074422e-02   1.50320360e-15  -1.99457146e-15  -7.92162954e-16
  2.54400000e-05   1.33334445e-01   1.05270990e-01  -1.14960945e-02   1.01277278e-15  -1.04138452e-15   2.21030863e-15
  2.55200000e-05   1.34074041e-01   1.05871717e-01  -1.14872686e-02  -9.95374252e-16   1.47523314e-15   1.97885315e-15
  2.56000000e-05   1.34707836e-01   1.06353100e-01  -1.19444718e-02  -1.54428717e-15   1.81861457e-15  -1.22335139e-15
  2.56800000e-05   1.35095526e-01   1.06604188e-01  -1.21145313e-02   2.25963184e-16  -5.83828352e-16  -2.61767721e-15
  2.57600000e-05   1.35464996e-01   1.06859002e-01  -1.16695258e-02   1.67198612e-15  -2.12595929e-15  -5.84681062e-17
  2.58400000e-05   1.36073203e-01   1.07347595e-01  -1.12103370e-02   5.77243848e-16  -4.57773554e-16   2.62316191e-15
  2.59200000e-05   1.36906046e-01   1.08014730e-01  -1.15790565e-02  -1.42299248e-15   1.94428416e-15   1.31228775e-15
  2.60000000e-05   1.37481377e-01   1.08433223e-01  -1.20761803e-02  -1.25064447e-15   1.35662676e-15  -2.05668616e-15
  2.60800000e-05   1.37837644e-01   1.08648307e-01  -1.20798983e-02   8.72881720e-16  -1.35794728e-15  -2.25355485e-15
  2.61600000e-05   1.38262736e-01   1.08951910e-01  -1.15328115e-02   1.64714025e-15  -1.97607984e-15   1.07870017e-15
  2.62400000e-05   1.38938061e-01   1.09499015e-01  -1.12397316e-02  -1.74338339e-16   5.04118060e-16   2.75613347e-15
  2.63200000e-05   1.39650475e-01   1.10060968e-01  -1.16143194e-02  -1.74523658e-15   2.22258702e-15   7.72289086e-17
  2.64000000e-05   1.40125126e-01   1.10382601e-01  -1.20153873e-02  -5.48834146e-16   3.96212239e-16  -2.76066977e-15
  2.64800000e-05   1.40462760e-01   1.10589077e-01  -1.17528492e-02   1.54346091e-15  -2.08628387e-15  -1.18451516e-15
  2.65600000e-05   1.40984676e-01   1.10991338e-01  -1.11974567e-02   1.15463505e-15  -1.23222402e-15   2.32371120e-15
  2.66400000e-05   1.41715145e-01   1.11585216e-01  -1.11967097e-02  -1.12265086e-15   1.63652056e-15   2.10015894e-15
  2.67200000e-05   1.42338304e-01   1.12053961e-01  -1.17058065e-02  -1.59276892e-15   1.85879991e-15  -1.57410205e-15
  2.68000000e-05   1.42709723e-01   1.12281672e-01  -1.18442895e-02   5.56340079e-16  -9.90891047e-16  -2.69022173e-15
  2.68800000e-05   1.43097307e-01   1.12530643e-01  -1.12534884e-02   1.80274343e-15  -2.22819478e-15   6.42248642e-16
  2.69600000e-05   1.43758322e-01   1.13062519e-01  -1.08755666e-02   4.81159884e-17   2.22329247e-16   2.94735712e-15
  2.70400000e-05   1.44516886e-01   1.13675646e-01  -1.12360715e-02  -1.81272875e-15   2.33761039e-15   3.34588069e-16
  2.71200000e-05   1.44992054e-01   1.14005515e-01  -1.16785772e-02  -6.37295475e-16   5.15599119e-16  -2.87891548e-15
  2.72000000e-05   1.45323369e-01   1.14210254e-01  -1.14300961e-02   1.63306554e-15  -2.20093278e-15  -1.22890536e-15
  2.72800000e-05   1.45849880e-01   1.14621601e-01  -1.08855065e-02   1.12939295e-15  -1.19619577e-15   2.53657931e-15
  2.73600000e-05   1.46578178e-01   1.15219872e-01  -1.09484690e-02  -1.32577286e-15   1.87594771e-15   1.99270640e-15
  2.74400000e-05   1.47167150e-01   1.15663240e-01  -1.14887427e-02  -1.52150040e-15   1.73611870e-15  -2.01151369e-15
  2.75200000e-05   1.47511915e-01   1.15873346e-01  -1.15494133e-02   9.26046642e-16  -1.43341765e-15  -2.55354836e-15
  2.76000000e-05   1.47930001e-01   1.16175772e-01  -1.09996698e-02   1.77394819e-15  -2.12977985e-15   1.36288979e-15
  2.76800000e-05   1.48611932e-01   1.16736321e-01  -1.07740616e-02  -4.95740099e-16   9.01653736e-16   2.93137795e-15
  2.77600000e-05   1.49284306e-01   1.17267243e-01  -1.12466185e-02  -1.91824026e-15   2.37749459e-15  -6.72284687e-16
  2.78400000e-05   1.49687174e-01   1.17529763e-01  -1.15604593e-02   5.39981355e-17  -3.75447346e-16  -3.11781809e-15
  2.79200000e-05   1.50035956e-01   1.17759163e-01  -1.11337675e-02   1.94702989e-15  -2.48140443e-15  -7.51024398e-18
  2.80000000e-05   1.50643461e-01   1.18251009e-01  -1.07040510e-02   3.49260456e-16  -1.59785658e-16   3.15011472e-15
  2.80800000e-05   1.51357821e-01   1.18829999e-01  -1.10205892e-02  -1.90169222e-15   2.48222871e-15   6.46720891e-16
  2.81600000e-05   1.51831777e-01   1.19161031e-01  -1.14910138e-02  -7.22022699e-16   6.24417098e-16  -3.06498666e-15
  2.82400000e-05   1.52264884e-01   1.19325043e-01  -1.09311282e-02   1.79299472e-15  -2.39787991e-15  -1.19996673e-15
  2.83200000e-05   1.52808410e-01   1.19752994e-01  -1.03823482e-02   1.02218834e-15  -1.05334864e-15   2.89504088e-15
  2.84000000e-05   1.53540459e-01   1.20344450e-01  -1.05057973e-02  -1.65199488e-15   2.25484709e-15   1.68576260e-15
  2.84800000e-05   1.54120165e-01   1.20789874e-01  -1.12384401e-02  -1.29149298e-15   1.39847247e-15  -2.68042507e-15
  2.85600000e-05   1.54456159e-01   1.20985882e-01  -1.11631781e-02   1.48672443e-15  -2.08926996e-15  -2.07274532e-15
  2.86400000e-05   1.54944948e-01   1.21356039e-01  -1.05889288e-02   1.48866836e-15  -1.68812078e-15   2.43631733e-15
  2.87200000e-05   1.55675602e-01   1.21953212e-01  -1.05965002e-02  -1.33004838e-15   1.90570557e-15   2.39237790e-15
  2.88000000e-05   1.56279335e-01   1.22400599e-01  -1.11771086e-02  -1.65476426e-15   1.91103043e-15  -2.20935388e-15
  2.88800000e-05   1.56623936e-01   1.22601741e-01  -1.12325345e-02   1.17858981e-15  -1.74630001e-15  -2.62665989e-15
  2.89600000e-05   1.57069619e-01   1.22928698e-01  -1.06599800e-02   1.76796050e-15  -2.08582251e-15   1.99676135e-15
  2.90400000e-05   1.57783323e-01   1.23513339e-01  -1.05610596e-02  -1.05828469e-15   1.59273671e-15   2.81643647e-15
  2.91200000e-05   1.58414143e-01   1.23989890e-01  -1.11326535e-02  -1.86356295e-15   2.21645340e-15  -1.83217003e-15
  2.92000000e-05   1.58767801e-01   1.24198336e-01  -1.12716771e-02   9.58563159e-16  -1.49256733e-15  -2.94414163e-15
  2.92800000e-05   1.59187481e-01   1.24499207e-01  -1.07111485e-02   1.92051848e-15  -2.30864809e-15   1.70828032e-15
  2.93600000e-05   1.59887620e-01   1.25073091e-01  -1.05531152e-02  -9.02516180e-16   1.41051922e-15   3.04335113e-15
  2.94400000e-05   1.60488536e-01   1.25489442e-01  -1.07569129e-02  -1.96485584e-15   2.37226699e-15  -1.64009667e-15
  2.95200000e-05   1.60843467e-01   1.25694377e-01  -1.08796942e-02   8.73219108e-16  -1.38518088e-15  -3.09364015e-15
  2.96000000e-05   1.61258914e-01   1.25989577e-01  -1.02978684e-02   1.98382362e-15  -2.40606148e-15   1.62854799e-15
  2.96800000e-05   1.61955523e-01   1.26557563e-01  -1.00889183e-02  -8.91785925e-16   1.39053453e-15   3.12749146e-15
  2.97600000e-05   1.62588467e-01   1.27032588e-01  -1.05899948e-02  -1.99729302e-15   2.41594128e-15  -1.68399856e-15
  2.98400000e-05   1.62937782e-01   1.27233047e-01  -1.07072577e-02   9.40615970e-16  -1.46668212e-15  -3.11457483e-15
  2.99200000e-05   1.63355935e-01   1.27532086e-01  -1.01190114e-02   1.97889238e-15  -2.39223810e-15   1.79629186e-15
  3.00000000e-05   1.64055463e-01   1.28102918e-01  -9.93962791e-03  -1.03833502e-15   1.56843650e-15   3.07624793e-15
  3.00800000e-05   1.64716526e-01   1.28614826e-01  -1.06124571e-02  -1.95223002e-15   2.33704040e-15  -1.97753477e-15
  3.01600000e-05   1.65068050e-01   1.28806206e-01  -1.07088039e-02   1.16514743e-15  -1.74080512e-15  -2.97866029e-15
  3.02400000e-05   1.65517120e-01   1.29128717e-01  -1.01219384e-02   1.87805662e-15  -2.23414094e-15   2.20894150e-15
  3.03200000e-05   1.66233922e-01   1.29716641e-01  -1.00368665e-02  -1.33718083e-15   1.93267712e-15   2.83111975e-15
  3.04000000e-05   1.66828342e-01   1.30149178e-01  -1.05990091e-02  -1.77717986e-15   2.07466443e-15  -2.49722396e-15
  3.04800000e-05   1.67163024e-01   1.30327783e-01  -1.05957648e-02   1.52839957e-15  -2.17118804e-15  -2.59294455e-15
  3.05600000e-05   1.67645885e-01   1.30687683e-01  -1.00002221e-02   1.61242161e-15  -1.85353114e-15   2.80815349e-15
  3.06400000e-05   1.68344155e-01   1.31248032e-01  -9.97447871e-03  -1.74496904e-15   2.41138607e-15   2.27925081e-15
  3.07200000e-05   1.68879302e-01   1.31620881e-01  -1.05125534e-02  -1.40053159e-15   1.54627918e-15  -3.13893016e-15
  3.08000000e-05   1.69201390e-01   1.31790027e-01  -1.03460033e-02   1.95544905e-15  -2.65545892e-15  -1.84595975e-15
  3.08800000e-05   1.69736440e-01   1.32206139e-01  -9.76198728e-03   1.10677435e-15  -1.16673011e-15   3.44305465e-15
  3.09600000e-05   1.70450912e-01   1.32787857e-01  -9.95008668e-03  -2.15660085e-15   2.86667017e-15   1.31299424e-15
  3.10400000e-05   1.70920459e-01   1.33093110e-01  -1.04345873e-02  -7.52366253e-16   6.75964938e-16  -3.70196808e-15
  3.11200000e-05   1.71249649e-01   1.33277856e-01  -1.00915781e-02   2.30685142e-15  -3.01311831e-15  -6.47515350e-16
  3.12000000e-05   1.71848936e-01   1.33761238e-01  -9.60112119e-03   3.09113311e-16  -1.20340866e-16   3.85620070e-15
  3.12800000e-05   1.72535132e-01   1.34306943e-01  -9.97128496e-03  -2.39356245e-15   3.06615309e-15  -1.17132926e-16
  3.13600000e-05   1.72930703e-01   1.34538610e-01  -1.03179340e-02   1.86643626e-16  -5.36240490e-16  -3.86401353e-15
  3.14400000e-05   1.73298060e-01   1.34772306e-01  -9.80436726e-03   2.36623247e-15  -2.97206071e-15   9.70182243e-16
  3.15200000e-05   1.73961943e-01   1.35319887e-01  -9.50400793e-03  -7.40050427e-16   1.20962431e-15   3.67693463e-15
  3.16000000e-05   1.74583542e-01   1.35791575e-01  -1.00203667e-02  -2.21413926e-15   2.70939846e-15  -1.86009053e-15
  3.16800000e-05   1.75068510e-01   1.36050204e-01  -1.03591767e-02   1.29162795e-15  -1.90894603e-15  -3.24245040e-15
  3.17600000e-05   1.75530076e-01   1.36380429e-01  -9.75458745e-03   1.89149847e-15  -2.24010662e-15   2.71750772e-15
  3.18400000e-05   1.76252750e-01   1.36970161e-01  -9.76109861e-03  -1.82171066e-15   2.52510798e-15   2.53894902e-15
  3.19200000e-05   1.76753002e-01   1.37331295e-01  -1.03141297e-02  -1.40090416e-15   1.54335598e-15  -3.45767821e-15
  3.20000000e-05   1.77074087e-01   1.37503066e-01  -1.01026632e-02   2.23891164e-15  -2.99690965e-15  -1.54721886e-15
  3.20800000e-05   1.77645592e-01   1.37954085e-01  -9.54061900e-03   7.30387601e-16  -6.67529445e-16   3.94751365e-15
  3.21600000e-05   1.78343134e-01   1.38521856e-01  -9.86311264e-03  -2.48898380e-15   3.22878061e-15   3.41019089e-16
  3.22400000e-05   1.78748052e-01   1.38771373e-01  -1.02649445e-02   5.33084822e-17  -3.71124676e-16  -4.08893523e-15
  3.23200000e-05   1.79117605e-01   1.39003663e-01  -9.75265655e-03   2.48460470e-15  -3.13110435e-15   1.00500507e-15
  3.24000000e-05   1.79790758e-01   1.39559860e-01  -9.46177031e-03  -9.04720756e-16   1.42204917e-15   3.78370553e-15
  3.24800000e-05   1.80393886e-01   1.40021730e-01  -1.00151421e-02  -2.19465560e-15   2.66049890e-15  -2.33394515e-15
  3.25600000e-05   1.80714456e-01   1.40189555e-01  -1.00522283e-02   1.69267050e-15  -2.39502677e-15  -2.97125251e-15
  3.26400000e-05   1.81204411e-01   1.40555883e-01  -9.42650922e-03   1.57981523e-15  -1.80588347e-15   3.44156480e-15
  3.27200000e-05   1.81913385e-01   1.41142777e-01  -9.56296349e-03  -2.30833379e-15   3.09042438e-15   1.70180167e-15
  3.28000000e-05   1.82367386e-01   1.41445464e-01  -1.00789916e-02  -7.05361715e-16   6.15186628e-16  -4.12934311e-15
  3.28800000e-05   1.82697747e-01   1.41634847e-01  -9.68268557e-03   2.59933421e-15  -3.35794299e-15  -7.32479775e-17
  3.29600000e-05   1.83331084e-01   1.42153010e-01  -9.26689070e-03  -3.53781742e-16   7.29439274e-16   4.19048843e-15
  3.30400000e-05   1.83962920e-01   1.42649658e-01  -9.77575564e-03  -2.47778672e-15   3.08120848e-15  -1.66611609e-15
  3.31200000e-05   1.84289105e-01   1.42823516e-01  -9.92106945e-03   1.40283959e-15  -2.05392556e-15  -3.50978467e-15
  3.32000000e-05   1.84744246e-01   1.43154328e-01  -9.29248640e-03   1.87812904e-15  -2.21608779e-15   3.19946385e-15
  3.32800000e-05   1.85455421e-01   1.43754047e-01  -9.39674174e-03  -2.25340280e-15   3.04581444e-15   2.12226614e-15
  3.33600000e-05   1.85967667e-01   1.44078020e-01  -9.98444185e-03  -8.79312613e-16   8.44667393e-16  -4.18908840e-15
  3.34400000e-05   1.86309072e-01   1.44268588e-01  -9.60009791e-03   2.67035131e-15  -3.46148437e-15  -1.95080014e-16
  3.35200000e-05   1.86945656e-01   1.44794925e-01  -9.17213210e-03  -3.86469654e-16   7.72132386e-16   4.31219564e-15
  3.36000000e-05   1.87577641e-01   1.45282122e-01  -9.70364163e-03  -2.50954641e-15   3.11440685e-15  -1.88250529e-15
  3.36800000e-05   1.87913301e-01   1.45449419e-01  -9.81732178e-03   1.61657825e-15  -2.31893467e-15  -3.41347134e-15
  3.37600000e-05   1.88396640e-01   1.45811350e-01  -9.17338382e-03   1.70800857e-15  -1.98011170e-15   3.60393887e-15
  3.38400000e-05   1.89100721e-01   1.46394981e-01  -9.32808250e-03  -2.50715049e-15   3.34068861e-15   1.60333921e-15
  3.39200000e-05   1.89541460e-01   1.46668345e-01  -9.83706054e-03  -4.23767196e-16   2.48192526e-16  -4.46469410e-15
  3.40000000e-05   1.89894900e-01   1.46878494e-01  -9.36054253e-03   2.74159397e-15  -3.49665928e-15   7.51095621e-16
  3.40800000e-05   1.90556311e-01   1.47431645e-01  -9.04961988e-03  -1.05915562e-15   1.62020601e-15   4.09308368e-15
  3.41600000e-05   1.91136685e-01   1.47861640e-01  -9.63931059e-03  -2.18687849e-15   2.63137410e-15  -2.99953129e-15
  3.42400000e-05   1.91450008e-01   1.48013058e-01  -9.57043154e-03   2.27771461e-15  -3.10425005e-15  -2.44514173e-15
  3.43200000e-05   1.91990706e-01   1.48441227e-01  -8.96458708e-03   9.01921473e-16  -9.00687073e-16   4.40192571e-15
  3.44000000e-05   1.92667787e-01   1.48990295e-01  -9.32333124e-03  -2.81875145e-15   3.64086286e-15  -6.75050835e-17
  3.44800000e-05   1.93035889e-01   1.49190380e-01  -9.66738148e-03   7.32448442e-16  -1.23223315e-15  -4.39089907e-15
  3.45600000e-05   1.93444942e-01   1.49471031e-01  -9.05240927e-03   2.39387684e-15  -2.93618322e-15   2.67431923e-15
  3.46400000e-05   1.94137395e-01   1.50050402e-01  -9.08939833e-03  -2.18845124e-15   3.00175331e-15   2.81141461e-15
  3.47200000e-05   1.94602884e-01   1.50355876e-01  -9.69136108e-03  -1.07873529e-15   1.11164302e-15  -4.41454370e-15
  3.48000000e-05   1.94940864e-01   1.50541357e-01  -9.30837734e-03   2.86465267e-15  -3.71482953e-15  -8.56874481e-17
  3.48800000e-05   1.95586899e-01   1.51071325e-01  -8.90670862e-03  -7.28621486e-16   1.20849108e-15   4.49768079e-15
  3.49600000e-05   1.96163908e-01   1.51502770e-01  -9.50520132e-03  -2.42440404e-15   2.96421210e-15  -2.78734008e-15
  3.50400000e-05   1.96508990e-01   1.51700802e-01  -9.47072199e-03   2.29707946e-15  -3.14517900e-15  -2.71673220e-15
  3.51200000e-05   1.97054142e-01   1.52129260e-01  -8.84642336e-03   9.20284454e-16  -9.25210087e-16   4.58878537e-15
  3.52000000e-05   1.97721927e-01   1.52672176e-01  -9.23494664e-03  -2.93235917e-15   3.77816362e-15  -3.21739442e-16
  3.52800000e-05   1.98068705e-01   1.52855253e-01  -9.55809728e-03   1.04682220e-15  -1.63151854e-15  -4.39872700e-15
  3.53600000e-05   1.98506211e-01   1.53164231e-01  -8.90983331e-03   2.22468720e-15  -2.68935457e-15   3.33354200e-15
  3.54400000e-05   1.99200614e-01   1.53745836e-01  -8.99108032e-03  -2.60422384e-15   3.49804333e-15   2.11838933e-15
  3.55200000e-05   1.99623201e-01   1.54010298e-01  -9.54208489e-03  -4.17560393e-16   2.41212026e-16  -4.84229669e-15
  3.56000000e-05   1.99975996e-01   1.54221732e-01  -9.03238883e-03   2.90825074e-15  -3.69413469e-15   1.31354939e-15
  3.56800000e-05   2.00647968e-01   1.54786675e-01  -8.80490526e-03  -1.68295788e-15   2.40502821e-15   3.92783792e-15
  3.57600000e-05   2.01157315e-01   1.55148431e-01  -9.43856025e-03  -1.70711987e-15   1.95883857e-15  -4.18378621e-15
  3.58400000e-05   2.01462231e-01   1.55301567e-01  -9.16311855e-03   2.94308901e-15  -3.86879254e-15  -8.63054034e-16
  3.59200000e-05   2.02077761e-01   1.55809855e-01  -8.69386832e-03  -4.88543018e-16   9.04330527e-16   4.85168706e-15
  3.60000000e-05   2.02632088e-01   1.56223189e-01  -9.20925491e-03  -2.59726188e-15   3.20426422e-15  -2.79156368e-15
  3.60800000e-05   2.02928516e-01   1.56359616e-01  -9.17639962e-03   2.46573710e-15  -3.36125240e-15  -2.74571324e-15
  3.61600000e-05   2.03485851e-01   1.56806855e-01  -8.55351478e-03   6.99995269e-16  -6.39787496e-16   4.92383184e-15
  3.62400000e-05   2.04104185e-01   1.57307418e-01  -9.00544451e-03  -3.03348828e-15   3.87434251e-15  -1.07544265e-15
  3.63200000e-05   2.04410607e-01   1.57452799e-01  -9.21268889e-03   1.67835217e-15  -2.41887996e-15  -4.10156388e-15
  3.64000000e-05   2.04898418e-01   1.57822100e-01  -8.53561276e-03   1.70331365e-15  -1.97626382e-15   4.34745211e-15
  3.64800000e-05   2.05551307e-01   1.58366918e-01  -8.80721967e-03  -3.06734330e-15   4.01615483e-15   6.27852905e-16
  3.65600000e-05   2.05886664e-01   1.58544031e-01  -9.20331251e-03   7.73457390e-16  -1.28773483e-15  -4.88064571e-15
  3.66400000e-05   2.06311507e-01   1.58841693e-01  -8.54799304e-03   2.43867558e-15  -2.98567027e-15   3.37832664e-15
  3.67200000e-05   2.06977924e-01   1.59406600e-01  -8.63054468e-03  -2.81069405e-15   3.76351696e-15   2.10621935e-15
  3.68000000e-05   2.07351294e-01   1.59626957e-01  -9.15591389e-03  -1.04492935e-16  -1.60285551e-16  -5.16088734e-15
  3.68800000e-05   2.07724898e-01   1.59865703e-01  -8.57180287e-03   2.90429933e-15  -3.65307396e-15   2.25087369e-15
  3.69600000e-05   2.08388733e-01   1.60431798e-01  -8.48164887e-03  -2.38637799e-15   3.27243120e-15   3.26678652e-15
  3.70400000e-05   2.08985263e-01   1.60785900e-01  -9.18897197e-03  -8.70292386e-16   8.40545765e-16  -5.08548471e-15
  3.71200000e-05   2.09323146e-01   1.60976842e-01  -8.70509018e-03   3.14773026e-15  -4.03081120e-15   1.15168753e-15
  3.72000000e-05   2.09989247e-01   1.61536985e-01  -8.47093259e-03  -1.91026670e-15   2.69812178e-15   4.09765857e-15
  3.72800000e-05   2.10466527e-01   1.61860945e-01  -9.13900229e-03  -1.47287538e-15   1.64397129e-15  -4.80317439e-15
  3.73600000e-05   2.10779586e-01   1.62022592e-01  -8.75574551e-03   3.23261194e-15  -4.19478853e-15   1.96225265e-16
  3.74400000e-05   2.11425569e-01   1.62563855e-01  -8.41140787e-03  -1.45933790e-15   2.13857654e-15   4.65010149e-15
  3.75200000e-05   2.11912484e-01   1.62878326e-01  -9.07572038e-03  -1.92291417e-15   2.25403431e-15  -4.44660934e-15
  3.76000000e-05   2.12220771e-01   1.63021095e-01  -8.78351754e-03   3.22925172e-15  -4.23462345e-15  -5.71372821e-16
  3.76800000e-05   2.12847375e-01   1.63547685e-01  -8.36435660e-03  -1.08118341e-15   1.66280647e-15   4.99991786e-15
  3.77600000e-05   2.13350492e-01   1.63908884e-01  -9.02526051e-03  -2.23964868e-15   2.68869997e-15  -4.11382418e-15
  3.78400000e-05   2.13647222e-01   1.64038261e-01  -8.80240111e-03   3.19415451e-15  -4.22088461e-15  -1.13200191e-15
  3.79200000e-05   2.14259000e-01   1.64549657e-01  -8.33250153e-03  -8.06147430e-16   1.31365076e-15   5.21289325e-15
  3.80000000e-05   2.14773900e-01   1.64926970e-01  -8.98286284e-03  -2.44306807e-15   2.97052064e-15  -3.87273944e-15
  3.80800000e-05   2.15063039e-01   1.65048120e-01  -8.80576808e-03   3.16714272e-15  -4.20600312e-15  -1.48284280e-15
  3.81600000e-05   2.15664105e-01   1.65548864e-01  -8.30769197e-03  -6.50149284e-16   1.11489920e-15   5.33920039e-15
  3.82400000e-05   2.16183356e-01   1.65933327e-01  -8.95121496e-03  -2.55056105e-15   3.11982933e-15  -3.76543169e-15
  3.83200000e-05   2.16467400e-01   1.66049676e-01  -8.79440331e-03   3.17319485e-15  -4.22281234e-15  -1.62641891e-15
  3.84000000e-05   2.17062800e-01   1.66545489e-01  -8.28756508e-03  -6.21243151e-16   1.07881734e-15   5.40851055e-15
  3.84800000e-05   2.17579215e-01   1.66928370e-01  -8.93139715e-03  -2.57065242e-15   3.14665158e-15  -3.81296607e-15
  3.85600000e-05   2.17860008e-01   1.67042569e-01  -8.76880254e-03   3.22224370e-15  -4.28449688e-15  -1.56182442e-15
  3.86400000e-05   2.18455028e-01   1.67539489e-01  -8.27154955e-03  -7.23245734e-16   1.21095369e-15   5.42653995e-15
  3.87200000e-05   2.18961475e-01   1.67912114e-01  -8.92316612e-03  -2.50063792e-15   3.04736698e-15  -4.01802841e-15
  3.88000000e-05   2.19241054e-01   1.68027033e-01  -8.72896891e-03   3.30928016e-15  -4.38451261e-15  -1.28154577e-15
