       time             b_x              b_y              b_z              F_x              F_y              F_z
  0.00000000e+00  -8.27263603e-01  -4.92645020e-01  -4.55759106e+00   2.26541499e-14  -2.09452453e-14  -1.84799003e-15
  8.00000000e-08  -8.18331010e-01  -4.87228450e-01  -4.51228448e+00  -3.16069963e-14  -6.86408896e-15   6.47329856e-15
  1.60000000e-07  -8.07995971e-01  -4.80976813e-01  -4.46742253e+00   2.32757860e-14   2.53333157e-14  -6.93721682e-15
  2.40000000e-07  -7.98913957e-01  -4.75462447e-01  -4.42226018e+00  -1.73912112e-14  -3.23019550e-14   6.61481839e-15
  3.20000000e-07  -7.88689351e-01  -4.69280952e-01  -4.37722270e+00   2.20958329e-14   3.19214557e-14  -7.40352536e-15
  4.00000000e-07  -7.74574448e-01  -4.61276635e-01  -4.33721406e+00  -3.59591300e-14  -1.94224954e-14   8.48751434e-15
  4.80000000e-07  -7.66903314e-01  -4.56636603e-01  -4.29965957e+00   4.21320679e-14  -1.19392052e-14  -6.24685372e-15
  5.60000000e-07  -7.60738749e-01  -4.52903053e-01  -4.26149275e+00  -1.16895993e-14   4.52533604e-14  -2.72267363e-15
  6.40000000e-07  -7.54384800e-01  -4.49042247e-01  -4.22358556e+00  -4.33798682e-14  -2.15897095e-14   1.00435529e-14
  7.20000000e-07  -7.46848339e-01  -4.44478649e-01  -4.18593238e+00   1.96375851e-14  -4.83695744e-14   1.63235920e-15
  8.00000000e-07  -7.39592461e-01  -4.40091538e-01  -4.14798509e+00   5.41991639e-14  -2.50845494e-16  -9.63718462e-15
  8.80000000e-07  -7.32997825e-01  -4.36099605e-01  -4.10976837e+00   3.50692860e-14   4.48038600e-14  -1.10090526e-14
  9.60000000e-07  -7.26572572e-01  -4.32205450e-01  -4.07148657e+00   3.90415959e-15   6.03740540e-14  -7.10567258e-15
  1.04000000e-06  -7.19987329e-01  -4.28213870e-01  -4.03320469e+00  -1.45306095e-14   6.21425815e-14  -4.00387825e-15
  1.12000000e-06  -6.99519036e-01  -4.16246376e-01  -4.00411222e+00  -1.55432637e-14   6.55698022e-14  -4.10088000e-15
  1.20000000e-06  -6.94257267e-01  -4.13046027e-01  -3.97177564e+00  -2.52685429e-16   7.04939228e-14  -7.28686833e-15
  1.28000000e-06  -6.88763342e-01  -4.09705599e-01  -3.93944381e+00   3.38808503e-14   6.49152645e-14  -1.26748946e-14
  1.36000000e-06  -6.83214591e-01  -4.06328251e-01  -3.90710189e+00   7.19836843e-14   2.53813273e-14  -1.52270034e-14
  1.44000000e-06  -6.78217410e-01  -4.03275980e-01  -3.87457059e+00   6.43319008e-14  -4.95365566e-14  -6.10496341e-15
  1.52000000e-06  -6.74222812e-01  -4.00827706e-01  -3.84155169e+00  -2.60581120e-14  -7.99803348e-14   1.29185578e-14
  1.60000000e-06  -6.69788691e-01  -3.98132793e-01  -3.80825820e+00  -8.48257726e-14   2.31806991e-14   1.24955673e-14
  1.68000000e-06  -6.63033541e-01  -3.94045552e-01  -3.77556717e+00   3.85061926e-14   8.28241167e-14  -1.54062607e-14
  1.76000000e-06  -6.57642940e-01  -3.90746084e-01  -3.74277940e+00   6.04214640e-14  -7.51502264e-14  -2.77096014e-15
  1.84000000e-06  -6.37714757e-01  -3.79417332e-01  -3.72220882e+00  -9.89940820e-14   1.22970860e-15   1.68350077e-14
  1.92000000e-06  -6.31776016e-01  -3.75815358e-01  -3.69379070e+00   7.87807371e-14   6.58048946e-14  -2.01695971e-14
  2.00000000e-06  -6.29447731e-01  -3.74099316e-01  -3.66412221e+00  -4.16144197e-14  -9.91087647e-14   1.72676072e-14
  2.08000000e-06  -6.24725238e-01  -3.71266186e-01  -3.63459452e+00   1.73710436e-14   1.10896724e-13  -1.43136553e-14
  2.16000000e-06  -6.21278808e-01  -3.69151967e-01  -3.60539713e+00  -1.64538891e-14  -1.15440251e-13   1.46550980e-14
  2.24000000e-06  -6.16486382e-01  -3.66278960e-01  -3.57541667e+00   4.21260899e-14   1.12845940e-13  -1.88238912e-14
  2.32000000e-06  -6.14237254e-01  -3.64879795e-01  -3.54540603e+00  -8.97770343e-14  -8.55215580e-14   2.43553169e-14
  2.40000000e-06  -6.07396941e-01  -3.60772649e-01  -3.51570699e+00   1.28448163e-13   8.85233582e-15  -2.30999632e-14
  2.48000000e-06  -5.86439099e-01  -3.48345370e-01  -3.49777940e+00  -9.10959279e-14   1.00631231e-13   5.25127180e-15
  2.56000000e-06  -5.82785667e-01  -3.46179802e-01  -3.47204806e+00  -4.37150944e-14  -1.32157539e-13   2.05143477e-14
  2.64000000e-06  -5.77353615e-01  -3.42974795e-01  -3.44576692e+00   1.43530405e-13  -5.52133816e-15  -2.34995924e-14
  2.72000000e-06  -5.75839061e-01  -3.42106354e-01  -3.41823106e+00  -1.04319685e-14   1.49500831e-13  -1.32050901e-14
  2.80000000e-06  -5.74321086e-01  -3.41218937e-01  -3.39098193e+00  -1.53043581e-13   9.63527818e-15   2.49510078e-14
  2.88000000e-06  -5.69940446e-01  -3.38624619e-01  -3.36409673e+00  -5.75779201e-14  -1.47600510e-13   2.46120010e-14
  2.96000000e-06  -5.64666710e-01  -3.35508685e-01  -3.33668774e+00   9.95724326e-14  -1.31818062e-13  -3.59612114e-15
  3.04000000e-06  -5.60385615e-01  -3.32990629e-01  -3.30843647e+00   1.66944691e-13  -1.96359967e-14  -2.63008829e-14
  3.12000000e-06  -5.36846883e-01  -3.18908965e-01  -3.29081078e+00   1.50665777e-13   8.25112286e-14  -3.25749581e-14
  3.20000000e-06  -5.34587597e-01  -3.17552290e-01  -3.26482128e+00   1.04207205e-13   1.43454829e-13  -3.10161814e-14
  3.28000000e-06  -5.32188460e-01  -3.16109285e-01  -3.23853795e+00   6.98482739e-14   1.69159253e-13  -2.79895611e-14
  3.36000000e-06  -5.29418463e-01  -3.14443482e-01  -3.21194911e+00   6.62687824e-14   1.76099425e-13  -2.81627231e-14
  3.44000000e-06  -5.26199561e-01  -3.12508379e-01  -3.18503588e+00   9.83553394e-14   1.65590366e-13  -3.24966239e-14
  3.52000000e-06  -5.22620664e-01  -3.10355204e-01  -3.15778375e+00   1.57289390e-13   1.18202593e-13  -3.76490237e-14
  3.60000000e-06  -5.19172326e-01  -3.08273810e-01  -3.13010754e+00   2.02220092e-13   7.34178515e-15  -3.42641120e-14
  3.68000000e-06  -4.96496463e-01  -2.94722827e-01  -3.11550849e+00   1.53055522e-13  -1.44911917e-13  -1.06829032e-14
  3.76000000e-06  -4.96006967e-01  -2.94461539e-01  -3.09003586e+00  -2.72294253e-14  -2.13329639e-13   2.46998293e-14
  3.84000000e-06  -4.88852578e-01  -2.89764823e-01  -3.06583899e+00  -2.09878413e-13  -6.24173072e-14   3.93647363e-14
  3.92000000e-06  -4.82015827e-01  -2.85722524e-01  -3.04072505e+00  -1.14159907e-13   1.96871876e-13  -4.02485367e-16
  4.00000000e-06  -4.72806938e-01  -2.80228833e-01  -3.01650504e+00   1.94115868e-13   1.21330127e-13  -4.16971056e-14
  4.08000000e-06  -4.68096101e-01  -2.77358012e-01  -2.99064666e+00   8.99860089e-14  -2.19825558e-13   6.30240943e-15
  4.16000000e-06  -4.63560993e-01  -2.74679087e-01  -2.96421137e+00  -2.39463659e-13  -5.40603489e-17   3.74537599e-14
  4.24000000e-06  -4.54567700e-01  -2.69336117e-01  -2.94107206e+00   1.28846999e-13   2.07648292e-13  -3.89303174e-14
  4.32000000e-06  -4.50164461e-01  -2.66613292e-01  -2.91714406e+00   6.28970694e-14  -2.44121937e-13   1.26055235e-14
  4.40000000e-06  -4.47313187e-01  -2.64944285e-01  -2.89035181e+00  -1.94055497e-13   1.67921084e-13   1.46396890e-14
  4.48000000e-06  -4.37087474e-01  -2.58796895e-01  -2.86662384e+00   2.48101524e-13  -7.73595324e-14  -3.08452265e-14
  4.56000000e-06  -4.36931740e-01  -2.58676726e-01  -2.83816281e+00  -2.62104642e-13   2.48032085e-14   3.80900715e-14
  4.64000000e-06  -4.22292080e-01  -2.50076542e-01  -2.81688627e+00   2.66956242e-13  -2.28178148e-14  -3.79948980e-14
  4.72000000e-06  -4.22657129e-01  -2.50214696e-01  -2.78989841e+00  -2.63016640e-13   7.27347408e-14   3.33225599e-14
  4.80000000e-06  -4.12620165e-01  -2.44119371e-01  -2.76611403e+00   2.21607467e-13  -1.68811572e-13  -1.81588808e-14
  4.88000000e-06  -4.10489636e-01  -2.42820220e-01  -2.73778794e+00  -9.39633662e-14   2.66785164e-13  -9.57336544e-15
  4.96000000e-06  -4.05637277e-01  -2.39758215e-01  -2.71148640e+00  -1.25392645e-13  -2.54643203e-13   4.12750479e-14
  5.04000000e-06  -3.90983788e-01  -2.31765744e-01  -2.69039842e+00   2.85459454e-13   3.20099277e-14  -4.42420804e-14
  5.12000000e-06  -3.90229973e-01  -2.31409278e-01  -2.66333817e+00  -1.41472044e-13   2.57956929e-13  -1.68472593e-15
  5.20000000e-06  -3.86215729e-01  -2.29047846e-01  -2.63786795e+00  -2.27153279e-13  -1.86052351e-13   4.94130344e-14
  5.28000000e-06  -3.76745264e-01  -2.23463426e-01  -2.61250680e+00   1.84041808e-13  -2.37915702e-13  -6.19000171e-15
  5.36000000e-06  -3.65495893e-01  -2.16404805e-01  -2.58981089e+00   2.71258738e-13   1.27941174e-13  -4.89730891e-14
  5.44000000e-06  -3.63469456e-01  -2.15169090e-01  -2.56290805e+00  -1.04936083e-14   3.05683117e-13  -2.41754487e-14
  5.52000000e-06  -3.61166393e-01  -2.13723628e-01  -2.53599717e+00  -2.55763435e-13   1.72799935e-13   2.18619046e-14
  5.60000000e-06  -3.56851288e-01  -2.11062023e-01  -2.50909887e+00  -3.04841231e-13  -4.60166960e-14   4.72262628e-14
  5.68000000e-06  -3.44227865e-01  -2.04030714e-01  -2.48814982e+00  -2.35391010e-13  -2.02453754e-13   4.91670268e-14
  5.76000000e-06  -3.38945311e-01  -2.00850668e-01  -2.46299021e+00  -1.50177145e-13  -2.75468621e-13   4.31304579e-14
  5.84000000e-06  -3.33895122e-01  -1.97814739e-01  -2.43699224e+00  -1.06270872e-13  -2.97948355e-13   3.87452615e-14
  5.92000000e-06  -3.23072916e-01  -1.91252048e-01  -2.41536241e+00  -1.18584030e-13  -2.96160230e-13   3.93119221e-14
  6.00000000e-06  -3.19372327e-01  -1.89135821e-01  -2.39003872e+00  -1.82096350e-13  -2.63286785e-13   4.51680956e-14
  6.08000000e-06  -3.15844654e-01  -1.87133543e-01  -2.36388805e+00  -2.75292732e-13  -1.64968639e-13   4.98419981e-14
  6.16000000e-06  -3.03612712e-01  -1.79545883e-01  -2.34234612e+00  -3.23453080e-13   2.76354019e-14   3.98073723e-14
  6.24000000e-06  -2.96413497e-01  -1.75414883e-01  -2.31969925e+00  -2.11484205e-13   2.52249048e-13   7.94867497e-15
  6.32000000e-06  -2.87451910e-01  -1.70216320e-01  -2.29752677e+00   8.49230100e-14   3.17959096e-13  -3.41815858e-14
  6.40000000e-06  -2.78290689e-01  -1.64105985e-01  -2.27183537e+00   3.25455216e-13   4.67074807e-14  -4.32408680e-14
  6.48000000e-06  -2.74162542e-01  -1.61756915e-01  -2.25095793e+00   1.16842539e-13  -3.11794094e-13   8.17474340e-15
  6.56000000e-06  -2.71553147e-01  -1.60263151e-01  -2.22728848e+00  -3.05876394e-13  -1.25303833e-13   4.63089023e-14
  6.64000000e-06  -2.62268181e-01  -1.54866008e-01  -2.20648680e+00  -8.52257117e-14   3.23343809e-13  -1.25643048e-14
  6.72000000e-06  -2.53095833e-01  -1.49012643e-01  -2.18292419e+00   3.32317906e-13  -2.13196943e-14  -3.70747521e-14
  6.80000000e-06  -2.51332371e-01  -1.47762483e-01  -2.15803871e+00  -1.76539759e-13  -2.82422463e-13   3.98980796e-14
  6.88000000e-06  -2.43293009e-01  -1.43280999e-01  -2.13936186e+00  -1.14635311e-13   3.16007301e-13  -8.12759747e-15
  6.96000000e-06  -2.34674848e-01  -1.38009887e-01  -2.12153098e+00   2.99155639e-13  -1.53794124e-13  -2.30867212e-14
  7.04000000e-06  -2.32146410e-01  -1.36229348e-01  -2.09727641e+00  -3.32807978e-13  -3.76389476e-14   3.92831895e-14
  7.12000000e-06  -2.21868233e-01  -1.30446434e-01  -2.07653580e+00   2.89730311e-13   1.67918698e-13  -4.15048696e-14
  7.20000000e-06  -2.20343893e-01  -1.29649772e-01  -2.05316232e+00  -2.42852901e-13  -2.30477289e-13   4.06166045e-14
  7.28000000e-06  -2.09547651e-01  -1.23223521e-01  -2.04110756e+00   2.16484137e-13   2.57506279e-13  -3.77709505e-14
  7.36000000e-06  -2.07802509e-01  -1.21816736e-01  -2.02392172e+00  -2.23686301e-13  -2.52134869e-13   3.81421972e-14
  7.44000000e-06  -1.96892138e-01  -1.15791180e-01  -2.00012822e+00   2.68063475e-13   2.03273032e-13  -3.81559613e-14
  7.52000000e-06  -1.96113727e-01  -1.15506233e-01  -1.97800497e+00  -3.23123247e-13  -9.22982283e-14   3.74265617e-14
  7.60000000e-06  -1.83822769e-01  -1.08412657e-01  -1.97003331e+00   3.30305296e-13  -7.33455145e-14  -2.67843452e-14
  7.68000000e-06  -1.82672840e-01  -1.07732955e-01  -1.95326407e+00  -2.35071801e-13   2.45246106e-13   8.45771243e-15
  7.76000000e-06  -1.73955966e-01  -1.02366640e-01  -1.93125278e+00   1.16483216e-14  -3.38298863e-13   1.68824211e-14
  7.84000000e-06  -1.67666116e-01  -9.88920069e-02  -1.91177098e+00   2.58757779e-13   2.15525399e-13  -3.38422602e-14
  7.92000000e-06  -1.63329678e-01  -9.63012072e-02  -1.90144047e+00  -3.19961053e-13   1.12687635e-13   2.17767432e-14
  8.00000000e-06  -1.55677973e-01  -9.14933487e-02  -1.88856544e+00   4.31898328e-14  -3.37955148e-13   1.28123401e-14
  8.08000000e-06  -1.49251047e-01  -8.75173408e-02  -1.86998201e+00   3.03447039e-13   1.52656457e-13  -3.13638715e-14
  8.16000000e-06  -1.45562863e-01  -8.56564875e-02  -1.85632968e+00  -2.12781874e-13   2.67220828e-13   4.35479825e-15
  8.24000000e-06  -1.39995307e-01  -8.26295563e-02  -1.84611190e+00  -2.43843537e-13  -2.39051231e-13   2.91908892e-14
  8.32000000e-06  -1.32352282e-01  -7.79989147e-02  -1.83397790e+00   2.41939228e-13  -2.43300098e-13  -7.11244411e-15
  8.40000000e-06  -1.26443010e-01  -7.40872427e-02  -1.81822030e+00   2.65689205e-13   2.15386513e-13  -2.72529878e-14
  8.48000000e-06  -1.22863372e-01  -7.20827199e-02  -1.80508762e+00  -1.55804318e-13   3.06147292e-13  -1.62057818e-15
  8.56000000e-06  -1.18233480e-01  -6.93560039e-02  -1.79757211e+00  -3.38490361e-13  -6.21538568e-14   2.46619517e-14
  8.64000000e-06  -1.12052967e-01  -6.55724988e-02  -1.78733394e+00  -6.33204043e-14  -3.39697820e-13   1.64323372e-14
  8.72000000e-06  -1.04934395e-01  -6.14120973e-02  -1.77364389e+00   2.72743775e-13  -2.12723402e-13  -8.77087721e-15
  8.80000000e-06  -9.88689895e-02  -5.80616506e-02  -1.76668673e+00   3.25945482e-13   1.18243539e-13  -2.21269083e-14
  8.88000000e-06  -9.46640237e-02  -5.58477463e-02  -1.75629433e+00   8.99080647e-14   3.36205143e-13  -1.55368939e-14
  8.96000000e-06  -9.01923375e-02  -5.32600469e-02  -1.74343788e+00  -2.01165957e-13   2.84723668e-13   1.70882598e-15
  9.04000000e-06  -8.62632394e-02  -5.06333020e-02  -1.73529790e+00  -3.44697966e-13   5.82348848e-14   1.54360463e-14
  9.12000000e-06  -8.00880363e-02  -4.74571170e-02  -1.73234186e+00  -2.95729227e-13  -1.90555977e-13   1.88921200e-14
  9.20000000e-06  -7.47358971e-02  -4.45209178e-02  -1.72494406e+00  -1.06199666e-13  -3.37204947e-13   1.33045480e-14
  9.28000000e-06  -6.87331829e-02  -4.04843540e-02  -1.71419299e+00   1.05942816e-13  -3.38348072e-13   3.74287853e-15
  9.36000000e-06  -6.28645835e-02  -3.73765299e-02  -1.71257038e+00   2.69890114e-13  -2.33719150e-13  -4.80617842e-15
  9.44000000e-06  -5.80765446e-02  -3.46447729e-02  -1.70611085e+00   3.53120118e-13  -6.28071614e-14  -1.07449387e-14
  9.52000000e-06  -5.28956364e-02  -3.14928193e-02  -1.69549142e+00   3.43676056e-13   1.05714136e-13  -1.26855257e-14
  9.60000000e-06  -4.87677355e-02  -2.90103912e-02  -1.69038016e+00   2.74166118e-13   2.35918719e-13  -1.19585851e-14
  9.68000000e-06  -4.38902462e-02  -2.56249473e-02  -1.69020504e+00   1.61119129e-13   3.27529190e-13  -9.14946776e-15
  9.76000000e-06  -3.90351323e-02  -2.29953003e-02  -1.68006495e+00   3.06262422e-14   3.64897237e-13  -5.70598236e-15
  9.84000000e-06  -3.47938205e-02  -2.03894068e-02  -1.67617700e+00  -7.94016991e-14   3.60042327e-13  -2.73143051e-15
  9.92000000e-06  -2.98856660e-02  -1.73752106e-02  -1.67976331e+00  -1.83319974e-13   3.24877917e-13  -9.89322199e-17
  1.00000000e-05  -2.57426811e-02  -1.51074165e-02  -1.67718707e+00  -2.74211957e-13   2.57201530e-13   1.89203719e-15
  1.00800000e-05  -2.02485001e-02  -1.14297979e-02  -1.66737663e+00  -3.27874768e-13   1.86536953e-13   2.70298413e-15
  1.01600000e-05  -1.40122041e-02  -9.09738767e-03  -1.67479369e+00  -3.66334751e-13   1.10487699e-13   2.46478589e-15
  1.02400000e-05  -9.48601409e-03  -6.82899374e-03  -1.67436685e+00  -3.86271471e-13   1.13810302e-14   2.14197721e-15
  1.03200000e-05  -5.38572542e-03  -3.03686462e-03  -1.66365715e+00  -3.81116631e-13  -7.24906729e-14   1.36610713e-15
  1.04000000e-05  -1.19030122e-03  -5.27964475e-04  -1.66281731e+00  -3.63988696e-13  -1.44488189e-13   3.06432232e-16
  1.04800000e-05   4.05676700e-03   2.42351177e-03  -1.67548832e+00  -3.21885688e-13  -2.35124459e-13  -1.11945998e-15
  1.05600000e-05   9.38971054e-03   5.27907604e-03  -1.66493825e+00  -2.60814417e-13  -3.03403999e-13  -2.43292186e-15
  1.06400000e-05   1.38995735e-02   7.56450376e-03  -1.66582617e+00  -1.96869752e-13  -3.53428555e-13  -3.24758809e-15
  1.07200000e-05   1.87921795e-02   1.07148517e-02  -1.67077548e+00  -1.00857285e-13  -3.97303611e-13  -3.68234843e-15
  1.08000000e-05   2.39809353e-02   1.39254594e-02  -1.67340969e+00   1.20708780e-14  -4.14775983e-13  -3.27862041e-15
  1.08800000e-05   2.82945351e-02   1.60791300e-02  -1.67374156e+00   1.14837789e-13  -4.03590767e-13  -1.93584639e-15
  1.09600000e-05   3.35387455e-02   1.95238011e-02  -1.68474909e+00   2.31964131e-13  -3.58482775e-13   4.63475266e-16
  1.10400000e-05   3.78553288e-02   2.21715005e-02  -1.68820228e+00   3.46666942e-13  -2.59048204e-13   4.37133856e-15
  1.11200000e-05   4.27324062e-02   2.51055221e-02  -1.68587712e+00   4.17610616e-13  -1.29510963e-13   8.65666067e-15
  1.12000000e-05   4.76321323e-02   2.77519895e-02  -1.69566310e+00   4.43434091e-13   3.58936486e-14   1.30437653e-14
  1.12800000e-05   5.20625435e-02   3.04227940e-02  -1.69983234e+00   3.88632792e-13   2.29361275e-13   1.60080625e-14
  1.13600000e-05   5.75422005e-02   3.41861702e-02  -1.70031309e+00   2.45358391e-13   3.85354385e-13   1.60513099e-14
  1.14400000e-05   6.26142587e-02   3.70863063e-02  -1.70605645e+00   3.04645754e-14   4.63289748e-13   1.11890918e-14
  1.15200000e-05   6.83895351e-02   4.10833709e-02  -1.71672089e+00  -2.34345034e-13   4.11422679e-13   5.10206742e-16
  1.16000000e-05   7.45534635e-02   4.43514630e-02  -1.71882398e+00  -4.38168665e-13   1.96354604e-13  -1.39388197e-14
  1.16800000e-05   7.94060515e-02   4.69689456e-02  -1.72730748e+00  -4.74357044e-13  -1.16397034e-13  -2.49717357e-14
  1.17600000e-05   8.45366427e-02   5.00959852e-02  -1.74049936e+00  -2.77675505e-13  -4.14200576e-13  -2.54085362e-14
  1.18400000e-05   8.77690071e-02   5.22355257e-02  -1.74898271e+00   1.15456041e-13  -4.95269635e-13  -8.99792064e-15
  1.19200000e-05   9.25456688e-02   5.44818056e-02  -1.75378568e+00   4.58761221e-13  -2.38317967e-13   1.68050014e-14
  1.20000000e-05   9.74367566e-02   5.71711994e-02  -1.76238238e+00   4.73452851e-13   2.29112871e-13   3.36081252e-14
  1.20800000e-05   1.04116676e-01   6.11923297e-02  -1.77347924e+00   5.07778811e-14   5.35296952e-13   2.14509936e-14
  1.21600000e-05   1.10636501e-01   6.50554584e-02  -1.78287233e+00  -4.63402898e-13   2.93901981e-13  -1.80323327e-14
  1.22400000e-05   1.16518406e-01   6.83511717e-02  -1.79025976e+00  -4.63629397e-13  -3.10331036e-13  -4.20234258e-14
  1.23200000e-05   1.18624060e-01   6.96507850e-02  -1.80206494e+00   1.44412407e-13  -5.52888154e-13  -1.18632284e-14
  1.24000000e-05   1.22268393e-01   7.17542526e-02  -1.81532799e+00   5.82998251e-13   1.40550073e-14   3.98224267e-14
  1.24800000e-05   1.29270094e-01   7.58565570e-02  -1.82369608e+00   6.97459010e-14   5.91415517e-13   2.95437406e-14
  1.25600000e-05   1.37173688e-01   8.04271248e-02  -1.83140280e+00  -5.94779159e-13   1.21294847e-13  -3.92227505e-14
  1.26400000e-05   1.39455245e-01   8.17494009e-02  -1.84423790e+00  -1.20446090e-13  -6.09045713e-13  -3.61048655e-14
  1.27200000e-05   1.40432867e-01   8.28397640e-02  -1.85751010e+00   6.31177609e-13  -6.56489923e-14   4.47909996e-14
  1.28000000e-05   1.48216514e-01   8.74802312e-02  -1.86555235e+00  -6.15756118e-14   6.46014429e-13   2.54010395e-14
  1.28800000e-05   1.55177916e-01   9.15999736e-02  -1.87673284e+00  -6.15499151e-13  -2.42434755e-13  -6.27254399e-14
  1.29600000e-05   1.53320102e-01   8.98489305e-02  -1.88480289e+00   4.45382370e-13  -5.11103403e-13   1.18654192e-14
  1.30400000e-05   1.56747069e-01   9.20803756e-02  -1.89095358e+00   2.98775215e-13   6.20759346e-13   5.49944189e-14
  1.31200000e-05   1.66537548e-01   9.83486070e-02  -1.90055194e+00  -7.03520543e-13  -9.44569035e-15  -6.21354010e-14
  1.32000000e-05   1.63289699e-01   9.63304099e-02  -1.91586493e+00   3.84618053e-13  -6.12341405e-13   1.99234675e-15
  1.32800000e-05   1.65943168e-01   9.79593870e-02  -1.92012199e+00   2.72971681e-13   6.81146613e-13   5.83413401e-14
  1.33600000e-05   1.74893734e-01   1.02866204e-01  -1.92326398e+00  -7.13497433e-13  -2.15772940e-13  -7.64231927e-14
  1.34400000e-05   1.67135103e-01   9.84253036e-02  -1.93608023e+00   6.52954877e-13  -3.97987538e-13   3.61346784e-14
  1.35200000e-05   1.72683710e-01   1.01775561e-01  -1.93541527e+00  -1.70655334e-13   7.57625498e-13   2.46140272e-14
  1.36000000e-05   1.74843171e-01   1.02864869e-01  -1.94136228e+00  -4.22351973e-13  -6.64630251e-13  -7.32539532e-14
  1.36800000e-05   1.68142638e-01   9.90197555e-02  -1.94104034e+00   7.76680659e-13   1.82973255e-13   7.66141221e-14
  1.37600000e-05   1.78328484e-01   1.04837319e-01  -1.93075678e+00  -6.89226063e-13   4.21158335e-13  -4.07899788e-14
  1.38400000e-05   1.70520517e-01   1.00344417e-01  -1.93865152e+00   1.86231133e-13  -8.00491834e-13  -2.50528045e-14
  1.39200000e-05   1.67549093e-01   9.88086783e-02  -1.92980233e+00   4.62668870e-13   6.83432294e-13   7.51625121e-14
  1.40000000e-05   1.74350242e-01   1.02619241e-01  -1.91916963e+00  -8.26773822e-13  -7.96136816e-14  -7.93666746e-14
  1.40800000e-05   1.63224099e-01   9.62587296e-02  -1.91853590e+00   5.67477650e-13  -6.23384236e-13   1.70024722e-14
  1.41600000e-05   1.60448698e-01   9.42782652e-02  -1.89874317e+00   2.23893025e-13   8.11487703e-13   5.92123248e-14
  1.42400000e-05   1.64574716e-01   9.70658599e-02  -1.89252603e+00  -8.30145455e-13  -1.64593155e-13  -8.06315613e-14
  1.43200000e-05   1.53362578e-01   8.98102340e-02  -1.88408241e+00   4.78436396e-13  -7.07871143e-13   5.20155906e-15
  1.44000000e-05   1.46471287e-01   8.63904700e-02  -1.87985611e+00   5.16652462e-13   6.84682433e-13   7.17208020e-14
  1.44800000e-05   1.50490508e-01   8.88999494e-02  -1.86068228e+00  -7.89705212e-13   3.36609023e-13  -4.77881766e-14
  1.45600000e-05   1.42000869e-01   8.32331335e-02  -1.84810425e+00  -2.19692989e-13  -8.31515223e-13  -5.43293016e-14
  1.46400000e-05   1.31883208e-01   7.72302936e-02  -1.83620222e+00   8.36991457e-13  -2.05636381e-13   5.14669675e-14
  1.47200000e-05   1.28496446e-01   7.54169970e-02  -1.82257691e+00   2.70034602e-13   8.19716471e-13   5.29574587e-14
  1.48000000e-05   1.27026262e-01   7.45781523e-02  -1.80934179e+00  -7.63895761e-13   4.05421952e-13  -3.69190626e-14
  1.48800000e-05   1.19409795e-01   7.00496081e-02  -1.79428249e+00  -6.02405321e-13  -6.18357999e-13  -6.42311521e-14
  1.49600000e-05   1.08562585e-01   6.37444569e-02  -1.78699552e+00   3.33570504e-13  -8.01667732e-13  -8.33163698e-15
  1.50400000e-05   1.00487505e-01   5.89841483e-02  -1.77352902e+00   8.64325721e-13  -7.14438903e-14   4.65962933e-14
  1.51200000e-05   9.48567056e-02   5.58176014e-02  -1.75619006e+00   5.38560834e-13   6.77503266e-13   5.06224900e-14
  1.52000000e-05   8.94325258e-02   5.32691013e-02  -1.74619446e+00  -1.73526779e-13   8.50737023e-13   1.70651432e-14
  1.52800000e-05   8.50761930e-02   5.03891000e-02  -1.73565670e+00  -7.35250514e-13   4.64462802e-13  -2.25554120e-14
  1.53600000e-05   7.75581530e-02   4.61149988e-02  -1.72104399e+00  -8.60848788e-13  -1.15970298e-13  -4.19012023e-14
  1.54400000e-05   6.97101819e-02   4.10205453e-02  -1.71427919e+00  -6.31061796e-13  -6.03142471e-13  -4.00942076e-14
  1.55200000e-05   6.17342905e-02   3.59707084e-02  -1.70963867e+00  -2.21075701e-13  -8.49969358e-13  -2.58662560e-14
  1.56000000e-05   5.34621323e-02   3.11894042e-02  -1.69768885e+00   1.95048571e-13  -8.57910857e-13  -9.61896871e-15
  1.56800000e-05   4.56377003e-02   2.61215460e-02  -1.69556617e+00   5.43588524e-13  -6.99555976e-13   3.85396137e-15
  1.57600000e-05   3.91461427e-02   2.26680303e-02  -1.68479487e+00   7.56539349e-13  -4.65354656e-13   1.13170595e-14
  1.58400000e-05   3.17975090e-02   1.84536432e-02  -1.68404903e+00   8.74629392e-13  -1.92388753e-13   1.44062091e-14
  1.59200000e-05   2.46845578e-02   1.40744035e-02  -1.67218511e+00   8.95625796e-13   5.90422555e-14   1.37180454e-14
  1.60000000e-05   1.68337819e-02   1.06068752e-02  -1.67653201e+00   8.64262058e-13   2.81663784e-13   1.04599086e-14
  1.60800000e-05   1.06138953e-02   5.90743471e-03  -1.66572153e+00   7.75329616e-13   4.79926248e-13   6.64240698e-15
  1.61600000e-05   3.42361331e-03   2.04526588e-03  -1.67364558e+00   6.59588072e-13   6.49086812e-13   2.14246652e-15
  1.62400000e-05  -3.62400953e-03  -2.01303351e-03  -1.66353070e+00   4.95747943e-13   7.86335320e-13  -2.03153126e-15
  1.63200000e-05  -9.82379428e-03  -6.79795984e-03  -1.67295308e+00   3.29248172e-13   8.85457547e-13  -5.53139910e-15
  1.64000000e-05  -1.82065253e-02  -1.01767628e-02  -1.66607240e+00   1.05372461e-13   9.45004453e-13  -6.92380024e-15
  1.64800000e-05  -2.60193550e-02  -1.52515211e-02  -1.67615034e+00  -1.33055842e-13   9.58383832e-13  -6.65500210e-15
  1.65600000e-05  -3.33776025e-02  -1.94931615e-02  -1.67295145e+00  -4.06197333e-13   8.89053150e-13  -2.25503466e-15
  1.66400000e-05  -4.01064279e-02  -2.36402962e-02  -1.67812273e+00  -6.68139317e-13   7.33556124e-13   5.63438961e-15
  1.67200000e-05  -4.76830785e-02  -2.78722133e-02  -1.69113195e+00  -9.03256757e-13   4.57713086e-13   1.79244358e-14
  1.68000000e-05  -5.50054343e-02  -3.30913506e-02  -1.69201502e+00  -1.02391984e-12   5.88412235e-14   3.21356603e-14
  1.68800000e-05  -6.26872399e-02  -3.68496049e-02  -1.70171591e+00  -9.57333527e-13  -4.17365850e-13   4.43037305e-14
  1.69600000e-05  -6.95083778e-02  -4.07519171e-02  -1.71579866e+00  -6.21216531e-13  -8.67782161e-13   4.57766648e-14
  1.70400000e-05  -7.34878061e-02  -4.31830670e-02  -1.72274681e+00  -2.91309501e-14  -1.08649703e-12   2.84772221e-14
  1.71200000e-05  -7.80361160e-02  -4.57291263e-02  -1.73223810e+00   6.72220584e-13  -8.81458376e-13  -7.01356357e-15
  1.72000000e-05  -8.28135285e-02  -4.85108295e-02  -1.73909913e+00   1.11105452e-12  -1.92671685e-13  -4.75324729e-14
  1.72800000e-05  -8.84230091e-02  -5.22334774e-02  -1.74634772e+00   9.22082896e-13   6.82919660e-13  -6.71141327e-14
  1.73600000e-05  -9.74254358e-02  -5.74599196e-02  -1.75697555e+00   3.81443409e-14   1.17221096e-12  -4.04509765e-14
  1.74400000e-05  -1.07602983e-01  -6.30594594e-02  -1.76096777e+00  -9.63490463e-13   7.04014162e-13   3.36631349e-14
  1.75200000e-05  -1.12435602e-01  -6.58024782e-02  -1.77111157e+00  -1.12287797e-12  -4.62973951e-13   8.84847102e-14
  1.76000000e-05  -1.11690897e-01  -6.53171381e-02  -1.78355630e+00  -1.17204048e-13  -1.23668794e-12   5.26294247e-14
  1.76800000e-05  -1.10338248e-01  -6.45344087e-02  -1.79322281e+00   1.10688413e-12  -6.15667760e-13  -4.59507322e-14
  1.77600000e-05  -1.13065044e-01  -6.63428363e-02  -1.79479351e+00   9.76044124e-13   8.31668870e-13  -9.22288512e-14
  1.78400000e-05  -1.21170639e-01  -7.11709493e-02  -1.79575230e+00  -4.83088336e-13   1.21077750e-12  -1.53896845e-14
  1.79200000e-05  -1.25994368e-01  -7.38836941e-02  -1.79981012e+00  -1.31630687e-12  -9.71768314e-14   9.61362720e-14
  1.80000000e-05  -1.21641859e-01  -7.12581225e-02  -1.80219882e+00  -2.87951137e-13  -1.30766292e-12   7.11400509e-14
  1.80800000e-05  -1.14608057e-01  -6.71415800e-02  -1.80286551e+00   1.17812877e-12  -6.70326739e-13  -4.99295442e-14
  1.81600000e-05  -1.13737687e-01  -6.67564169e-02  -1.79575690e+00   1.00923974e-12   9.15335784e-13  -9.79492999e-14
  1.82400000e-05  -1.18340214e-01  -6.94293587e-02  -1.78811476e+00  -5.11710621e-13   1.27573007e-12  -1.56685562e-14
  1.83200000e-05  -1.19491944e-01  -6.98916411e-02  -1.78321249e+00  -1.38089011e-12   3.33561670e-14   9.12252060e-14
  1.84000000e-05  -1.11223356e-01  -6.51502113e-02  -1.77761031e+00  -6.70201629e-13  -1.21744916e-12   8.65539224e-14
  1.84800000e-05  -1.01049584e-01  -5.92357091e-02  -1.77188704e+00   6.97799350e-13  -1.21268037e-12   7.45898436e-16
  1.85600000e-05  -9.23707704e-02  -5.43961415e-02  -1.76013412e+00   1.39468317e-12  -1.14218094e-13  -6.96622683e-14
  1.86400000e-05  -8.77138073e-02  -5.17577821e-02  -1.74335317e+00   9.74824150e-13   1.00019764e-12  -7.87411016e-14
  1.87200000e-05  -8.54674576e-02  -5.01364879e-02  -1.73012150e+00  -1.33558758e-14   1.39820754e-12  -3.98583120e-14
  1.88000000e-05  -8.02378995e-02  -4.78620612e-02  -1.72314620e+00  -9.21607099e-13   1.05863934e-12   1.35096817e-14
  1.88800000e-05  -7.26904051e-02  -4.26042509e-02  -1.71350342e+00  -1.36317963e-12   3.41937240e-13   4.93270681e-14
  1.89600000e-05  -6.41898561e-02  -3.75403157e-02  -1.70286427e+00  -1.34457709e-12  -4.15386976e-13   5.98415094e-14
  1.90400000e-05  -5.50209822e-02  -3.18805213e-02  -1.69570219e+00  -1.02294398e-12  -9.74657396e-13   5.15161028e-14
  1.91200000e-05  -4.62624654e-02  -2.68228450e-02  -1.68650835e+00  -5.62653115e-13  -1.30060508e-12   3.61193874e-14
  1.92000000e-05  -3.65736105e-02  -2.06190522e-02  -1.68654699e+00  -1.07918168e-13  -1.42502532e-12   1.97620516e-14
  1.92800000e-05  -2.72483745e-02  -1.57644883e-02  -1.67448041e+00   3.00279813e-13  -1.39970815e-12   8.29125609e-15
  1.93600000e-05  -1.70704434e-02  -1.05587218e-02  -1.67971555e+00   6.48523862e-13  -1.29613896e-12   1.55679973e-15
  1.94400000e-05  -8.93356619e-03  -4.90811266e-03  -1.66723255e+00   9.23717398e-13  -1.12107068e-12  -1.64928962e-15
  1.95200000e-05   3.43211324e-04   1.97579061e-04  -1.67176507e+00   1.15414190e-12  -9.12311441e-13   1.29121572e-16
  1.96000000e-05   8.72497732e-03   5.04461673e-03  -1.67259637e+00   1.33967765e-12  -6.46744942e-13   5.03772272e-15
  1.96800000e-05   1.69908292e-02   9.85845342e-03  -1.67339683e+00   1.46732201e-12  -3.34692259e-13   1.29266825e-14
  1.97600000e-05   2.54069536e-02   1.47341834e-02  -1.67741001e+00   1.52539058e-12   4.97386363e-14   2.35412843e-14
  1.98400000e-05   3.38677893e-02   1.97148594e-02  -1.68520535e+00   1.47164278e-12   4.93570728e-13   3.53499739e-14
  1.99200000e-05   4.20414337e-02   2.46795628e-02  -1.68461738e+00   1.23967827e-12   9.65420858e-13   4.50808697e-14
  2.00000000e-05   5.04260638e-02   2.94137209e-02  -1.69577116e+00   7.83179784e-13   1.39814580e-12   4.75402259e-14
  2.00800000e-05   5.92457034e-02   3.53397098e-02  -1.69742195e+00   8.75793497e-14   1.62401943e-12   3.68683080e-14
  2.01600000e-05   6.87242485e-02   4.12349681e-02  -1.71060938e+00  -7.70921099e-13   1.47234750e-12   4.51957608e-15
  2.02400000e-05   7.81515012e-02   4.64535234e-02  -1.71278793e+00  -1.48401522e-12   8.01663301e-13  -4.59706257e-14
  2.03200000e-05   8.59035774e-02   5.03258570e-02  -1.72657535e+00  -1.69873145e-12  -2.80072925e-13  -9.26817460e-14
  2.04000000e-05   8.97377584e-02   5.22678063e-02  -1.73720523e+00  -1.08756267e-12  -1.37794945e-12  -9.76383382e-14
  2.04800000e-05   8.94667031e-02   5.21649820e-02  -1.74533767e+00   2.18974590e-13  -1.77587138e-12  -4.18528548e-14
  2.05600000e-05   8.82607334e-02   5.17025869e-02  -1.75015613e+00   1.48275139e-12  -1.05073678e-12   4.37349069e-14
  2.06400000e-05   8.97870643e-02   5.29035312e-02  -1.75151632e+00   1.78096159e-12   4.57770223e-13   1.05123185e-13
  2.07200000e-05   9.43209414e-02   5.56887016e-02  -1.74942472e+00   7.76510334e-13   1.68941044e-12   9.56441613e-14
  2.08000000e-05   9.98750029e-02   5.90498167e-02  -1.74627226e+00  -8.32905583e-13   1.68514252e-12   9.34614258e-15
  2.08800000e-05   1.02651300e-01   6.02326977e-02  -1.74643494e+00  -1.84508284e-12   4.43837847e-13  -9.31420908e-14
  2.09600000e-05   9.88163378e-02   5.78065752e-02  -1.74454374e+00  -1.56464047e-12  -1.09981395e-12  -1.25069102e-13
  2.10400000e-05   9.00174073e-02   5.23737038e-02  -1.74213180e+00  -2.86333661e-13  -1.90831951e-12  -7.21649043e-14
  2.11200000e-05   8.01887864e-02   4.68369272e-02  -1.74097066e+00   1.11880405e-12  -1.59168809e-12   8.71109440e-15
  2.12000000e-05   7.22831863e-02   4.24630616e-02  -1.72655227e+00   1.87452648e-12  -5.13840984e-13   6.58407435e-14
  2.12800000e-05   6.49903989e-02   3.88330190e-02  -1.71714003e+00   1.84068833e-12   6.36827533e-13   8.40682772e-14
  2.13600000e-05   5.86066495e-02   3.48441681e-02  -1.70037260e+00   1.24983903e-12   1.48890597e-12   7.35889112e-14
  2.14400000e-05   5.17315374e-02   3.02033145e-02  -1.69461058e+00   4.71890490e-13   1.89447661e-12   4.81710041e-14
  2.15200000e-05   4.45866834e-02   2.56603679e-02  -1.68171175e+00  -2.70364289e-13   1.93342398e-12   2.23330328e-14
  2.16000000e-05   3.48270680e-02   2.01965967e-02  -1.67287746e+00  -8.55625349e-13   1.76008741e-12   3.43650601e-15
  2.16800000e-05   2.41628676e-02   1.36940463e-02  -1.66250120e+00  -1.29937295e-12   1.46862584e-12  -6.78805300e-15
  2.17600000e-05   1.26210900e-02   7.40055345e-03  -1.66529054e+00  -1.61425833e-12   1.14992504e-12  -7.12405294e-15
  2.18400000e-05   1.61000723e-03   9.30590060e-04  -1.65964013e+00  -1.82447820e-12   8.06578988e-13  -1.31765234e-15
  2.19200000e-05  -1.04197154e-02  -6.18825854e-03  -1.65945659e+00  -1.97242682e-12   4.15046891e-13   1.08371071e-14
  2.20000000e-05  -2.19217925e-02  -1.25568520e-02  -1.66654233e+00  -2.04685690e-12  -2.56048704e-14   2.71173963e-14
  2.20800000e-05  -3.35158319e-02  -1.91274581e-02  -1.67005330e+00  -2.00583722e-12  -5.34279731e-13   4.63737991e-14
  2.21600000e-05  -4.43013986e-02  -2.57988997e-02  -1.68068079e+00  -1.78645374e-12  -1.13235542e-12   6.44714474e-14
  2.22400000e-05  -5.42109007e-02  -3.14835215e-02  -1.69230828e+00  -1.30212193e-12  -1.72079199e-12   7.37252166e-14
  2.23200000e-05  -6.15605376e-02  -3.58371296e-02  -1.70299919e+00  -4.45707474e-13  -2.15588692e-12   6.14790610e-14
  2.24000000e-05  -6.88979289e-02  -3.99100598e-02  -1.72318353e+00   6.72181166e-13  -2.15646240e-12   2.30693090e-14
  2.24800000e-05  -7.14830619e-02  -4.16896457e-02  -1.72760416e+00   1.79495463e-12  -1.43091007e-12  -3.97398435e-14
  2.25600000e-05  -7.53175676e-02  -4.40629001e-02  -1.72894845e+00   2.32460314e-12  -8.24235807e-14  -9.91652654e-14
  2.26400000e-05  -8.02125678e-02  -4.74412428e-02  -1.73482088e+00   1.85672918e-12   1.46137819e-12  -1.25812765e-13
  2.27200000e-05  -8.90561915e-02  -5.22996016e-02  -1.72998513e+00   3.70393944e-13   2.35877976e-12  -9.03759883e-14
  2.28000000e-05  -9.47140736e-02  -5.55004317e-02  -1.73317906e+00  -1.39447341e-12   1.98006544e-12   1.27983144e-14
  2.28800000e-05  -9.74329327e-02  -5.69476425e-02  -1.72986260e+00  -2.39647630e-12   4.60126811e-13   1.19831816e-13
  2.29600000e-05  -9.26960227e-02  -5.40282469e-02  -1.72664110e+00  -2.09516531e-12  -1.28434287e-12   1.52668834e-13
  2.30400000e-05  -8.38860006e-02  -4.88643287e-02  -1.72524465e+00  -8.24950416e-13  -2.33812806e-12   1.06334397e-13
  2.31200000e-05  -7.43351855e-02  -4.30841761e-02  -1.72917890e+00   7.03727213e-13  -2.40608119e-12   2.96975245e-14
  2.32000000e-05  -6.26883353e-02  -3.64618009e-02  -1.71189586e+00   1.87440490e-12  -1.65448239e-12  -3.34003470e-14
  2.32800000e-05  -5.29614911e-02  -3.04814063e-02  -1.70583515e+00   2.43047501e-12  -6.23012133e-13  -6.43270215e-14
  2.33600000e-05  -4.33722672e-02  -2.52297498e-02  -1.68879970e+00   2.47462255e-12   3.69964521e-13  -6.90810773e-14
  2.34400000e-05  -3.35262754e-02  -1.88895770e-02  -1.68384336e+00   2.23839388e-12   1.14344866e-12  -5.73950485e-14
  2.35200000e-05  -2.13809762e-02  -1.26679399e-02  -1.67386952e+00   1.88888766e-12   1.66735606e-12  -3.67461310e-14
  2.36000000e-05  -9.20867955e-03  -6.83851589e-03  -1.67503771e+00   1.49324815e-12   2.05961958e-12  -1.66178855e-14
  2.36800000e-05   2.56795004e-03   1.51764065e-03  -1.66549685e+00   1.04838120e-12   2.32910407e-12   3.73878436e-15
  2.37600000e-05   1.47222342e-02   8.70781979e-03  -1.66977171e+00   5.68138471e-13   2.52567300e-12   1.81805530e-14
  2.38400000e-05   2.82561665e-02   1.63883360e-02  -1.67123581e+00  -2.30681578e-14   2.62230937e-12   2.53246544e-14
  2.39200000e-05   4.12156169e-02   2.40531927e-02  -1.67130414e+00  -7.74495386e-13   2.54214062e-12   1.74865200e-14
  2.40000000e-05   5.41687881e-02   3.13692238e-02  -1.68385607e+00  -1.64861386e-12   2.15659647e-12  -1.28589716e-14
  2.40800000e-05   6.68394619e-02   3.93217720e-02  -1.69192530e+00  -2.42214877e-12   1.33475650e-12  -6.46660519e-14
  2.41600000e-05   7.55673377e-02   4.48169920e-02  -1.70283963e+00  -2.81937638e-12  -1.76492980e-14  -1.25580678e-13
  2.42400000e-05   8.23618406e-02   4.85504699e-02  -1.70984341e+00  -2.41951838e-12  -1.53735645e-12  -1.60199094e-13
  2.43200000e-05   8.42801150e-02   4.89933470e-02  -1.72111396e+00  -1.13455418e-12  -2.69375858e-12  -1.32237963e-13
  2.44000000e-05   8.08576694e-02   4.68805293e-02  -1.72991847e+00   7.33355389e-13  -2.88225888e-12  -4.38312067e-14
  2.44800000e-05   7.55150133e-02   4.37055185e-02  -1.73614074e+00   2.36014622e-12  -1.87623739e-12   5.54243921e-14
  2.45600000e-05   6.89834855e-02   4.02534168e-02  -1.72107329e+00   3.00830952e-12  -1.93158355e-13   1.16060364e-13
  2.46400000e-05   6.40892973e-02   3.71880870e-02  -1.71691841e+00   2.65909963e-12   1.45642729e-12   1.30805035e-13
  2.47200000e-05   5.77266019e-02   3.36701146e-02  -1.69615184e+00   1.61655812e-12   2.55026886e-12   1.05642813e-13
  2.48000000e-05   5.10385439e-02   2.94561305e-02  -1.68623139e+00   4.27447520e-13   2.99379969e-12   6.52354439e-14
  2.48800000e-05   4.03841408e-02   2.29744872e-02  -1.67145723e+00  -5.78887511e-13   2.96322491e-12   2.67435488e-14
  2.49600000e-05   2.59155340e-02   1.53708774e-02  -1.66019679e+00  -1.35771293e-12   2.69928084e-12   3.79741691e-15
  2.50400000e-05   1.16580691e-02   6.45902095e-03  -1.65904280e+00  -1.93332914e-12   2.35333763e-12  -4.42341062e-15
  2.51200000e-05  -3.96649153e-03  -2.28264593e-03  -1.65271414e+00  -2.37287632e-12   1.93782810e-12   3.01843997e-15
  2.52000000e-05  -1.99454234e-02  -1.20953057e-02  -1.65340865e+00  -2.74283704e-12   1.44388359e-12   2.25248805e-14
  2.52800000e-05  -3.67683494e-02  -2.13060764e-02  -1.66979380e+00  -3.07289782e-12   7.76591214e-13   5.77551964e-14
  2.53600000e-05  -5.22394954e-02  -3.05092005e-02  -1.68325756e+00  -3.23091477e-12  -1.94155925e-13   1.03789761e-13
  2.54400000e-05  -6.51952772e-02  -3.79080827e-02  -1.69096928e+00  -2.97797653e-12  -1.41030639e-12   1.46432002e-13
  2.55200000e-05  -7.47986698e-02  -4.33012101e-02  -1.70818581e+00  -2.09251892e-12  -2.64700989e-12   1.58727676e-13
  2.56000000e-05  -7.79489898e-02  -4.51947110e-02  -1.71327078e+00  -4.63958277e-13  -3.39965417e-12   1.10788948e-13
  2.56800000e-05  -7.66726853e-02  -4.43093482e-02  -1.72498920e+00   1.49176623e-12  -3.16443365e-12   1.49776414e-14
  2.57600000e-05  -7.34976387e-02  -4.26881310e-02  -1.72607487e+00   3.04803633e-12  -1.79564437e-12  -8.53791302e-14
  2.58400000e-05  -7.02787795e-02  -4.05242448e-02  -1.73080502e+00   3.57413781e-12   1.92379919e-13  -1.49631005e-13
  2.59200000e-05  -6.47908622e-02  -3.77321963e-02  -1.70931500e+00   2.93327798e-12   2.02609608e-12  -1.55909627e-13
  2.60000000e-05  -5.85649480e-02  -3.41363493e-02  -1.69656687e+00   1.68578843e-12   3.14293741e-12  -1.21431418e-13
  2.60800000e-05  -4.99044917e-02  -2.89227073e-02  -1.67844139e+00   3.48964045e-13   3.53741010e-12  -7.13318621e-14
  2.61600000e-05  -3.65880319e-02  -2.06820492e-02  -1.66573240e+00  -7.32606359e-13   3.47722201e-12  -2.70820523e-14
  2.62400000e-05  -2.00239513e-02  -1.20872190e-02  -1.65455167e+00  -1.53572394e-12   3.20965859e-12  -4.86209355e-15
  2.63200000e-05  -3.41608461e-03  -2.04163071e-03  -1.64918122e+00  -2.13809165e-12   2.87072077e-12   8.74949508e-16
  2.64000000e-05   1.49412170e-02   8.86784609e-03  -1.64913007e+00  -2.67267980e-12   2.43852945e-12  -1.11019654e-14
  2.64800000e-05   3.35102230e-02   1.97432080e-02  -1.65420902e+00  -3.19866220e-12   1.80737812e-12  -4.32257596e-14
  2.65600000e-05   5.09785211e-02   2.93634239e-02  -1.66743756e+00  -3.65869423e-12   8.35398048e-13  -9.71458713e-14
  2.66400000e-05   6.62570667e-02   3.85492247e-02  -1.68252008e+00  -3.80113372e-12  -5.26038823e-13  -1.61739739e-13
  2.67200000e-05   7.67009553e-02   4.44714863e-02  -1.70070481e+00  -3.29854187e-12  -2.13598142e-12  -2.04616097e-13
  2.68000000e-05   8.06647342e-02   4.66101700e-02  -1.70969727e+00  -1.88033730e-12  -3.53252824e-12  -1.85020270e-13
  2.68800000e-05   7.82963114e-02   4.51497577e-02  -1.71446099e+00   1.77589088e-13  -4.05759911e-12  -9.87453475e-14
  2.69600000e-05   7.05190483e-02   4.06791663e-02  -1.72173475e+00   2.25060073e-12  -3.44951933e-12   1.06791428e-14
  2.70400000e-05   6.13791250e-02   3.57712475e-02  -1.71199401e+00   3.62668786e-12  -1.97207285e-12   8.88200668e-14
  2.71200000e-05   5.04352594e-02   2.93832440e-02  -1.70112655e+00   4.11944515e-12  -3.20259504e-13   1.16602155e-13
  2.72000000e-05   3.84313800e-02   2.25343783e-02  -1.68980103e+00   3.99102585e-12   1.08035590e-12   1.05175566e-13
  2.72800000e-05   2.36397458e-02   1.38184901e-02  -1.67848620e+00   3.54733120e-12   2.13137315e-12   6.75074760e-14
  2.73600000e-05   7.52188743e-03   3.98226342e-03  -1.67109687e+00   3.00887261e-12   2.86728379e-12   2.03762457e-14
  2.74400000e-05  -1.02947107e-02  -6.34421026e-03  -1.66186349e+00   2.38256627e-12   3.42918936e-12  -2.78502591e-14
  2.75200000e-05  -2.76022101e-02  -1.57510880e-02  -1.66873877e+00   1.59117575e-12   3.93368760e-12  -6.34490123e-14
  2.76000000e-05  -4.57009541e-02  -2.61172216e-02  -1.66842952e+00   4.32037903e-13   4.27798276e-12  -7.88007924e-14
  2.76800000e-05  -6.36855451e-02  -3.64819800e-02  -1.66838993e+00  -1.06141615e-12   4.22943896e-12  -5.19671328e-14
  2.77600000e-05  -7.87031269e-02  -4.58161263e-02  -1.69051690e+00  -2.77635979e-12   3.51459776e-12   3.40031749e-14
  2.78400000e-05  -8.65939547e-02  -5.03462056e-02  -1.69022248e+00  -4.11685711e-12   1.89213036e-12   1.54555603e-13
  2.79200000e-05  -8.81362790e-02  -5.09495645e-02  -1.69388610e+00  -4.57623444e-12  -2.82661512e-13   2.46612660e-13
  2.80000000e-05  -8.09220835e-02  -4.63872199e-02  -1.70243078e+00  -3.99865877e-12  -2.37095043e-12   2.54672086e-13
  2.80800000e-05  -6.68485945e-02  -3.82437034e-02  -1.69200591e+00  -2.72148048e-12  -3.78073238e-12   1.92975894e-13
  2.81600000e-05  -4.94875631e-02  -2.84129940e-02  -1.68821008e+00  -1.33994843e-12  -4.48710191e-12   1.14797788e-13
  2.82400000e-05  -2.82181380e-02  -1.68243921e-02  -1.68352706e+00  -1.54043356e-13  -4.70270427e-12   4.95786252e-14
  2.83200000e-05  -6.99759810e-03  -4.25223511e-03  -1.68124797e+00   8.11965824e-13  -4.67015687e-12   8.43230432e-15
  2.84000000e-05   1.30152388e-02   8.06348971e-03  -1.68278515e+00   1.71175416e-12  -4.47949936e-12  -8.22535654e-15
  2.84800000e-05   3.18545039e-02   1.89925155e-02  -1.68872653e+00   2.69334238e-12  -4.06045959e-12   5.13803941e-15
  2.85600000e-05   4.55032506e-02   2.61751428e-02  -1.68674481e+00   3.77447978e-12  -3.17503682e-12   5.25533302e-14
  2.86400000e-05   5.76028577e-02   3.31346498e-02  -1.69924803e+00   4.72893074e-12  -1.72596602e-12   1.26650519e-13
  2.87200000e-05   6.36021021e-02   3.68237588e-02  -1.70266743e+00   5.09486293e-12   3.17575531e-13   1.97183731e-13
  2.88000000e-05   6.61180175e-02   3.83645339e-02  -1.70731662e+00   4.55459919e-12   2.45377132e-12   2.31520537e-13
  2.88800000e-05   6.51079762e-02   3.78726683e-02  -1.68796511e+00   3.17982987e-12   4.06744114e-12   2.13912678e-13
  2.89600000e-05   5.68933241e-02   3.30143826e-02  -1.67928192e+00   1.53667229e-12   4.94526053e-12   1.49284712e-13
  2.90400000e-05   4.22382079e-02   2.44236503e-02  -1.66899313e+00   1.06991577e-13   5.18304602e-12   7.85551680e-14
  2.91200000e-05   2.07892596e-02   1.20490624e-02  -1.66078541e+00  -9.95361548e-13   5.10269233e-12   2.45605653e-14
  2.92000000e-05  -2.81564607e-03  -1.51134431e-03  -1.65826569e+00  -1.88324164e-12   4.88940034e-12  -1.25855915e-15
  2.92800000e-05  -2.82467855e-02  -1.60370450e-02  -1.66102530e+00  -2.75325442e-12   4.54009077e-12   2.98667749e-15
  2.93600000e-05  -5.20037115e-02  -2.97855291e-02  -1.66159393e+00  -3.73367780e-12   3.87660373e-12   4.73632028e-14
  2.94400000e-05  -7.20613852e-02  -4.15889442e-02  -1.66518873e+00  -4.76430238e-12   2.68182929e-12   1.39196102e-13
  2.95200000e-05  -8.53757094e-02  -4.93179539e-02  -1.67111889e+00  -5.48743760e-12   8.53757229e-13   2.55151397e-13
  2.96000000e-05  -8.75561320e-02  -5.01497528e-02  -1.67478351e+00  -5.46860380e-12  -1.30585523e-12   3.24996103e-13
  2.96800000e-05  -7.85586374e-02  -4.50944173e-02  -1.67764955e+00  -4.65828517e-12  -3.25290469e-12   3.05568214e-13
  2.97600000e-05  -5.95615420e-02  -3.42844954e-02  -1.67707808e+00  -3.45433733e-12  -4.56438036e-12   2.15990621e-13
  2.98400000e-05  -3.53840116e-02  -2.04743318e-02  -1.67378500e+00  -2.25299228e-12  -5.29709833e-12   1.12424507e-13
  2.99200000e-05  -8.52259379e-03  -5.09632554e-03  -1.67267565e+00  -1.19061110e-12  -5.67796947e-12   2.33660816e-14
  3.00000000e-05   1.72956050e-02   1.00626100e-02  -1.68158397e+00  -1.53255771e-13  -5.89368618e-12  -3.68441409e-14
  3.00800000e-05   4.09323551e-02   2.36617364e-02  -1.69120272e+00   1.13535454e-12  -5.89713079e-12  -5.50280685e-14
  3.01600000e-05   5.78130467e-02   3.29763672e-02  -1.70321883e+00   2.78001964e-12  -5.46346160e-12  -1.14158619e-14
  3.02400000e-05   6.56993590e-02   3.74871416e-02  -1.71233092e+00   4.55100896e-12  -4.27004456e-12   8.11330362e-14
  3.03200000e-05   6.53053119e-02   3.73002933e-02  -1.71438595e+00   5.89228749e-12  -2.26630106e-12   1.75143747e-13
  3.04000000e-05   5.76399766e-02   3.28949435e-02  -1.70864753e+00   6.34466745e-12   4.54508549e-14   2.14907744e-13
  3.04800000e-05   4.34694164e-02   2.49534206e-02  -1.70458138e+00   6.05679292e-12   1.99754747e-12   1.83699587e-13
  3.05600000e-05   2.32074298e-02   1.37936325e-02  -1.68116672e+00   5.35818011e-12   3.39077176e-12   1.01786840e-13
  3.06400000e-05  -8.35677049e-04  -5.33717609e-04  -1.67272101e+00   4.59669625e-12   4.40734968e-12  -3.70272967e-15
  3.07200000e-05  -2.58810557e-02  -1.50780611e-02  -1.67188972e+00   3.68303074e-12   5.27854358e-12  -1.04618698e-13
  3.08000000e-05  -5.03448148e-02  -2.96735220e-02  -1.67283317e+00   2.37459942e-12   6.07556897e-12  -1.79236222e-13
  3.08800000e-05  -6.96106738e-02  -4.03695790e-02  -1.66982069e+00   5.15150798e-13   6.57900985e-12  -1.80529475e-13
  3.09600000e-05  -8.09768019e-02  -4.67901051e-02  -1.66576370e+00  -1.71305611e-12   6.44031154e-12  -9.76279219e-14
  3.10400000e-05  -8.06806649e-02  -4.66223434e-02  -1.65567169e+00  -3.78647154e-12   5.51291463e-12   2.92751537e-14
  3.11200000e-05  -6.63687298e-02  -3.81520789e-02  -1.65187976e+00  -5.23138586e-12   4.22179974e-12   1.12677692e-13
  3.12000000e-05  -4.02930446e-02  -2.33331611e-02  -1.64786453e+00  -6.07510159e-12   2.95265395e-12   1.06737894e-13
  3.12800000e-05  -7.03924475e-03  -4.24301152e-03  -1.64645598e+00  -6.54438692e-12   1.87875695e-12   2.31381551e-14
  3.13600000e-05   2.90748879e-02   1.65302099e-02  -1.64295184e+00  -6.82186727e-12   8.00879545e-13  -1.12666917e-13
  3.14400000e-05   6.09164776e-02   3.47228903e-02  -1.64853334e+00  -6.95939856e-12  -5.13582487e-13  -2.67980697e-13
  3.15200000e-05   8.35034094e-02   4.72349488e-02  -1.66119434e+00  -6.75606589e-12  -2.24482156e-12  -4.03437787e-13
  3.16000000e-05   9.16305500e-02   5.17765046e-02  -1.66959383e+00  -5.93122805e-12  -4.14540054e-12  -4.54072138e-13
  3.16800000e-05   8.34412071e-02   4.66796686e-02  -1.67525411e+00  -4.55460552e-12  -5.74489545e-12  -3.86933298e-13
  3.17600000e-05   6.13691462e-02   3.40410265e-02  -1.67911779e+00  -2.98722738e-12  -6.77914948e-12  -2.46613313e-13
  3.18400000e-05   2.97536282e-02   1.63865775e-02  -1.67936985e+00  -1.61060951e-12  -7.29078199e-12  -9.96757445e-14
  3.19200000e-05  -6.02638471e-03  -3.29897831e-03  -1.68207284e+00  -4.03110731e-13  -7.53800262e-12   1.62281959e-14
  3.20000000e-05  -3.95538377e-02  -2.17178902e-02  -1.68936772e+00   9.52403244e-13  -7.61219800e-12   7.55606228e-14
  3.20800000e-05  -6.48941336e-02  -3.59308239e-02  -1.69922666e+00   2.70518184e-12  -7.33644798e-12   5.18201551e-14
  3.21600000e-05  -7.67995561e-02  -4.22230328e-02  -1.71345835e+00   4.78929952e-12  -6.38722496e-12  -5.72690127e-14
  3.22400000e-05  -7.36569284e-02  -4.05662344e-02  -1.71709485e+00   6.60714191e-12  -4.64836336e-12  -1.73604377e-13
  3.23200000e-05  -5.84400122e-02  -3.23060815e-02  -1.70986112e+00   7.67623485e-12  -2.60584265e-12  -2.13125317e-13
  3.24000000e-05  -3.19317908e-02  -1.80502620e-02  -1.70184602e+00   8.08416099e-12  -8.58708613e-13  -1.42575661e-13
  3.24800000e-05  -8.37897954e-04  -4.42194800e-04  -1.69563282e+00   8.15803496e-12   5.16475661e-13  -4.16598662e-15
  3.25600000e-05   3.09522749e-02   1.74235513e-02  -1.69717677e+00   8.06568754e-12   1.84417210e-12   1.66030675e-13
  3.26400000e-05   5.85155062e-02   3.26110075e-02  -1.69923386e+00   7.63719098e-12   3.46917123e-12   3.29576333e-13
  3.27200000e-05   7.53669233e-02   4.21027351e-02  -1.69447935e+00   6.57704233e-12   5.33198818e-12   4.25017118e-13
  3.28000000e-05   7.76410729e-02   4.35040300e-02  -1.68528334e+00   4.91159428e-12   6.94811784e-12   4.05636584e-13
  3.28800000e-05   6.20503372e-02   3.46199704e-02  -1.67353909e+00   3.15383998e-12   7.91426468e-12   2.80655795e-13
  3.29600000e-05   3.13384180e-02   1.73965080e-02  -1.66226136e+00   1.74034170e-12   8.34802266e-12   1.20177250e-13
  3.30400000e-05  -7.32357223e-03  -4.08060636e-03  -1.65778041e+00   5.77832108e-13   8.56441115e-12  -2.36338816e-14
  3.31200000e-05  -4.74050254e-02  -2.60667328e-02  -1.65528636e+00  -7.10868248e-13   8.64632039e-12  -1.15800263e-13
  3.32000000e-05  -7.90113277e-02  -4.34705422e-02  -1.65226246e+00  -2.43548879e-12   8.43326227e-12  -1.05411389e-13
  3.32800000e-05  -9.28563941e-02  -5.11570727e-02  -1.64830437e+00  -4.45456738e-12   7.66122817e-12   1.31705392e-14
  3.33600000e-05  -8.50081852e-02  -4.62312804e-02  -1.64245824e+00  -6.20334308e-12   6.39058490e-12   1.41184725e-13
  3.34400000e-05  -5.38006625e-02  -2.90654818e-02  -1.62841900e+00  -7.33916369e-12   5.01905940e-12   1.52890927e-13
  3.35200000e-05  -9.15556931e-03  -4.71690979e-03  -1.62017881e+00  -8.02648755e-12   3.89441826e-12   3.40193583e-14
  3.36000000e-05   3.97472081e-02   2.12827341e-02  -1.62450521e+00  -8.60414777e-12   2.79177977e-12  -1.73944746e-13
  3.36800000e-05   8.00372403e-02   4.20441762e-02  -1.63199598e+00  -9.11159090e-12   1.28863798e-12  -4.13657188e-13
  3.37600000e-05   1.00063764e-01   5.24561021e-02  -1.64124814e+00  -9.33005230e-12  -7.54203606e-13  -5.92940644e-13
  3.38400000e-05   9.30984302e-02   4.80900588e-02  -1.64390041e+00  -9.00049144e-12  -2.92109761e-12  -5.95174364e-13
  3.39200000e-05   6.09622683e-02   3.15732729e-02  -1.64223243e+00  -8.35621784e-12  -4.58185715e-12  -3.98286022e-13
  3.40000000e-05   1.21884678e-02   6.26004842e-03  -1.64283609e+00  -7.73351431e-12  -5.71668073e-12  -7.91596852e-14
  3.40800000e-05  -3.84098099e-02  -1.94634314e-02  -1.65439271e+00  -7.10726360e-12  -6.72991119e-12   2.44183746e-13
  3.41600000e-05  -8.03654726e-02  -4.12865430e-02  -1.66393363e+00  -6.04887674e-12  -7.92115010e-12   4.88696021e-13
  3.42400000e-05  -9.79367723e-02  -4.98901414e-02  -1.67821252e+00  -4.37240936e-12  -9.18668636e-12   5.28267268e-13
  3.43200000e-05  -8.59109966e-02  -4.33891109e-02  -1.68193104e+00  -2.35203234e-12  -1.00218791e-11   3.78675376e-13
  3.44000000e-05  -4.91663204e-02  -2.47084723e-02  -1.68815202e+00  -6.73053452e-13  -1.03883232e-11   1.71649919e-13
  3.44800000e-05  -9.55104915e-04  -3.10410899e-04  -1.69265065e+00   6.24231530e-13  -1.05109272e-11   1.57533969e-15
  3.45600000e-05   4.78359218e-02   2.37709937e-02  -1.70109506e+00   1.96553186e-12  -1.05233855e-11  -9.17810573e-14
  3.46400000e-05   8.09724130e-02   4.07148030e-02  -1.71470371e+00   3.81516587e-12  -1.02457196e-11  -6.31183501e-14
  3.47200000e-05   8.82346536e-02   4.42002781e-02  -1.72130452e+00   5.94356358e-12  -9.36979107e-12   6.40682122e-14
  3.48000000e-05   6.67058156e-02   3.36951529e-02  -1.73319551e+00   7.70611531e-12  -8.20951255e-12   1.36985080e-13
  3.48800000e-05   2.72472073e-02   1.34878436e-02  -1.73389013e+00   8.74047701e-12  -7.24079199e-12   8.10264255e-14
  3.49600000e-05  -2.02709733e-02  -9.60111176e-03  -1.72955638e+00   9.45253535e-12  -6.43675061e-12  -7.50551595e-14
  3.50400000e-05  -6.17888770e-02  -3.07977880e-02  -1.73496236e+00   1.02967648e-11  -5.37019758e-12  -2.71380716e-13
  3.51200000e-05  -8.45460380e-02  -4.16586669e-02  -1.74042048e+00   1.11928702e-11  -3.69635523e-12  -4.55250675e-13
  3.52000000e-05  -7.87367014e-02  -3.89137792e-02  -1.73629157e+00   1.17554345e-11  -1.63256978e-12  -4.96491883e-13
  3.52800000e-05  -4.78864999e-02  -2.34376646e-02  -1.72892334e+00   1.19100493e-11   1.61845595e-13  -3.32070166e-13
  3.53600000e-05  -1.83913177e-03  -9.89377558e-04  -1.72925577e+00   1.19327512e-11   1.46091875e-12  -1.35268031e-14
  3.54400000e-05   4.57822781e-02   2.22171797e-02  -1.71872420e+00   1.17632378e-11   2.76018482e-12   3.49021297e-13
  3.55200000e-05   8.00254228e-02   3.85720594e-02  -1.72384984e+00   1.14863436e-11   4.29406819e-12   6.29306876e-13
  3.56000000e-05   8.86399621e-02   4.22905141e-02  -1.72161649e+00   1.07835256e-11   6.07496196e-12   7.04433640e-13
  3.56800000e-05   6.97754103e-02   3.37271815e-02  -1.70903114e+00   9.86239082e-12   7.50914480e-12   5.50846987e-13
  3.57600000e-05   2.75506590e-02   1.34031756e-02  -1.70576302e+00   9.20613828e-12   8.42325771e-12   2.14879543e-13
  3.58400000e-05  -2.35159322e-02  -1.17762992e-02  -1.70746962e+00   8.60531765e-12   9.22473416e-12  -1.82138113e-13
  3.59200000e-05  -6.90243575e-02  -3.29872481e-02  -1.70309605e+00   7.71416547e-12   1.01268617e-11  -5.08792567e-13
  3.60000000e-05  -9.47006404e-02  -4.38245624e-02  -1.68899878e+00   6.33779330e-12   1.10912889e-11  -6.43140766e-13
  3.60800000e-05  -8.86337541e-02  -4.16922610e-02  -1.68024407e+00   4.84358137e-12   1.18848419e-11  -5.50402615e-13
  3.61600000e-05  -5.41588443e-02  -2.50016822e-02  -1.66449274e+00   3.72308603e-12   1.22645697e-11  -3.05362047e-13
  3.62400000e-05  -2.40488790e-03  -9.38159622e-04  -1.66902461e+00   3.02982839e-12   1.26067200e-11  -1.14519062e-14
  3.63200000e-05   5.17253740e-02   2.34624187e-02  -1.66468523e+00   2.22190548e-12   1.28873767e-11   2.50676770e-13
  3.64000000e-05   9.05047049e-02   4.09773548e-02  -1.65681699e+00   9.37455218e-13   1.31449897e-11   3.76318580e-13
  3.64800000e-05   1.00776418e-01   4.54216062e-02  -1.65247726e+00  -6.73438815e-13   1.32719414e-11   3.23735859e-13
  3.65600000e-05   7.94588378e-02   3.53844354e-02  -1.63407535e+00  -1.97660013e-12   1.31049159e-11   1.87660686e-13
  3.66400000e-05   3.36631746e-02   1.47298448e-02  -1.62309794e+00  -2.77069296e-12   1.29754886e-11   6.02900230e-14
  3.67200000e-05  -2.21577920e-02  -9.48150790e-03  -1.62190696e+00  -3.32011015e-12   1.29703625e-11  -3.04655478e-14
  3.68000000e-05  -7.20822902e-02  -3.10701375e-02  -1.62744583e+00  -4.05574987e-12   1.29761314e-11  -6.80959368e-14
  3.68800000e-05  -1.03150378e-01  -4.42887365e-02  -1.61844377e+00  -5.00100860e-12   1.27383427e-11  -2.98491510e-14
  3.69600000e-05  -1.08083521e-01  -4.57751937e-02  -1.61532959e+00  -6.17422201e-12   1.23417228e-11   6.33845281e-14
  3.70400000e-05  -8.51592210e-02  -3.58003486e-02  -1.61192811e+00  -7.18744563e-12   1.18814887e-11   1.15833845e-13
  3.71200000e-05  -4.42557077e-02  -1.82492510e-02  -1.59941957e+00  -7.81295757e-12   1.14858745e-11   8.51304828e-14
  3.72000000e-05   5.32919550e-03   2.25006409e-03  -1.60026877e+00  -8.21776040e-12   1.13711447e-11  -1.13782433e-14
  3.72800000e-05   5.33673789e-02   2.13048275e-02  -1.59952449e+00  -8.68277401e-12   1.12072360e-11  -1.40422145e-13
  3.73600000e-05   9.13539139e-02   3.56280131e-02  -1.59409723e+00  -9.30189607e-12   1.08541338e-11  -2.90480016e-13
  3.74400000e-05   1.12469964e-01   4.33868329e-02  -1.58891343e+00  -9.97884587e-12   1.03918276e-11  -4.22585606e-13
  3.75200000e-05   1.15366876e-01   4.37931700e-02  -1.58804121e+00  -1.06805488e-11   9.87070785e-12  -5.03709826e-13
  3.76000000e-05   1.01138259e-01   3.71332136e-02  -1.58534140e+00  -1.13075011e-11   9.31608164e-12  -5.03162871e-13
  3.76800000e-05   7.60931225e-02   2.76267879e-02  -1.58534211e+00  -1.17368377e-11   8.98751544e-12  -4.06723849e-13
  3.77600000e-05   4.68894329e-02   1.65200915e-02  -1.58570102e+00  -1.19859703e-11   8.88927965e-12  -2.61817097e-13
  3.78400000e-05   1.53386090e-02   5.34157696e-03  -1.58798783e+00  -1.22846438e-11   8.76043637e-12  -8.91913651e-14
  3.79200000e-05  -1.53484338e-02  -5.30411249e-03  -1.58882924e+00  -1.26158961e-11   8.56192244e-12   9.32893497e-14
  3.80000000e-05  -4.58470825e-02  -1.47443488e-02  -1.58060713e+00  -1.28349972e-11   8.36945408e-12   2.94219239e-13
  3.80800000e-05  -7.68227386e-02  -2.45111615e-02  -1.57843934e+00  -1.30411869e-11   8.30283317e-12   5.05782889e-13
  3.81600000e-05  -1.12789607e-01  -3.55866199e-02  -1.57727811e+00  -1.31641049e-11   8.39191501e-12   7.52013425e-13
  3.82400000e-05  -1.58621478e-01  -4.91733595e-02  -1.56352175e+00  -1.30422083e-11   8.64110817e-12   1.05138418e-12
  3.83200000e-05  -2.27058076e-01  -6.97807146e-02  -1.53939543e+00  -1.26089529e-11   9.18756774e-12   1.44332606e-12
  3.84000000e-05  -3.33107462e-01  -1.02636593e-01  -1.50321990e+00  -1.16165794e-11   1.03226552e-11   1.86937861e-12
  3.84800000e-05  -4.79599859e-01  -1.48244012e-01  -1.45882924e+00  -1.02603897e-11   1.18506852e-11   2.16892301e-12
  3.85600000e-05  -5.63467728e-01  -1.71224810e-01  -1.43658831e+00  -9.43484165e-12   1.28913656e-11   2.16409053e-12
  3.86400000e-05  -4.88640285e-01  -1.40393915e-01  -1.47672741e+00  -8.44844986e-12   1.39004140e-11   1.47401572e-12
  3.87200000e-05  -3.90979309e-01  -1.07121526e-01  -1.53378595e+00  -7.15923160e-12   1.51552085e-11   7.66510062e-13
  3.88000000e-05  -3.81406489e-01  -1.00540336e-01  -1.55074072e+00  -6.29619681e-12   1.58927855e-11   5.18168063e-13
  3.88800000e-05  -5.09138298e-01  -1.32768667e-01  -1.50327380e+00  -4.41708956e-12   1.65402436e-11   3.51788006e-14
  3.89600000e-05  -7.31548953e-01  -1.89107980e-01  -1.47141096e+00  -1.38131094e-12   1.78826693e-11  -1.61155446e-12
  3.90400000e-05  -6.80990363e-01  -1.63672511e-01  -1.54295197e+00   2.12917517e-12   1.82137974e-11  -2.87179758e-12
  3.91200000e-05  -5.37936515e-01  -1.17924974e-01  -1.65319234e+00   6.83223150e-12   1.77545042e-11  -3.48961589e-12
  3.92000000e-05  -6.14228528e-01  -1.28534082e-01  -1.65791106e+00   9.42366918e-12   1.67415240e-11  -4.78924538e-12
  3.92800000e-05  -8.88474954e-01  -1.75756032e-01  -1.66595740e+00   1.43812928e-11   1.30478571e-11  -9.04624453e-12
  3.93600000e-05  -7.82477077e-01  -1.33735199e-01  -1.74732585e+00   1.88057328e-11   6.42602017e-12  -8.91330020e-12
  3.94400000e-05  -6.68479044e-01  -9.78087341e-02  -1.79928691e+00   2.07685535e-11   1.94501019e-13  -7.72659806e-12
  3.95200000e-05  -9.34128114e-01  -1.17124228e-01  -1.72518043e+00   1.83877853e-11  -9.66344515e-12  -9.30031629e-12
  3.96000000e-05  -8.73842107e-01  -8.32104320e-02  -1.65576670e+00   1.21847418e-11  -1.72795458e-11  -5.56219786e-12
  3.96800000e-05  -6.72230651e-01  -4.57310794e-02  -1.65280972e+00   6.60924898e-12  -1.99583788e-11  -2.13589109e-12
  3.97600000e-05  -9.35023446e-01  -4.53387499e-02  -1.33234667e+00  -2.92077298e-12  -1.90547346e-11   2.69817844e-12
  3.98400000e-05  -6.10186585e-01  -1.43948623e-02  -1.34934347e+00  -9.38888012e-12  -1.45375464e-11   4.40083255e-12
  3.99200000e-05  -5.74214878e-01  -5.30096577e-03  -1.25612424e+00  -1.24427478e-11  -9.67684142e-12   5.72881829e-12
  4.00000000e-05  -7.42073866e-01   5.25373697e-03  -1.01721740e+00  -1.23210304e-11  -2.72514828e-12   8.97428367e-12
  4.00800000e-05  -4.31690726e-01   7.40787286e-03  -1.30054379e+00  -1.58130340e-11   3.54401952e-12   5.26902196e-12
  4.01600000e-05  -8.20197854e-01   3.10779232e-02  -1.05545737e+00  -1.08867289e-11   9.30831045e-12   8.73418002e-12
  4.02400000e-05  -6.19297060e-01   3.35643724e-02  -1.40880597e+00  -7.36226493e-12   1.75574828e-11   3.65467995e-12
  4.03200000e-05  -7.42545750e-01   5.81883866e-02  -1.50328737e+00  -1.22608362e-13   2.13663463e-11   8.87598449e-13
  4.04000000e-05  -9.50734524e-01   1.08709385e-01  -1.63191092e+00   1.20170291e-11   2.03840080e-11  -5.64312142e-12
  4.04800000e-05  -6.84660671e-01   9.93371803e-02  -1.81987745e+00   2.27434330e-11   7.64541867e-12  -8.13904238e-12
  4.05600000e-05  -8.46369601e-01   1.54241850e-01  -1.77348903e+00   2.22276918e-11  -6.56459679e-12  -1.11787431e-11
  4.06400000e-05  -7.91577382e-01   1.71518251e-01  -1.65229109e+00   1.25799826e-11  -1.90803344e-11  -8.00746028e-12
  4.07200000e-05  -5.21305324e-01   1.19874518e-01  -1.59623870e+00   2.46535045e-12  -2.22528902e-11  -2.47629305e-12
  4.08000000e-05  -5.70300386e-01   1.42470891e-01  -1.44469200e+00  -6.61937474e-12  -1.98876199e-11   6.51782559e-13
  4.08800000e-05  -6.41461222e-01   1.72962622e-01  -1.27942946e+00  -1.31295178e-11  -1.38367137e-11   4.71213335e-12
  4.09600000e-05  -3.89912788e-01   1.01717411e-01  -1.37233170e+00  -1.80481361e-11  -6.02907421e-12   4.68103829e-12
  4.10400000e-05  -2.73699642e-01   6.97138690e-02  -1.46298494e+00  -2.01865854e-11   2.22258889e-12   3.88247776e-12
  4.11200000e-05  -2.92706748e-01   7.95925253e-02  -1.49475566e+00  -1.84147434e-11   1.00295366e-11   4.14007182e-12
  4.12000000e-05  -3.82705574e-01   1.13223984e-01  -1.52380946e+00  -1.31894789e-11   1.73579114e-11   4.60229390e-12
  4.12800000e-05  -3.95713659e-01   1.25362030e-01  -1.61188881e+00  -4.72312816e-12   2.30802991e-11   2.95454591e-12
  4.13600000e-05  -2.65673226e-01   8.92902830e-02  -1.72673054e+00   8.55388374e-12   2.35953336e-11  -9.59639460e-14
  4.14400000e-05  -9.22402775e-02   3.32114364e-02  -1.79592302e+00   2.18930388e-11   1.39463304e-11  -8.66541765e-13
  4.15200000e-05   7.21164156e-02  -2.85184982e-02  -1.77878318e+00   2.56915702e-11  -3.16511526e-12   1.09234690e-12
  4.16000000e-05   2.10792015e-01  -9.04338470e-02  -1.72140970e+00   1.80974027e-11  -1.78686553e-11   3.15480924e-12
  4.16800000e-05   2.19412067e-01  -9.82605785e-02  -1.63551219e+00   5.80011077e-12  -2.38357601e-11   2.21015159e-12
  4.17600000e-05   4.76279827e-02  -2.22025990e-02  -1.52036983e+00  -8.75873549e-12  -2.09324408e-11   3.13040191e-14
  4.18400000e-05  -1.75943379e-01   8.15571463e-02  -1.46115994e+00  -1.96495311e-11  -1.03176807e-11   1.79016973e-12
  4.19200000e-05  -2.21999843e-01   1.04024123e-01  -1.47076663e+00  -2.25182978e-11   1.36472069e-12   3.49547123e-12
  4.20000000e-05   1.22436904e-02  -5.68822754e-03  -1.55484115e+00  -1.68668066e-11   1.67951671e-11  -1.94262089e-13
  4.20800000e-05   2.00972354e-01  -9.60563343e-02  -1.70846000e+00   1.11393740e-13   2.68046760e-11  -1.49396056e-12
  4.21600000e-05   6.44419680e-02  -3.22080007e-02  -1.75595651e+00   1.85443100e-11   2.01532245e-11   3.10905632e-13
  4.22400000e-05  -8.79377584e-02   4.71418319e-02  -1.74816745e+00   2.72310337e-11  -4.05105890e-12  -1.47904047e-12
  4.23200000e-05  -7.95105327e-02   4.60774470e-02  -1.65690929e+00   1.65509800e-11  -2.04506006e-11  -1.36295253e-12
  4.24000000e-05   9.52375388e-02  -5.65329243e-02  -1.54497230e+00  -6.14848494e-12  -2.39723891e-11   4.98172481e-13
  4.24800000e-05   1.38524564e-01  -8.24234579e-02  -1.49900773e+00  -1.98171542e-11  -1.43105153e-11  -1.04445124e-12
  4.25600000e-05  -1.09698609e-01   6.35454817e-02  -1.53036032e+00  -2.39720816e-11   6.78226936e-12   1.99997775e-12
  4.26400000e-05  -1.00405835e-01   5.77960481e-02  -1.65251142e+00  -1.31320052e-11   2.38509625e-11   1.63207425e-12
