       time             b_x              b_y              b_z              F_x              F_y              F_z
  0.00000000e+00   2.80261145e+00   1.92392246e+00  -7.16293429e+00   1.67258586e-14  -1.94574588e-14   1.31809683e-15
  8.00000000e-08   2.61870279e+00   1.80040447e+00  -7.54239201e+00   1.14625635e-15  -4.25443887e-14  -9.75756801e-15
  1.60000000e-07   2.64013610e+00   1.81523123e+00  -7.69932091e+00   2.66595404e-14  -5.09726570e-14  -2.87588273e-15
  2.40000000e-07   2.66186802e+00   1.83026678e+00  -7.85590782e+00   5.97107302e-14   3.82270343e-14   2.91382943e-14
  3.20000000e-07   2.98432359e+00   2.05068460e+00  -7.76506475e+00  -9.22926664e-14   2.24290479e-14  -2.95472460e-14
  4.00000000e-07   3.03434383e+00   2.08525479e+00  -7.99071986e+00   1.16187815e-13   4.39213436e-14   5.55820975e-14
  4.80000000e-07   3.08757879e+00   2.12202688e+00  -8.21573334e+00   1.65502877e-13  -8.09484471e-14   4.12900929e-14
  5.60000000e-07   3.14047097e+00   2.15857974e+00  -8.43762889e+00   2.06238434e-13   1.26854382e-13   1.09214463e-13
  6.40000000e-07   3.20121628e+00   2.20051447e+00  -8.65665364e+00  -3.51454872e-13  -3.36412047e-14  -1.38519001e-13
  7.20000000e-07   3.24770054e+00   2.23266453e+00  -8.86828995e+00   5.25833111e-14   5.24732455e-13   1.51362483e-13
  8.00000000e-07   3.29519172e+00   2.26547968e+00  -9.06828537e+00   2.28753554e-13   7.24340018e-13   2.64081280e-13
  8.80000000e-07   3.35170094e+00   2.30447740e+00  -9.24137486e+00  -9.40002192e-13   7.13879226e-13  -1.62907329e-13
  9.60000000e-07   3.36997432e+00   2.31701563e+00  -9.37205957e+00   5.72173486e-13  -1.66381016e-12  -2.05596666e-13
  1.04000000e-06   3.37887179e+00   2.32333859e+00  -9.36497067e+00  -6.60640029e-13   2.48885720e-12   3.79097826e-13
  1.12000000e-06   3.34352528e+00   2.29863146e+00  -9.14083095e+00  -1.95980094e-12  -2.77271906e-12  -1.41410593e-12
  1.20000000e-06   3.17954623e+00   2.18560147e+00  -8.36107990e+00  -3.83960570e-12   2.43101758e-12  -8.24650445e-13
  1.28000000e-06   2.69813464e+00   1.85131860e+00  -6.94832270e+00   1.03185778e-12  -4.20739077e-12  -7.20336371e-13
  1.36000000e-06   1.92342225e+00   1.31750225e+00  -5.41044245e+00   3.31568389e-12  -5.96974317e-13   1.03336192e-12
  1.44000000e-06   1.52503732e+00   1.04395210e+00  -4.14025857e+00  -4.84023180e-13   2.56301321e-12   4.67968263e-13
  1.52000000e-06   1.18721099e+00   8.11345641e-01  -3.28485396e+00   5.90426821e-13   1.78704267e-12   6.54784205e-13
  1.60000000e-06   9.54383820e-01   6.52086915e-01  -2.70277611e+00   7.60221727e-13   1.20705534e-12   5.59664675e-13
  1.68000000e-06   8.11146134e-01   5.54465506e-01  -2.27587896e+00  -1.08092668e-12   4.87806909e-13  -2.66410211e-13
  1.76000000e-06   6.70033388e-01   4.59023480e-01  -1.96974148e+00   6.16063646e-14   9.57698262e-13   2.44135749e-13
  1.84000000e-06   5.80510270e-01   3.98232119e-01  -1.74594287e+00  -3.69220483e-13  -6.94890538e-13  -2.81260070e-13
  1.92000000e-06   4.97585496e-01   3.42558643e-01  -1.57087131e+00   3.30242004e-13  -6.31468173e-13  -3.30970776e-14
  2.00000000e-06   4.39416078e-01   3.04026044e-01  -1.43105927e+00   9.53063124e-14  -6.09223072e-13  -1.00163953e-13
  2.08000000e-06   3.94694592e-01   2.74859691e-01  -1.31694808e+00  -5.03097158e-13  -1.44745630e-13  -1.80990025e-13
  2.16000000e-06   3.44978202e-01   2.42214250e-01  -1.22865983e+00   1.68121231e-13   4.47713169e-13   1.35465217e-13
  2.24000000e-06   3.13706229e-01   2.20848948e-01  -1.16062189e+00  -7.36948588e-14  -4.39300685e-13  -1.03511429e-13
  2.32000000e-06   2.80401443e-01   1.99733590e-01  -1.09798265e+00   2.05553712e-13   3.46745587e-13   1.15570404e-13
  2.40000000e-06   2.61278930e-01   1.87192174e-01  -1.04901919e+00  -3.73607387e-13  -6.19113355e-14  -1.04102057e-13
  2.48000000e-06   2.35853328e-01   1.70242863e-01  -1.00942599e+00   1.83118184e-13  -3.18755066e-13  -1.09733074e-14
  2.56000000e-06   2.17124635e-01   1.58389388e-01  -9.70533105e-01   2.88978643e-13   1.67898484e-13   9.20501527e-14
  2.64000000e-06   2.05506466e-01   1.51117453e-01  -9.37709544e-01  -8.36537517e-14   3.17784953e-13   3.28795477e-14
  2.72000000e-06   1.95334017e-01   1.44659197e-01  -9.11280010e-01  -2.98763535e-13   9.29808329e-14  -4.92802962e-14
  2.80000000e-06   1.85801549e-01   1.38330577e-01  -8.87445629e-01  -2.55145020e-13  -1.49300012e-13  -7.66910048e-14
  2.88000000e-06   1.77472864e-01   1.33079152e-01  -8.65353271e-01  -1.12195543e-13  -2.63900145e-13  -6.35939953e-14
  2.96000000e-06   1.70924339e-01   1.29099187e-01  -8.44290246e-01   1.33093975e-14  -2.79669152e-13  -4.00693486e-14
  3.04000000e-06   1.65986707e-01   1.26133311e-01  -8.24388592e-01   8.77166511e-14  -2.57874765e-13  -2.17940907e-14
  3.12000000e-06   1.62959858e-01   1.24648633e-01  -8.05132054e-01   1.17663734e-13  -2.37132464e-13  -1.28969801e-14
  3.20000000e-06   1.63199865e-01   1.25047956e-01  -7.86510219e-01   1.12718327e-13  -2.30892104e-13  -1.33208314e-14
  3.28000000e-06   1.65955937e-01   1.27057286e-01  -7.68260896e-01   7.80413818e-14  -2.37477733e-13  -2.24166629e-14
  3.36000000e-06   1.67872881e-01   1.28847790e-01  -7.51045944e-01   1.31799063e-14  -2.40344746e-13  -3.82870592e-14
  3.44000000e-06   1.72057857e-01   1.31999310e-01  -7.33183542e-01  -7.63296094e-14  -2.16922622e-13  -5.69662887e-14
  3.52000000e-06   1.76686707e-01   1.35749391e-01  -7.15630674e-01  -1.68190292e-13  -1.41552228e-13  -6.83769148e-14
  3.60000000e-06   1.81950936e-01   1.39742860e-01  -6.97041939e-01  -2.15195608e-13  -8.81500913e-15  -5.79403829e-14
  3.68000000e-06   1.88672939e-01   1.44939366e-01  -6.77435591e-01  -1.65997736e-13   1.38869734e-13  -1.65205220e-14
  3.76000000e-06   1.95142869e-01   1.49923848e-01  -6.57943566e-01  -1.51175221e-14   2.08064461e-13   4.29273108e-14
  3.84000000e-06   2.04350248e-01   1.56837215e-01  -6.40070349e-01   1.50401877e-13   1.23337084e-13   7.82390649e-14
  3.92000000e-06   2.15383182e-01   1.64615911e-01  -6.23439895e-01   1.84614137e-13  -7.19466716e-14   4.47825262e-14
  4.00000000e-06   2.29154159e-01   1.74456148e-01  -6.07311650e-01   3.20218619e-14  -1.89466313e-13  -4.23433676e-14
  4.08000000e-06   2.43662559e-01   1.85245946e-01  -5.89273301e-01  -1.52196474e-13  -7.60497648e-14  -8.68399990e-14
  4.16000000e-06   2.57559078e-01   1.95656998e-01  -5.68422536e-01  -1.29338924e-13   1.37849520e-13  -1.11557693e-14
  4.24000000e-06   2.71641233e-01   2.05277896e-01  -5.47982268e-01   7.43529424e-14   1.49519364e-13   9.28685990e-14
  4.32000000e-06   2.89810054e-01   2.17820693e-01  -5.30850431e-01   1.66145018e-13  -6.06954413e-14   6.57996516e-14
  4.40000000e-06   3.11993497e-01   2.33450654e-01  -5.15581954e-01   1.05357454e-14  -1.69959534e-13  -7.05805935e-14
  4.48000000e-06   3.35443797e-01   2.50311226e-01  -4.97505897e-01  -1.52611498e-13  -3.21703638e-15  -1.04517034e-13
  4.56000000e-06   3.56911345e-01   2.65551817e-01  -4.77317941e-01  -8.16525772e-14   1.71229138e-13   3.42067122e-14
  4.64000000e-06   3.81755120e-01   2.82532138e-01  -4.58559809e-01   1.00941426e-13   9.73251505e-14   1.43999513e-13
  4.72000000e-06   4.10503527e-01   3.01949042e-01  -4.44242537e-01   1.60567593e-13  -1.01383580e-13   7.94630982e-14
  4.80000000e-06   4.43042400e-01   3.24536746e-01  -4.31055943e-01   6.06031177e-14  -1.85944624e-13  -7.77071117e-14
  4.88000000e-06   4.76033156e-01   3.47633053e-01  -4.17458204e-01  -7.52732913e-14  -1.07670456e-13  -1.75496352e-13
  4.96000000e-06   5.10565250e-01   3.71944299e-01  -4.02880810e-01  -1.54499263e-13   2.44670158e-14  -1.73206532e-13
  5.04000000e-06   5.46635402e-01   3.96628426e-01  -3.88246954e-01  -1.77958293e-13   1.21818591e-13  -1.26109391e-13
  5.12000000e-06   5.84483788e-01   4.22090194e-01  -3.74982327e-01  -1.83928069e-13   1.69222651e-13  -9.62065407e-14
  5.20000000e-06   6.26144556e-01   4.50416790e-01  -3.63015570e-01  -1.95724180e-13   1.70503162e-13  -1.26039066e-13
  5.28000000e-06   6.68384502e-01   4.78671606e-01  -3.52761751e-01  -1.89883591e-13   1.00312222e-13  -2.23659840e-13
  5.36000000e-06   7.13695888e-01   5.08242856e-01  -3.42283690e-01  -8.54923539e-14  -8.96548188e-14  -3.11384871e-13
  5.44000000e-06   7.59336184e-01   5.37648504e-01  -3.30147094e-01   1.55058246e-13  -3.01038757e-13  -1.33612264e-13
  5.52000000e-06   8.05736874e-01   5.68885760e-01  -3.16729468e-01   1.97825697e-13  -9.59974658e-14   3.30830813e-13
  5.60000000e-06   8.55670217e-01   6.03879564e-01  -3.08462752e-01  -2.20556792e-13   3.57131477e-13   8.73380075e-14
  5.68000000e-06   9.08262228e-01   6.36667660e-01  -3.01900344e-01   4.56895632e-14  -2.48829700e-13  -3.87292431e-13
  5.76000000e-06   9.58512901e-01   6.71031035e-01  -2.87377331e-01   6.68069821e-14   1.12845726e-13   4.86323463e-13
  5.84000000e-06   1.01420640e+00   7.07159447e-01  -2.83201957e-01  -4.94259536e-14  -1.38258476e-13  -5.22238292e-13
  5.92000000e-06   1.06718930e+00   7.43390781e-01  -2.69151438e-01  -1.32363552e-13   3.53433018e-13   4.51351408e-13
  6.00000000e-06   1.12471119e+00   7.78399350e-01  -2.61874743e-01   3.69847878e-13  -5.11599106e-13   6.77561923e-14
  6.08000000e-06   1.18225818e+00   8.18391776e-01  -2.54488119e-01  -8.46719470e-14  -8.72084706e-14  -6.73802762e-13
  6.16000000e-06   1.23975282e+00   8.58101911e-01  -2.43203536e-01  -4.18804795e-13   5.11048639e-13  -3.31749334e-13
  6.24000000e-06   1.29820347e+00   8.97041434e-01  -2.31494721e-01  -4.35723014e-13   6.58550716e-13   1.08383256e-13
  6.32000000e-06   1.35707498e+00   9.36049655e-01  -2.20769210e-01  -4.54613174e-13   7.02984004e-13   1.86093758e-13
  6.40000000e-06   1.41781403e+00   9.76188698e-01  -2.10467718e-01  -5.30287765e-13   7.25970064e-13  -2.05093984e-13
  6.48000000e-06   1.47914314e+00   1.01526111e+00  -2.00355302e-01  -2.81529493e-13   2.28389184e-13  -9.21102461e-13
  6.56000000e-06   1.54043276e+00   1.05255675e+00  -1.86521691e-01   5.17578139e-13  -8.30642210e-13  -4.12840682e-13
  6.64000000e-06   1.59923179e+00   1.09413839e+00  -1.70335532e-01   1.92040796e-14   1.47794554e-13   1.12964963e-12
  6.72000000e-06   1.66096509e+00   1.13551946e+00  -1.59413759e-01  -3.56111055e-13   3.65533270e-13  -1.10666665e-12
  6.80000000e-06   1.71999434e+00   1.17205289e+00  -1.41302239e-01   3.57346564e-13  -3.80434766e-13   1.19420898e-12
  6.88000000e-06   1.78108257e+00   1.21333023e+00  -1.28238307e-01   4.77788257e-14  -2.15453376e-13  -1.37492506e-12
  6.96000000e-06   1.83608739e+00   1.25362189e+00  -1.09327106e-01  -7.68457537e-13   1.16911004e-12   5.00029151e-13
  7.04000000e-06   1.89330558e+00   1.28715443e+00  -9.06880946e-02   3.19235526e-13  -3.63481925e-13   1.50574374e-12
  7.12000000e-06   1.95220422e+00   1.32330287e+00  -7.21508761e-02   9.28228268e-13  -1.34795246e-12   3.92812761e-13
  7.20000000e-06   2.00760382e+00   1.35969166e+00  -5.18953987e-02   9.53678288e-13  -1.42748282e-12  -5.07334215e-13
  7.28000000e-06   2.06064507e+00   1.39469576e+00  -2.96748490e-02   1.00540294e-12  -1.49828369e-12  -6.02236976e-13
  7.36000000e-06   2.11139062e+00   1.42782225e+00  -5.82947635e-03   1.12276975e-12  -1.65927911e-12   2.48715732e-13
  7.44000000e-06   2.15876271e+00   1.46088222e+00   1.97567550e-02   6.07736537e-13  -9.22840691e-13   1.83241547e-12
  7.52000000e-06   2.20283334e+00   1.49681656e+00   4.57885551e-02  -9.43320728e-13   1.34027138e-12   1.56890636e-12
  7.60000000e-06   2.25020635e+00   1.52738567e+00   7.48424355e-02  -6.64770220e-13   1.07926470e-12  -2.03872666e-12
  7.68000000e-06   2.29617097e+00   1.54861164e+00   1.03014459e-01   1.41128793e-12  -2.10302214e-12   1.57319679e-13
  7.76000000e-06   2.33044532e+00   1.58315733e+00   1.34020613e-01  -1.37133044e-12   1.90931648e-12   1.29131055e-12
  7.84000000e-06   2.37678529e+00   1.60266279e+00   1.68320652e-01   1.30898601e-12  -1.75169207e-12  -1.80493007e-12
  7.92000000e-06   2.40416505e+00   1.63217044e+00   2.00933911e-01  -1.53419670e-12   2.07360911e-12   1.51282886e-12
  8.00000000e-06   2.44490846e+00   1.64494973e+00   2.37361985e-01   1.76690569e-12  -2.61213330e-12  -9.72973758e-14
  8.08000000e-06   2.47181658e+00   1.67603285e+00   2.75471560e-01  -1.15018833e-12   2.07934084e-12  -2.33050907e-12
  8.16000000e-06   2.49559082e+00   1.68893967e+00   3.08322759e-01  -8.86932714e-13   7.06089589e-13   3.31107059e-12
  8.24000000e-06   2.52957596e+00   1.70000639e+00   3.50054687e-01   1.99682935e-12  -3.06501656e-12   4.55403764e-13
  8.32000000e-06   2.55322666e+00   1.72336004e+00   3.93318895e-01   8.14666428e-13  -3.43637546e-13  -3.78272401e-12
  8.40000000e-06   2.56711681e+00   1.74375272e+00   4.30780005e-01  -1.79659197e-12   3.11966319e-12  -1.92176920e-12
  8.48000000e-06   2.58183957e+00   1.75400760e+00   4.65315919e-01  -2.32675509e-12   2.83909230e-12   2.20821778e-12
  8.56000000e-06   2.59942284e+00   1.75874964e+00   5.00676491e-01  -1.04511432e-12   3.03533468e-13   4.35981055e-12
  8.64000000e-06   2.61775050e+00   1.76343474e+00   5.38808941e-01   5.78226129e-13  -2.13162277e-12   4.16720238e-12
  8.72000000e-06   2.63387828e+00   1.76948132e+00   5.76160376e-01   1.78286499e-12  -3.59730040e-12   2.89764197e-12
  8.80000000e-06   2.64717438e+00   1.77597080e+00   6.11548941e-01   2.49538956e-12  -4.26804256e-12   1.59298397e-12
  8.88000000e-06   2.65782594e+00   1.78231948e+00   6.43703713e-01   2.88444778e-12  -4.56140085e-12   7.20072689e-13
  8.96000000e-06   2.66711506e+00   1.78813084e+00   6.71179222e-01   3.09814771e-12  -4.77116932e-12   3.99831513e-13
  9.04000000e-06   2.67149564e+00   1.79102820e+00   6.92572155e-01   3.18374256e-12  -4.99871138e-12   6.46111304e-13
  9.12000000e-06   2.67659481e+00   1.79459533e+00   7.07537035e-01   3.14221066e-12  -5.21144545e-12   1.33139452e-12
  9.20000000e-06   2.67759172e+00   1.79629746e+00   7.14721566e-01   2.90166525e-12  -5.28572948e-12   2.41390166e-12
  9.28000000e-06   2.67568397e+00   1.79678635e+00   7.14222592e-01   2.48326784e-12  -5.13772140e-12   3.62204693e-12
  9.36000000e-06   2.67106289e+00   1.79597760e+00   7.05759238e-01   1.98266526e-12  -4.80284912e-12   4.71830282e-12
  9.44000000e-06   2.66300276e+00   1.79275942e+00   6.88939152e-01   1.60851259e-12  -4.49552517e-12   5.48077668e-12
  9.52000000e-06   2.65715479e+00   1.79011122e+00   6.63489206e-01   1.54200176e-12  -4.45961564e-12   5.85672024e-12
  9.60000000e-06   2.64817098e+00   1.78363511e+00   6.30292110e-01   1.98829608e-12  -4.94505091e-12   5.63995390e-12
  9.68000000e-06   2.63793274e+00   1.77416665e+00   5.91004772e-01   3.03018553e-12  -5.96055169e-12   4.36813123e-12
  9.76000000e-06   2.62472391e+00   1.76270184e+00   5.46846423e-01   4.35652458e-12  -6.84400367e-12   1.15071362e-12
  9.84000000e-06   2.60714144e+00   1.75499357e+00   4.98438198e-01   4.55587439e-12  -5.53227048e-12  -4.35101049e-12
  9.92000000e-06   2.57360380e+00   1.75182949e+00   4.41415810e-01   1.06890997e-12   5.58864094e-13  -8.45004930e-12
  1.00000000e-05   2.51996428e+00   1.73808355e+00   3.67429074e-01  -4.57638976e-12   7.03406876e-12  -1.88733149e-12
  1.00800000e-05   2.47463371e+00   1.68753009e+00   2.88265523e-01  -6.68013362e-13  -4.82366740e-13   8.55841777e-12
  1.01600000e-05   2.43581910e+00   1.64744382e+00   2.29686583e-01   3.88888228e-12  -4.93339975e-12  -5.85630549e-12
  1.02400000e-05   2.33880457e+00   1.61680511e+00   1.52595483e-01  -4.21215532e-12   5.65979581e-12   4.59136358e-12
  1.03200000e-05   2.27066500e+00   1.54714290e+00   8.90745696e-02   2.04275037e-12  -2.56550644e-12  -7.51276927e-12
  1.04000000e-05   2.15937784e+00   1.46442161e+00   2.15099957e-02   3.86302525e-12  -5.74917694e-12   3.60240909e-12
  1.04800000e-05   2.02591388e+00   1.38357316e+00  -3.75313562e-02   2.20366301e-12  -3.05734661e-12   6.24461224e-12
  1.05600000e-05   1.88145815e+00   1.28130748e+00  -9.34363013e-02   3.63656859e-12  -5.19206373e-12   2.02727954e-12
  1.06400000e-05   1.71043616e+00   1.18652397e+00  -1.50703040e-01  -1.28926409e-12   1.13938842e-12  -5.66207712e-12
  1.07200000e-05   1.52525007e+00   1.04886534e+00  -1.81467907e-01   2.50649383e-12  -3.10229493e-12   3.13631349e-12
  1.08000000e-05   1.32450644e+00   9.23964691e-01  -2.13604866e-01   6.79263245e-13  -1.17278738e-14   4.16119922e-12
  1.08800000e-05   1.13016088e+00   7.87513769e-01  -2.52768377e-01   1.91975498e-12  -2.20599368e-12   1.71058410e-12
  1.09600000e-05   9.38471745e-01   6.72549384e-01  -3.02983660e-01  -1.29378153e-12   8.44695995e-13  -2.13238442e-12
  1.10400000e-05   7.55985104e-01   5.39694946e-01  -3.29214215e-01   1.10424324e-12  -1.67542636e-12  -2.10889136e-13
  1.11200000e-05   5.87973794e-01   4.28198561e-01  -3.60300229e-01   1.06806414e-12  -9.05472036e-13   6.66865805e-13
  1.12000000e-05   4.51687746e-01   3.35573314e-01  -4.16788879e-01   7.65626214e-13  -9.63519814e-13   5.39660330e-14
  1.12800000e-05   3.53307723e-01   2.69390012e-01  -4.85160165e-01  -2.93454096e-13  -7.45750050e-13  -6.27786935e-13
  1.13600000e-05   2.75560560e-01   2.17353899e-01  -5.37277973e-01  -8.76638360e-13   5.08363704e-13  -2.43955887e-13
  1.14400000e-05   2.12677243e-01   1.70863462e-01  -5.86460353e-01   1.18383669e-13   1.06393485e-12   3.52905533e-13
  1.15200000e-05   1.74873024e-01   1.39988162e-01  -6.49827546e-01   1.07661666e-12   4.38429421e-13   3.84172910e-13
  1.16000000e-05   1.63618625e-01   1.30499147e-01  -7.17951096e-01   1.28933572e-12  -4.06894117e-13   2.19875705e-13
  1.16800000e-05   1.68406408e-01   1.33400618e-01  -7.85330527e-01   1.28372495e-12  -8.39369489e-13   1.32702215e-13
  1.17600000e-05   1.94820193e-01   1.51151674e-01  -8.61782600e-01   1.67501112e-12  -5.36915212e-13   2.84492117e-13
  1.18400000e-05   2.56537685e-01   1.96052555e-01  -9.70043903e-01   1.38107830e-12   1.51244012e-12   6.70914357e-13
  1.19200000e-05   4.17442349e-01   3.09271351e-01  -1.18004300e+00  -2.84747860e-12  -5.09451364e-13  -1.14082018e-12
  1.20000000e-05   6.15449150e-01   4.51386756e-01  -1.56851934e+00  -3.36345035e-12   3.63785462e-12  -2.72839010e-13
  1.20800000e-05   7.80264755e-01   5.64739674e-01  -2.32850364e+00   8.23608107e-12  -1.27832033e-12   2.44981604e-12
  1.21600000e-05   1.03902736e+00   7.57122269e-01  -2.41688173e+00  -5.44000968e-12   8.39790178e-12   2.92078661e-13
  1.22400000e-05   6.83324074e-01   5.00343615e-01  -1.75686678e+00   3.00372151e-13   5.88738553e-12   1.79351520e-12
  1.23200000e-05   4.44979669e-01   3.30971570e-01  -1.24994806e+00   4.01614092e-13   3.46042636e-12   1.05925430e-12
  1.24000000e-05   3.24976027e-01   2.42696313e-01  -1.02058857e+00  -8.71006219e-13  -2.33422756e-12  -8.32426102e-13
  1.24800000e-05   2.20595280e-01   1.68964261e-01  -8.88189548e-01   1.53130467e-12  -1.30447660e-12   1.32166224e-13
  1.25600000e-05   1.81761340e-01   1.43522353e-01  -8.00115144e-01   1.60567100e-12  -5.71386396e-13   2.62264993e-13
  1.26400000e-05   1.77848219e-01   1.41383395e-01  -7.36259768e-01   1.33075244e-12  -7.80122439e-13   1.71645388e-13
  1.27200000e-05   2.00230347e-01   1.58742432e-01  -6.81344628e-01   6.08881199e-13  -1.27311141e-12  -1.17679518e-13
  1.28000000e-05   2.50922873e-01   1.99508268e-01  -6.22895202e-01  -5.73823660e-13  -1.01264732e-12  -5.55497930e-13
  1.28800000e-05   3.14650903e-01   2.50775270e-01  -5.48992647e-01  -1.07509731e-12   4.02479021e-13  -4.32334670e-13
  1.29600000e-05   3.97614742e-01   3.15944083e-01  -4.69023832e-01  -3.92401558e-13   1.22467433e-12   4.92307532e-13
  1.30400000e-05   5.20843955e-01   4.07446191e-01  -4.05737095e-01   1.52223474e-13   1.07036595e-12   1.27028366e-12
  1.31200000e-05   6.79336188e-01   5.27492699e-01  -3.62176845e-01  -4.35138815e-13   1.54246496e-12   1.43033291e-12
  1.32000000e-05   8.66277394e-01   6.65092402e-01  -3.46975846e-01  -1.66642952e-12   1.11818067e-12  -2.01713394e-12
  1.32800000e-05   1.05633155e+00   7.91969427e-01  -2.86261984e-01   1.81195388e-12  -1.33864544e-12   2.98278441e-12
  1.33600000e-05   1.26173700e+00   9.36371157e-01  -2.66490615e-01   2.46130964e-12  -3.76993878e-12  -1.59306364e-12
  1.34400000e-05   1.45212430e+00   1.07235215e+00  -2.20151074e-01   3.54957225e-12  -4.65905712e-12   7.18916387e-13
  1.35200000e-05   1.61202496e+00   1.21615253e+00  -1.69394599e-01  -2.37645702e-12   3.89798203e-12   5.36990370e-12
  1.36000000e-05   1.78462868e+00   1.31237731e+00  -1.33572329e-01   4.46071074e-12  -6.33532807e-12  -2.64746810e-12
  1.36800000e-05   1.90175693e+00   1.41990346e+00  -9.16193856e-02  -8.03630166e-13   4.84154465e-13  -9.17771533e-12
  1.37600000e-05   1.98889116e+00   1.49251074e+00  -5.03498671e-02  -2.67398425e-12   3.25359016e-12  -9.18066697e-12
  1.38400000e-05   2.05160155e+00   1.53086732e+00  -1.98691713e-02  -4.95079733e-13   5.23696887e-13  -1.07702477e-11
  1.39200000e-05   2.08291186e+00   1.53606939e+00  -5.68490635e-03   4.20070903e-12  -5.72843487e-12  -8.71900996e-12
  1.40000000e-05   2.07162721e+00   1.51846027e+00  -9.73083452e-03   6.72675814e-12  -9.18224290e-12  -7.74430301e-13
  1.40800000e-05   2.01889609e+00   1.48472617e+00  -3.12582235e-02   5.94634794e-12  -7.97385536e-12   5.31274287e-12
  1.41600000e-05   1.93479345e+00   1.42494892e+00  -6.92734061e-02   5.91483332e-12  -7.80653520e-12   4.62034228e-12
  1.42400000e-05   1.81453042e+00   1.34097621e+00  -1.25170874e-01   4.69667049e-12  -6.87775751e-12  -5.59760987e-12
  1.43200000e-05   1.62250352e+00   1.24372330e+00  -1.74092886e-01  -5.41093926e-12   6.89643604e-12  -1.16035631e-12
  1.44000000e-05   1.43731286e+00   1.07431483e+00  -2.36322881e-01   2.33895392e-12  -4.34359705e-12  -5.52033791e-12
  1.44800000e-05   1.20407937e+00   9.04790436e-01  -2.83701111e-01   2.09362130e-12  -3.95560425e-12  -3.72965294e-12
  1.45600000e-05   9.52946443e-01   7.45863641e-01  -3.22152083e-01  -2.79045488e-12   2.86801791e-12  -1.61415619e-12
  1.46400000e-05   7.31758576e-01   5.63356095e-01  -3.72152732e-01   1.26818753e-12  -2.49398169e-12  -1.28171216e-12
  1.47200000e-05   5.26458455e-01   4.13622835e-01  -4.15409951e-01   1.40597447e-12  -1.71495795e-12   7.42432286e-14
  1.48000000e-05   3.81522352e-01   3.08247747e-01  -4.93352726e-01   2.64951968e-13  -1.52620561e-12  -7.48682076e-13
  1.48800000e-05   2.85122092e-01   2.40253382e-01  -5.62386564e-01  -1.41248455e-12  -1.84795222e-13  -7.95054960e-13
  1.49600000e-05   2.15739648e-01   1.86647053e-01  -6.08498168e-01  -9.84214780e-13   1.47883872e-12   1.04662171e-13
  1.50400000e-05   1.84597061e-01   1.59387647e-01  -6.60135924e-01   4.82376480e-13   1.75684357e-12   5.59073413e-13
  1.51200000e-05   1.97515161e-01   1.68591573e-01  -7.25997099e-01   1.39949464e-12   1.44787266e-12   7.16973303e-13
  1.52000000e-05   2.66263114e-01   2.23664931e-01  -8.19090086e-01   1.24961666e-12   2.09850979e-12   9.79245000e-13
  1.52800000e-05   4.64406304e-01   3.81104304e-01  -1.00378065e+00  -3.38125537e-12   2.21723532e-12  -7.22546691e-13
  1.53600000e-05   6.48100761e-01   5.23179532e-01  -1.47712935e+00   2.85041721e-12   5.65821065e-12   3.25470316e-12
  1.54400000e-05   1.03494502e+00   8.18147639e-01  -2.13089765e+00   3.80479016e-12  -1.17635893e-11  -2.66864258e-12
  1.55200000e-05   9.05085450e-01   7.27366373e-01  -1.49034554e+00  -7.30219026e-12   1.82900958e-12  -3.54196122e-12
  1.56000000e-05   5.01201832e-01   4.13255350e-01  -1.01912835e+00  -1.29026939e-12   4.06640312e-12   1.01437416e-12
  1.56800000e-05   3.49498663e-01   2.89236616e-01  -8.45545216e-01  -2.56689441e-12  -1.07025494e-12  -1.42710651e-12
  1.57600000e-05   2.49035763e-01   2.09937867e-01  -7.72672240e-01  -1.75914847e-12  -1.56264262e-12  -9.91557221e-13
  1.58400000e-05   2.22930412e-01   1.91243067e-01  -7.15601145e-01  -1.94754667e-12  -6.76686561e-13  -7.87560219e-13
  1.59200000e-05   2.44683014e-01   2.12120759e-01  -6.47232061e-01  -1.73019799e-12   8.78091392e-13  -3.66311653e-13
  1.60000000e-05   3.00659274e-01   2.60375345e-01  -5.62263278e-01  -4.49795254e-13   1.81673009e-12   6.00780139e-13
  1.60800000e-05   4.10263666e-01   3.50461967e-01  -4.82203923e-01   7.41171256e-13   1.34117605e-12   1.60535159e-12
  1.61600000e-05   5.78210991e-01   4.89408139e-01  -4.18176265e-01   7.74234013e-13   1.18386371e-12   2.45605320e-12
  1.62400000e-05   7.89299998e-01   6.75181482e-01  -3.84382897e-01  -2.34331464e-12   3.09916089e-12   6.31968300e-13
  1.63200000e-05   1.03508568e+00   8.48283084e-01  -3.42500887e-01   3.39143358e-12  -4.29594936e-12  -3.90529900e-13
  1.64000000e-05   1.26948090e+00   1.04761978e+00  -3.07621972e-01   1.38703514e-12  -3.52948363e-12  -6.29585145e-12
  1.64800000e-05   1.47617311e+00   1.20348408e+00  -2.36797769e-01   5.83969855e-12  -7.07675176e-12   4.37706626e-13
  1.65600000e-05   1.61401647e+00   1.36996765e+00  -1.82577772e-01  -6.70494463e-12   8.21697242e-12   2.38306830e-12
  1.66400000e-05   1.74128140e+00   1.42811185e+00  -1.36109308e-01   5.44067931e-12  -5.75988503e-12   9.16905396e-12
  1.67200000e-05   1.80558449e+00   1.47306259e+00  -1.28721930e-01   7.15942368e-12  -9.26064542e-12  -5.55123771e-12
  1.68000000e-05   1.78276420e+00   1.48669186e+00  -1.41639993e-01  -8.11644577e-13  -2.73019672e-13  -1.30815243e-11
  1.68800000e-05   1.67335415e+00   1.42954352e+00  -1.62089472e-01  -7.97337647e-12   9.43595624e-12   9.05842329e-13
  1.69600000e-05   1.54892908e+00   1.27051344e+00  -2.07785731e-01   6.83821824e-12  -7.70606657e-12   3.85615471e-12
  1.70400000e-05   1.31669116e+00   1.12233182e+00  -2.53528153e-01  -2.58943806e-12   4.68425943e-12   7.28835514e-12
  1.71200000e-05   1.07007696e+00   9.12711209e-01  -3.02413626e-01  -2.25721579e-13   2.39116682e-12   6.41804844e-12
  1.72000000e-05   8.31336101e-01   7.00890487e-01  -4.00217937e-01   1.27040670e-12  -3.37287361e-12  -3.26791969e-12
  1.72800000e-05   5.79300480e-01   4.94967250e-01  -4.22049788e-01   2.48150586e-12  -1.43149622e-12   1.72726965e-12
  1.73600000e-05   3.94028629e-01   3.44160457e-01  -4.93599446e-01   2.09769087e-12  -1.13626173e-12   8.82281987e-13
  1.74400000e-05   2.87857699e-01   2.56640459e-01  -5.86561623e-01   7.58145674e-13  -2.05907887e-12  -5.28853004e-13
  1.75200000e-05   2.36315410e-01   2.15736929e-01  -6.54249983e-01  -1.57714336e-12  -1.44292469e-12  -1.04546494e-12
  1.76000000e-05   2.33300905e-01   2.16145050e-01  -6.88878010e-01  -2.55040613e-12   2.71691383e-13  -7.78493875e-13
  1.76800000e-05   3.12135355e-01   2.87304179e-01  -7.26743494e-01  -2.87532406e-12   1.16723745e-12  -7.73502762e-13
  1.77600000e-05   5.18809716e-01   4.65303850e-01  -8.42200745e-01  -3.27666051e-12  -1.60420374e-12  -2.90477716e-12
  1.78400000e-05   7.02575657e-01   6.32240520e-01  -1.15178348e+00   2.94087353e-12   5.21878717e-12   4.65861418e-12
  1.79200000e-05   1.28377800e+00   1.14874543e+00  -1.48345209e+00  -1.12649734e-11   2.69021806e-12  -7.66546445e-12
  1.80000000e-05   8.27947749e-01   7.38067245e-01  -1.26576748e+00   7.72438435e-12  -3.40372477e-12   3.06786906e-12
  1.80800000e-05   6.23598838e-01   5.61962319e-01  -8.51693004e-01  -2.80391662e-12  -2.69240587e-12  -3.82948994e-12
  1.81600000e-05   3.57806815e-01   3.21073776e-01  -7.60115757e-01   1.47929239e-12  -3.19668505e-12  -6.53940978e-13
  1.82400000e-05   2.54463037e-01   2.30479003e-01  -7.19984713e-01   1.12052253e-12  -2.74932525e-12  -4.84079966e-13
  1.83200000e-05   2.48369418e-01   2.27070929e-01  -6.90389997e-01  -2.40016092e-13  -2.60144372e-12  -9.41967441e-13
  1.84000000e-05   3.10310933e-01   2.87515109e-01  -6.40942831e-01  -1.73006412e-12  -1.39250956e-12  -1.46226045e-12
  1.84800000e-05   4.22996149e-01   3.98043257e-01  -5.70016469e-01  -2.43930016e-12   3.14137615e-13  -1.59078600e-12
  1.85600000e-05   6.02849116e-01   5.67091442e-01  -5.08659399e-01  -2.52873580e-12   1.46308207e-14  -2.98067652e-12
  1.86400000e-05   8.33972452e-01   7.61253291e-01  -4.27278946e-01   3.57463872e-12  -4.30333419e-12  -6.89893794e-13
  1.87200000e-05   1.06398770e+00   1.01404544e+00  -3.82390530e-01  -5.22655373e-12   3.66917575e-12  -4.81256148e-12
  1.88000000e-05   1.28178178e+00   1.22384173e+00  -3.22220813e-01  -6.52706217e-12   5.16920495e-12  -6.33100218e-12
  1.88800000e-05   1.47185056e+00   1.35023985e+00  -2.66467940e-01   6.59319691e-12  -8.47257051e-12  -6.51411117e-12
  1.89600000e-05   1.51156553e+00   1.45146849e+00  -2.14361876e-01  -7.52315389e-12   8.89827664e-12   7.20197086e-12
  1.90400000e-05   1.54616905e+00   1.41715193e+00  -2.29873421e-01   9.17521049e-12  -1.03045739e-11  -1.81282468e-12
  1.91200000e-05   1.40467335e+00   1.35934629e+00  -2.56419769e-01  -8.19681694e-12   9.14238579e-12   3.56375783e-12
  1.92000000e-05   1.24695801e+00   1.18811233e+00  -3.44530268e-01  -3.40632794e-12   6.12919375e-13  -1.02148669e-11
  1.92800000e-05   9.94041550e-01   9.63264976e-01  -4.00695763e-01  -5.20041781e-12   3.17219745e-12  -5.27523590e-12
  1.93600000e-05   7.27635776e-01   6.86981717e-01  -4.14305376e-01   3.42973518e-12  -1.14546608e-12   4.12421335e-12
  1.94400000e-05   4.87671690e-01   4.78346702e-01  -4.75732706e-01   3.18841294e-13   2.52517610e-12   2.86589405e-12
  1.95200000e-05   3.21068406e-01   3.17112349e-01  -5.45899006e-01   1.27930057e-12   2.03522357e-12   1.93467566e-12
  1.96000000e-05   2.36725471e-01   2.32991782e-01  -6.16278333e-01   2.59796134e-12   5.99705943e-13   1.22465798e-12
  1.96800000e-05   2.29411567e-01   2.24756034e-01  -6.72120799e-01   2.75049579e-12  -1.30550804e-12   5.02253078e-13
  1.97600000e-05   3.15499243e-01   3.08143090e-01  -7.04345716e-01   2.62362701e-12  -2.51341316e-12   7.56183173e-14
  1.98400000e-05   4.86226371e-01   4.77061752e-01  -7.67609818e-01   4.43026887e-12  -5.71156990e-13   2.45129277e-12
  1.99200000e-05   9.60145781e-01   9.61871138e-01  -9.40237243e-01  -6.85741613e-12  -3.81265261e-13  -7.39265251e-12
  2.00000000e-05   1.27669880e+00   1.26572807e+00  -1.16691479e+00   5.73998897e-12  -1.20708077e-11  -6.81294228e-12
  2.00800000e-05   8.22706384e-01   8.28516860e-01  -1.02117299e+00   5.77997588e-12   3.31487662e-12   7.34611497e-12
  2.01600000e-05   6.09136949e-01   6.09111965e-01  -7.84243619e-01   1.45548296e-12  -5.36853179e-12  -3.03916849e-12
  2.02400000e-05   3.28998090e-01   3.26646688e-01  -7.04257735e-01   3.29481925e-12  -1.84664189e-12   6.82690097e-13
  2.03200000e-05   2.35964348e-01   2.33340380e-01  -6.78545238e-01   2.55864697e-12  -2.10601819e-12   1.65545897e-13
  2.04000000e-05   2.52091640e-01   2.50646304e-01  -6.56445112e-01   9.53895674e-13  -2.94198372e-12  -7.56998889e-13
  2.04800000e-05   3.41174909e-01   3.47594629e-01  -6.08354679e-01  -1.17752844e-12  -2.24153331e-12  -1.94111780e-12
  2.05600000e-05   4.93096661e-01   5.14598905e-01  -5.39101535e-01  -2.08082137e-12  -1.30196248e-12  -3.14603915e-12
  2.06400000e-05   7.16575043e-01   7.37634665e-01  -4.57614728e-01   2.64913680e-12  -4.39881490e-12  -2.94224148e-12
  2.07200000e-05   9.23681083e-01   1.00693381e+00  -3.62255930e-01  -4.96207182e-12   5.93557119e-12   3.84632886e-12
  2.08000000e-05   1.14113440e+00   1.23723100e+00  -2.93163312e-01  -3.15171031e-12   5.23579874e-12   9.82854039e-12
  2.08800000e-05   1.28550412e+00   1.41838946e+00  -2.81051483e-01  -1.02906998e-11   8.48750369e-12  -4.23463779e-12
  2.09600000e-05   1.36676302e+00   1.43031352e+00  -2.69341672e-01   9.05916998e-12  -9.87060870e-12  -6.44655729e-12
  2.10400000e-05   1.25474695e+00   1.35871349e+00  -2.55155183e-01  -3.74601304e-13   2.87021362e-12   1.34418908e-11
  2.11200000e-05   1.07526682e+00   1.19230470e+00  -3.18939219e-01  -6.57135632e-12   7.42899714e-12   5.61758060e-12
  2.12000000e-05   8.45667196e-01   9.07674936e-01  -3.61504031e-01   2.93038643e-12   3.05597214e-13   7.62236205e-12
  2.12800000e-05   5.97182532e-01   6.64700569e-01  -4.86805017e-01  -4.35965559e-12   2.06186744e-12  -2.53281224e-12
  2.13600000e-05   3.97669704e-01   4.41774943e-01  -5.73413409e-01  -3.15018685e-12   3.52804966e-14  -2.15751466e-12
  2.14400000e-05   2.58118940e-01   2.89690986e-01  -6.38902124e-01  -2.98716898e-12   1.75736123e-12  -4.10005186e-13
  2.15200000e-05   1.99191345e-01   2.22834135e-01  -6.86093019e-01  -1.50802672e-12   3.19645765e-12   6.00347177e-13
  2.16000000e-05   2.37958726e-01   2.67763614e-01  -7.34140738e-01  -4.39982260e-13   3.74385395e-12   1.22288575e-12
  2.16800000e-05   4.06472547e-01   4.67355035e-01  -8.73922335e-01  -3.83768652e-12   4.43079161e-12   5.84535410e-13
  2.17600000e-05   7.43199671e-01   8.32910809e-01  -1.12800060e+00   9.60568703e-12  -5.16797420e-12   2.51283719e-12
  2.18400000e-05   6.25997087e-01   7.15219027e-01  -1.39336023e+00   6.73076229e-12   8.26183922e-12   7.26478481e-12
  2.19200000e-05   4.51033118e-01   5.04865427e-01  -8.88662183e-01   5.97108739e-12  -3.24460701e-12   1.18725459e-12
  2.20000000e-05   2.26362410e-01   2.51401668e-01  -7.17330627e-01   3.04456359e-12   2.04383886e-12   1.67704989e-12
  2.20800000e-05   1.77138607e-01   1.93140342e-01  -6.37128078e-01   3.16831726e-12   5.34453351e-13   1.04289205e-12
  2.21600000e-05   2.24307756e-01   2.45202873e-01  -5.85090207e-01   2.45797750e-12  -2.10213550e-12   6.13473829e-14
  2.22400000e-05   3.39354115e-01   3.90179481e-01  -5.31282194e-01  -5.54886431e-13  -2.41765093e-12  -2.12998062e-12
  2.23200000e-05   5.13612852e-01   6.19906250e-01  -4.54866311e-01  -1.95530122e-12  -1.43935129e-12  -4.16942441e-12
  2.24000000e-05   7.52900698e-01   8.96526438e-01  -3.46161171e-01   5.96156168e-12  -5.00364078e-12   7.41764374e-15
  2.24800000e-05   9.56632168e-01   1.21404909e+00  -3.22317482e-01  -5.72767625e-12   1.92491005e-12  -9.74922007e-12
  2.25600000e-05   1.11596027e+00   1.41682886e+00  -2.76854457e-01  -4.36205515e-12   7.53692134e-13  -1.37257226e-11
  2.26400000e-05   1.18842543e+00   1.45116479e+00  -2.40600663e-01   1.07975677e-11  -9.72012197e-12  -5.29256519e-12
  2.27200000e-05   1.09331816e+00   1.35461077e+00  -2.25516522e-01   6.95255339e-12  -3.66170972e-12   1.17116095e-11
  2.28000000e-05   9.14989848e-01   1.12789767e+00  -2.73821537e-01   6.59546886e-12  -3.36626868e-12   8.17313525e-12
  2.28800000e-05   6.73942123e-01   8.54148275e-01  -4.08370088e-01  -2.95621099e-12  -8.98008724e-13  -6.75697803e-12
  2.29600000e-05   4.44090262e-01   5.42093791e-01  -4.77509748e-01   1.46673253e-12  -3.44375186e-12  -2.54544514e-12
  2.30400000e-05   2.74211254e-01   3.43002878e-01  -6.02805573e-01  -2.02727471e-12  -1.93657223e-12  -2.02412095e-12
  2.31200000e-05   1.67736990e-01   2.13959327e-01  -7.17690290e-01  -3.78605221e-12   1.12333608e-12  -5.49976467e-13
  2.32000000e-05   1.48928805e-01   1.92949967e-01  -8.33497698e-01  -3.93342347e-12   2.85476391e-12  -4.19598729e-14
  2.32800000e-05   2.54754849e-01   3.46955891e-01  -1.03661965e+00  -6.96534611e-12  -6.41796621e-13  -1.92658012e-12
  2.33600000e-05   3.53158036e-01   4.73239585e-01  -1.46875149e+00   1.01467687e-11   6.22094849e-12   4.44419090e-12
  2.34400000e-05   2.70719696e-01   3.67362210e-01  -1.49799422e+00   3.49500279e-12   1.16936235e-11   3.49932023e-12
  2.35200000e-05   2.43463560e-01   3.17544937e-01  -9.57724009e-01   1.48827741e-12  -6.58071818e-12  -1.80358058e-12
  2.36000000e-05   1.49008671e-01   1.82154449e-01  -7.54968356e-01   3.35579660e-12  -3.23932302e-12  -1.19229246e-13
  2.36800000e-05   1.62932001e-01   2.01680473e-01  -6.47812235e-01   8.17512748e-13  -3.49627596e-12  -8.82866317e-13
  2.37600000e-05   2.11940891e-01   2.84458394e-01  -5.26220453e-01  -2.67285578e-12   1.32571103e-13  -1.00485731e-12
  2.38400000e-05   3.32115948e-01   4.80396354e-01  -3.37153736e-01  -1.77407732e-12   2.79754698e-12   2.23853963e-12
  2.39200000e-05   5.47091081e-01   8.43446219e-01  -2.71170333e-01  -5.32752330e-12   4.14493073e-12   2.14398701e-12
  2.40000000e-05   8.02336183e-01   1.17468221e+00  -2.39371298e-01   8.82898459e-12  -6.59131745e-12  -2.75258381e-12
  2.40800000e-05   9.30277922e-01   1.40209747e+00  -2.26884106e-01   5.86546949e-12  -5.84091293e-12  -1.20458525e-11
  2.41600000e-05   9.56814221e-01   1.43058365e+00  -2.10678408e-01   9.97502497e-12  -7.91296761e-12  -8.42951284e-12
  2.42400000e-05   8.53607596e-01   1.27844614e+00  -2.44689429e-01   7.25915420e-12  -6.51535066e-12  -8.71740037e-12
  2.43200000e-05   6.11990588e-01   9.77722156e-01  -2.77596751e-01  -7.52316055e-12   4.40310150e-12  -1.07743900e-12
  2.44000000e-05   4.09393478e-01   6.22573157e-01  -4.02308426e-01  -2.25677493e-12  -1.17674641e-12  -4.11753659e-12
  2.44800000e-05   1.96486672e-01   3.04517674e-01  -5.12419922e-01  -2.44472311e-12   2.26483775e-12   4.08507958e-13
  2.45600000e-05   9.08765949e-02   1.34099212e-01  -7.11931152e-01   1.08499693e-12   4.07196777e-12   9.05492751e-13
  2.46400000e-05   6.23680284e-02   9.44413671e-02  -9.33452265e-01   9.80532981e-13   5.93483009e-12   6.65965898e-13
  2.47200000e-05   1.03099862e-01   1.73682909e-01  -1.23397288e+00  -9.11557321e-12  -1.12251887e-13  -7.77416256e-13
  2.48000000e-05   1.04083144e-01   1.75765074e-01  -1.63767255e+00   6.23252224e-12   1.26786895e-11   1.75686605e-12
  2.48800000e-05   8.83552868e-02   1.52885410e-01  -1.71490428e+00  -4.54577806e-12   1.47461664e-11   1.08042774e-12
  2.49600000e-05   7.73858701e-02   1.22077823e-01  -1.18293616e+00   8.50708745e-12   2.96573484e-12   8.62581472e-13
  2.50400000e-05   4.31857661e-02   6.61937332e-02  -9.58321803e-01  -3.89342734e-12   5.30553596e-12   1.91013696e-13
  2.51200000e-05   5.57507581e-02   8.49651758e-02  -7.29220783e-01  -2.88507631e-12   3.44097035e-12   1.80353416e-13
  2.52000000e-05   9.59992730e-02   1.44973461e-01  -4.19039400e-01   1.70410423e-12   1.76610724e-12   1.00141287e-12
  2.52800000e-05   2.62521464e-01   4.68002551e-01  -2.70148894e-01   3.61028167e-13  -7.95520497e-13  -1.02731488e-12
  2.53600000e-05   5.23503651e-01   1.02743010e+00  -1.73537814e-01   2.65548370e-12  -2.07051693e-12  -4.24781193e-12
  2.54400000e-05   8.01458777e-01   1.70678391e+00  -1.03439957e-01  -5.39094166e-12   1.91924216e-12  -1.01013757e-11
  2.55200000e-05   1.05864581e+00   2.30826075e+00   1.21097749e-02  -8.99757014e-12   4.04360485e-12   1.58174348e-11
  2.56000000e-05   1.22187659e+00   2.70421400e+00   2.42822150e-01  -1.05437075e-11   6.60042620e-12  -2.04505875e-11
  2.56800000e-05   1.21590458e+00   2.71551097e+00   5.52927586e-01  -8.43249548e-12  -1.22462777e-12   2.45576462e-11
  2.57600000e-05   1.19190462e+00   2.47886994e+00   1.70223874e+00   2.59666707e-11  -1.34537049e-11   1.41001968e-12
  2.58400000e-05   9.10354567e-01   2.39968869e+00   2.88284423e+00  -2.99392495e-11  -1.55715515e-11   2.24161291e-11
  2.59200000e-05   1.02417827e+00   2.62705422e+00   2.00812130e+00   1.50429068e-11   1.49710660e-11  -2.72575269e-11
  2.60000000e-05   9.15025694e-01   2.85510413e+00   6.75162860e-01  -2.93185947e-11   9.51504409e-12  -5.02359029e-13
  2.60800000e-05   1.01872725e+00   2.75000125e+00   1.73969000e-01   2.19828980e-11  -9.29210883e-12   1.81568769e-11
  2.61600000e-05   7.82990267e-01   2.31550383e+00  -4.63503535e-03  -1.18342432e-11   4.04080450e-12   1.95038480e-11
  2.62400000e-05   5.48099658e-01   1.51750885e+00  -1.51341580e-01   8.52943127e-13  -1.54354087e-12  -1.23881295e-11
  2.63200000e-05   2.50233827e-01   6.26606745e-01  -1.84877536e-01   2.74189557e-12  -1.47576684e-13   3.21100383e-12
  2.64000000e-05   4.58299858e-02   1.46971426e-01  -7.65983057e-01  -2.41467736e-12   1.60607872e-12   1.63689065e-13
  2.64800000e-05   2.77502519e-02   8.92135658e-02  -1.46393836e+00   6.36096295e-13  -6.73429614e-12  -3.98335582e-13
  2.65600000e-05   4.16196653e-02   1.57637463e-01  -2.25822828e+00   1.01764779e-11  -8.51195420e-12  -4.06629070e-13
