       time             b_x              b_y              b_z              F_x              F_y              F_z
  0.00000000e+00  -2.53668474e+00  -1.73628388e+00  -6.92374402e+00   9.15859769e-14  -5.81112214e-14  -1.89820959e-14
  8.00000000e-08  -2.48689766e+00  -1.70184390e+00  -6.81040444e+00   1.08385366e-13   5.40972369e-14  -5.30964600e-14
  1.60000000e-07  -2.43686622e+00  -1.66722159e+00  -6.69666004e+00   1.27437679e-13   6.77035287e-14  -6.32293347e-14
  2.40000000e-07  -2.38648271e+00  -1.63232973e+00  -6.58250491e+00   1.59852618e-13  -8.85308028e-14  -3.60005882e-14
  3.20000000e-07  -2.33979165e+00  -1.59999177e+00  -6.46294748e+00  -1.51702683e-13  -1.30768355e-13   8.72946847e-14
  4.00000000e-07  -2.29379078e+00  -1.57077939e+00  -6.41481255e+00   7.22661161e-14   2.33498010e-13  -8.30168003e-14
  4.80000000e-07  -2.26912202e+00  -1.55355957e+00  -6.32221570e+00  -1.38580714e-13  -2.44575452e-13   1.09837930e-13
  5.60000000e-07  -2.23377516e+00  -1.52907358e+00  -6.22883432e+00   3.29755102e-13   2.74839922e-15  -1.18930963e-13
  6.40000000e-07  -2.20640829e+00  -1.51009106e+00  -6.12588024e+00   4.25762459e-14   3.86837288e-13  -1.10694314e-13
  7.20000000e-07  -2.17740833e+00  -1.48992879e+00  -6.01837274e+00  -1.79036035e-13   4.25779891e-13  -4.06334359e-14
  8.00000000e-07  -2.14098033e+00  -1.46464503e+00  -5.90505709e+00  -3.04370717e-14   5.13295302e-13  -1.16278341e-13
  8.80000000e-07  -2.09617511e+00  -1.43350384e+00  -5.78540610e+00   5.35341442e-13   1.24791695e-13  -2.24886336e-13
  9.60000000e-07  -2.06862178e+00  -1.41427207e+00  -5.63783334e+00  -3.29262538e-13  -5.16467497e-13   2.50370156e-13
  1.04000000e-06  -1.95635000e+00  -1.33746603e+00  -5.59280724e+00   6.02654547e-13   3.05202066e-13  -2.83793192e-13
  1.12000000e-06  -1.94039713e+00  -1.32635036e+00  -5.43625806e+00  -6.16421408e-13   5.08951760e-13   9.58479116e-14
  1.20000000e-06  -1.90951229e+00  -1.30488900e+00  -5.26698596e+00  -8.17263705e-13  -3.87564562e-14   3.05895625e-13
  1.28000000e-06  -1.86846917e+00  -1.27658942e+00  -5.06915763e+00  -7.52014673e-13   5.30723643e-13   1.43534705e-13
  1.36000000e-06  -1.79754367e+00  -1.22766409e+00  -4.85166666e+00   8.79145153e-13   1.91701313e-13  -3.74231527e-13
  1.44000000e-06  -1.71015387e+00  -1.16835303e+00  -4.73902799e+00  -9.47487398e-13   2.51101286e-13   2.80009802e-13
  1.52000000e-06  -1.60718432e+00  -1.09598691e+00  -4.56465273e+00  -5.75412426e-13  -8.05182795e-13   3.95925767e-13
  1.60000000e-06  -1.51746399e+00  -1.03503546e+00  -4.35874859e+00  -9.68421582e-13  -2.61686905e-13   3.99288940e-13
  1.68000000e-06  -1.42762432e+00  -9.73107263e-01  -4.14225403e+00   4.64924574e-13   9.02256163e-13  -3.72195824e-13
  1.76000000e-06  -1.35458210e+00  -9.23547521e-01  -3.93735508e+00  -1.01248288e-12   6.14959742e-14   3.33903522e-13
  1.84000000e-06  -1.29618986e+00  -8.83303740e-01  -3.70329597e+00  -9.31739456e-13  -2.58669894e-13   3.87815430e-13
  1.92000000e-06  -1.18525544e+00  -8.06357556e-01  -3.53008941e+00  -4.46370253e-13   9.12087733e-13  -5.84704921e-14
  2.00000000e-06  -1.09356291e+00  -7.43151461e-01  -3.34234968e+00   4.71808061e-13  -8.56116634e-13   3.59844254e-14
  2.08000000e-06  -1.00822942e+00  -6.84858115e-01  -3.15571861e+00   7.80567045e-13   3.82861922e-13  -3.32474748e-13
  2.16000000e-06  -9.51186232e-01  -6.45044362e-01  -2.96479015e+00   7.33468177e-13   3.75278644e-13  -3.16965504e-13
  2.24000000e-06  -8.76041452e-01  -5.93920608e-01  -2.82244432e+00   5.05749102e-13  -6.75164847e-13  -1.49029905e-14
  2.32000000e-06  -8.25642905e-01  -5.59989783e-01  -2.65703937e+00  -6.71405280e-13   4.10235678e-13   1.22171023e-13
  2.40000000e-06  -7.59711540e-01  -5.14426276e-01  -2.52502597e+00   1.71427047e-13  -7.26468083e-13   9.64264002e-14
  2.48000000e-06  -6.91814605e-01  -4.67668681e-01  -2.40966458e+00   6.82807489e-13  -1.28260886e-13  -1.71141078e-13
  2.56000000e-06  -6.37885296e-01  -4.31964021e-01  -2.29684104e+00   6.52275489e-13   6.29332194e-15  -1.82335401e-13
  2.64000000e-06  -5.93128150e-01  -4.01083833e-01  -2.19542536e+00   4.73526680e-13  -4.34229298e-13  -4.86009017e-14
  2.72000000e-06  -5.56486826e-01  -3.75977614e-01  -2.09992539e+00  -3.94171675e-13  -4.33781023e-13   1.82122327e-13
  2.80000000e-06  -5.09195348e-01  -3.44378915e-01  -2.01651373e+00  -3.83512834e-14   5.74718177e-13  -8.84658133e-14
  2.88000000e-06  -4.70981457e-01  -3.17721649e-01  -1.93989644e+00   8.84207222e-14  -5.44165355e-13   6.76575258e-14
  2.96000000e-06  -4.30371813e-01  -2.90640992e-01  -1.87468520e+00   1.64106428e-13   4.91452730e-13  -1.13866098e-13
  3.04000000e-06  -3.99645116e-01  -2.69931745e-01  -1.81386654e+00  -4.89302629e-13  -8.09446774e-14   1.19852778e-13
  3.12000000e-06  -3.63077745e-01  -2.44832115e-01  -1.76841284e+00   9.77614391e-14  -4.80877261e-13   4.65045220e-14
  3.20000000e-06  -3.27665539e-01  -2.21426197e-01  -1.72174481e+00   4.52423181e-13  -1.30286744e-13  -6.93451126e-14
  3.28000000e-06  -2.97521159e-01  -2.00965600e-01  -1.67688164e+00   4.03680458e-13   2.00859021e-13  -9.56950256e-14
  3.36000000e-06  -2.69599277e-01  -1.82010666e-01  -1.63588980e+00   2.96629423e-13   3.23131135e-13  -8.48372496e-14
  3.44000000e-06  -2.43512469e-01  -1.63764215e-01  -1.59826602e+00   2.70820120e-13   3.30996930e-13  -7.51774280e-14
  3.52000000e-06  -2.16503896e-01  -1.45769875e-01  -1.57248224e+00   3.31768251e-13   2.56116282e-13  -6.94209160e-14
  3.60000000e-06  -1.91458056e-01  -1.29217113e-01  -1.55280721e+00   4.07523698e-13   7.61926035e-14  -5.65872458e-14
  3.68000000e-06  -1.66854692e-01  -1.12373451e-01  -1.52829371e+00   3.63068266e-13  -1.91501686e-13  -2.55578741e-14
  3.76000000e-06  -1.45492419e-01  -9.77632469e-02  -1.51019290e+00   9.20413117e-14  -3.95727164e-13   1.67503498e-14
  3.84000000e-06  -1.23086430e-01  -8.30573140e-02  -1.49277500e+00  -2.85166389e-13  -2.81626872e-13   3.91829206e-14
  3.92000000e-06  -1.01233912e-01  -6.82318188e-02  -1.47406260e+00  -3.71006416e-13   1.41916466e-13   1.89104671e-14
  4.00000000e-06  -7.79246968e-02  -5.24911061e-02  -1.46594530e+00   1.54958845e-14   3.94698142e-13  -1.49566660e-14
  4.08000000e-06  -5.66530134e-02  -3.75647941e-02  -1.46334095e+00   3.87496017e-13   7.65139927e-14  -1.69660048e-14
  4.16000000e-06  -3.53284482e-02  -2.30985083e-02  -1.45817053e+00   1.42508125e-13  -3.70732316e-13   2.41999993e-15
  4.24000000e-06  -1.44818750e-02  -1.04238920e-02  -1.44918644e+00  -3.47341370e-13  -1.93556377e-13   4.86325629e-15
  4.32000000e-06   6.95882047e-03   4.85458520e-03  -1.44873713e+00  -2.40317499e-13   3.19754413e-13  -8.28661627e-17
  4.40000000e-06   2.77959514e-02   1.92690221e-02  -1.45313136e+00   2.85810705e-13   2.84413077e-13   9.23849190e-15
  4.48000000e-06   4.93106766e-02   3.24961895e-02  -1.46246457e+00   3.33248361e-13  -2.40271736e-13   5.89743262e-15
  4.56000000e-06   7.21361131e-02   4.80322743e-02  -1.46796500e+00  -1.64111655e-13  -3.84413419e-13  -2.06426091e-14
  4.64000000e-06   9.35514573e-02   6.32043610e-02  -1.47199533e+00  -4.22502494e-13   4.27890333e-14  -2.50145294e-14
  4.72000000e-06   1.15367528e-01   7.77650456e-02  -1.48540248e+00  -1.33360650e-13   4.13118633e-13   1.12701446e-14
  4.80000000e-06   1.36973000e-01   9.23755040e-02  -1.50557773e+00   2.97297218e-13   3.29904210e-13   4.72886642e-14
  4.88000000e-06   1.59675353e-01   1.07485069e-01  -1.52346867e+00   4.57092774e-13  -3.13788225e-14   4.56942086e-14
  4.96000000e-06   1.82164394e-01   1.23109359e-01  -1.55009220e+00   3.39398514e-13  -3.37160725e-13   1.31080486e-14
  5.04000000e-06   2.09107648e-01   1.40630709e-01  -1.57175826e+00   1.40123041e-13  -4.75200076e-13  -2.38757608e-14
  5.12000000e-06   2.34953058e-01   1.58024746e-01  -1.59357413e+00   5.74265230e-15  -5.11387553e-13  -4.98644104e-14
  5.20000000e-06   2.63065031e-01   1.76915178e-01  -1.62530823e+00   2.93083338e-15  -5.34297280e-13  -5.76840114e-14
  5.28000000e-06   2.89422742e-01   1.95429047e-01  -1.66615809e+00   1.57945693e-13  -5.41274252e-13  -3.60515822e-14
  5.36000000e-06   3.15880518e-01   2.12975135e-01  -1.69790644e+00   4.61594554e-13  -3.70425652e-13   3.94116379e-14
  5.44000000e-06   3.43895533e-01   2.32340139e-01  -1.75142025e+00   5.84468223e-13   1.86080166e-13   1.39446774e-13
  5.52000000e-06   3.79367709e-01   2.56288683e-01  -1.79057852e+00  -1.19762300e-13   6.49029893e-13   6.75229072e-14
  5.60000000e-06   4.18421174e-01   2.82127904e-01  -1.84751702e+00  -6.09940622e-13  -3.08093237e-13  -1.85185720e-13
  5.68000000e-06   4.40573422e-01   2.97145841e-01  -1.91000443e+00   7.16304022e-13  -2.14608578e-13   1.31839730e-13
  5.76000000e-06   4.86577562e-01   3.29118973e-01  -1.97069453e+00  -7.00011055e-13   4.01597894e-13  -1.05767882e-13
  5.84000000e-06   5.09865959e-01   3.44059030e-01  -2.04020827e+00   8.38256541e-13  -1.53883507e-13   1.83536882e-13
  5.92000000e-06   5.61483364e-01   3.79348999e-01  -2.10789766e+00  -6.35897008e-13  -6.28477569e-13  -2.82489012e-13
  6.00000000e-06   5.94506227e-01   4.02216396e-01  -2.17514861e+00  -6.99336986e-13   7.24964652e-13  -5.70846163e-14
  6.08000000e-06   6.22751011e-01   4.21491358e-01  -2.25596079e+00   1.27611400e-13   1.05328261e-12   2.32016286e-13
  6.16000000e-06   6.54393639e-01   4.43150512e-01  -2.32480548e+00   4.45599773e-13   1.02703760e-12   3.21201022e-13
  6.24000000e-06   6.89153119e-01   4.66589189e-01  -2.38972104e+00   1.34133242e-13   1.20794525e-12   2.74531013e-13
  6.32000000e-06   7.29854863e-01   4.94481231e-01  -2.44758634e+00  -8.72777574e-13   1.00324411e-12  -5.75732802e-14
  6.40000000e-06   7.48906511e-01   5.06693228e-01  -2.50300504e+00  -1.17625915e-12  -6.17044030e-13  -4.76850883e-13
  6.48000000e-06   7.46390002e-01   5.05411190e-01  -2.53326980e+00   7.84995301e-13  -1.24591848e-12  -1.72853673e-14
  6.56000000e-06   7.42648269e-01   5.03469316e-01  -2.53375772e+00   1.02817051e-12   9.92360678e-13   4.98544984e-13
  6.64000000e-06   7.61990291e-01   5.16634401e-01  -2.50646021e+00  -1.18767992e-12   9.62637178e-13  -1.62647341e-13
  6.72000000e-06   7.45814341e-01   5.04956929e-01  -2.47495257e+00  -9.63787054e-13  -1.08877568e-12  -5.12571855e-13
  6.80000000e-06   7.02309969e-01   4.74801043e-01  -2.42114544e+00   4.77040137e-13  -1.43312462e-12  -1.42667604e-13
  6.88000000e-06   6.60716919e-01   4.46772830e-01  -2.34535605e+00   9.76731582e-13  -1.10341293e-12   6.49658987e-14
  6.96000000e-06   6.23223268e-01   4.21035509e-01  -2.26246284e+00   6.64573484e-13  -1.25832916e-12  -5.11051926e-14
  7.04000000e-06   5.93659618e-01   4.00686115e-01  -2.17073565e+00  -6.34925096e-13  -1.14522551e-12  -3.85033226e-13
  7.12000000e-06   5.48803623e-01   3.71034423e-01  -2.06858024e+00  -9.28601645e-13   8.87636255e-13  -8.71497940e-14
  7.20000000e-06   4.83279949e-01   3.26534744e-01  -1.99921107e+00   1.17567898e-12  -2.46277573e-13   2.43978188e-13
  7.28000000e-06   4.58783238e-01   3.10214057e-01  -1.90022656e+00  -1.06406330e-12   4.15094292e-13  -1.89138670e-13
  7.36000000e-06   4.02716974e-01   2.71081313e-01  -1.83784894e+00   3.95869135e-13  -1.02518141e-12  -6.44690108e-14
  7.44000000e-06   3.53319035e-01   2.38667860e-01  -1.76919825e+00   9.32565911e-13   4.01501660e-13   2.40402018e-13
  7.52000000e-06   3.18986061e-01   2.15593008e-01  -1.69477367e+00   9.98218208e-14   9.73866832e-13   1.42674301e-13
  7.60000000e-06   2.82513028e-01   1.90810733e-01  -1.64133510e+00  -3.85397867e-13   8.64340373e-13   3.41462885e-14
  7.68000000e-06   2.44196178e-01   1.64813921e-01  -1.59657186e+00  -4.37577572e-13   8.00290524e-13   1.56862644e-14
  7.76000000e-06   2.06727355e-01   1.39439645e-01  -1.55973366e+00  -1.81625279e-13   8.63065497e-13   5.30851102e-14
  7.84000000e-06   1.69705084e-01   1.14404597e-01  -1.52979298e+00   3.38681230e-13   7.85337024e-13   9.63019795e-14
  7.92000000e-06   1.35195764e-01   9.10926963e-02  -1.50668155e+00   8.05561847e-13   2.32547349e-13   8.63433382e-14
  8.00000000e-06   1.03466907e-01   6.95106877e-02  -1.48797880e+00   5.75206920e-13  -6.00399212e-13   1.19495780e-14
  8.08000000e-06   7.42654866e-02   4.97861544e-02  -1.46903238e+00  -3.80047092e-13  -7.28984103e-13  -4.39184991e-14
  8.16000000e-06   4.31123549e-02   2.89825988e-02  -1.45512937e+00  -7.86782302e-13   2.16312339e-13  -1.90022583e-14
  8.24000000e-06   1.03850417e-02   7.24477227e-03  -1.44857226e+00   9.68192001e-14   8.09577014e-13   4.74306510e-15
  8.32000000e-06  -1.91982473e-02  -1.35056467e-02  -1.45386456e+00   8.24025041e-13   6.23551978e-15  -1.09391560e-14
  8.40000000e-06  -5.11013105e-02  -3.40370462e-02  -1.45980700e+00   1.37195442e-13  -8.26911893e-13   1.44777847e-14
  8.48000000e-06  -8.40771103e-02  -5.64115176e-02  -1.46760997e+00  -7.82925939e-13  -3.38921462e-13   5.78799723e-14
  8.56000000e-06  -1.16776999e-01  -7.87559199e-02  -1.48645315e+00  -6.23350441e-13   6.23558107e-13   1.59332983e-14
  8.64000000e-06  -1.46537951e-01  -9.86500759e-02  -1.50912541e+00   2.05346457e-13   8.84173405e-13  -7.77369606e-14
  8.72000000e-06  -1.77663177e-01  -1.19428687e-01  -1.53567093e+00   8.04274559e-13   4.83701805e-13  -1.30664612e-13
  8.80000000e-06  -2.10975671e-01  -1.41675729e-01  -1.57183984e+00   9.85870699e-13   2.32142091e-14  -1.34418034e-13
  8.88000000e-06  -2.45896250e-01  -1.65393469e-01  -1.61388992e+00   1.02935514e-12  -1.72162516e-13  -1.39191657e-13
  8.96000000e-06  -2.81873124e-01  -1.89821022e-01  -1.65924920e+00   1.09965072e-12   4.25675211e-14  -1.91678378e-13
  9.04000000e-06  -3.21181242e-01  -2.16975026e-01  -1.71635654e+00   8.92325631e-13   7.45217782e-13  -2.61188099e-13
  9.12000000e-06  -3.69193505e-01  -2.49186374e-01  -1.76639036e+00  -3.28683275e-13   1.22569893e-12  -1.04212378e-13
  9.20000000e-06  -4.15706673e-01  -2.80184345e-01  -1.82477666e+00  -1.23837536e-12  -4.62366892e-13   3.53111084e-13
  9.28000000e-06  -4.35356550e-01  -2.92946788e-01  -1.89868969e+00   1.25506507e-12  -7.46084385e-13  -1.72665273e-13
  9.36000000e-06  -4.89537531e-01  -3.30438607e-01  -1.94528915e+00  -1.03051339e-12   1.18060576e-12   5.87867674e-14
  9.44000000e-06  -4.99892307e-01  -3.37006343e-01  -2.02730461e+00   1.32617921e-12  -1.02709125e-12  -1.56271790e-13
  9.52000000e-06  -5.54494013e-01  -3.73692711e-01  -2.05055163e+00  -1.70737128e-12  -7.44686239e-15   4.63051002e-13
  9.60000000e-06  -5.42960158e-01  -3.66831604e-01  -2.09567701e+00   8.63692680e-13   1.55490461e-12  -4.95944205e-13
  9.68000000e-06  -5.52936567e-01  -3.72654551e-01  -2.12104410e+00   1.22072284e-12  -1.46814494e-12  -6.02870089e-14
  9.76000000e-06  -5.76335208e-01  -3.88618860e-01  -2.09534856e+00  -1.71088805e-12  -6.60785843e-13   5.93141822e-13
  9.84000000e-06  -5.40767958e-01  -3.65228101e-01  -2.06807143e+00   1.29436718e-13   1.87464834e-12  -3.64914611e-13
  9.92000000e-06  -5.11379864e-01  -3.44572171e-01  -2.04090098e+00   1.17873946e-12  -1.47529828e-12  -4.62721586e-14
  1.00000000e-05  -5.02487919e-01  -3.39131378e-01  -1.95492850e+00  -1.46932537e-12   1.03962482e-12   1.97321207e-13
  1.00800000e-05  -4.43804878e-01  -2.98375526e-01  -1.90518237e+00   1.10247814e-12  -1.35084122e-12  -4.52592977e-14
  1.01600000e-05  -4.03446004e-01  -2.72012085e-01  -1.82754615e+00   3.15599831e-13   1.59671293e-12  -3.07326140e-13
  1.02400000e-05  -3.73771633e-01  -2.51819954e-01  -1.74760387e+00  -1.50681962e-12   3.07099840e-13   2.78022138e-13
  1.03200000e-05  -3.25189270e-01  -2.18857152e-01  -1.68931271e+00  -1.01833582e-12  -1.03688586e-12   3.30360250e-13
  1.04000000e-05  -2.76774187e-01  -1.86052284e-01  -1.63570570e+00  -4.81142766e-13  -1.31962259e-12   2.31512732e-13
  1.04800000e-05  -2.33312246e-01  -1.56125969e-01  -1.58211728e+00  -5.30642067e-13  -1.23476566e-12   2.00101650e-13
  1.05600000e-05  -1.91849495e-01  -1.28645275e-01  -1.54076285e+00  -9.87936304e-13  -8.38205667e-13   1.92999383e-13
  1.06400000e-05  -1.52219924e-01  -1.02021506e-01  -1.50451146e+00  -1.25468903e-12   1.29960993e-13   1.18131272e-13
  1.07200000e-05  -1.07709765e-01  -7.24675731e-02  -1.47535077e+00  -4.82826126e-13   1.13553163e-12  -2.05267339e-14
  1.08000000e-05  -6.59657196e-02  -4.39366823e-02  -1.46660519e+00   9.25458273e-13   7.98598084e-13  -6.55502051e-14
  1.08800000e-05  -2.83195437e-02  -1.95971634e-02  -1.46023191e+00   9.47767267e-13  -7.75337674e-13  -7.97538893e-15
  1.09600000e-05   9.18780133e-03   6.24298170e-03  -1.45670322e+00  -6.46156023e-13  -1.04941663e-12  -8.57294870e-15
  1.10400000e-05   4.88719978e-02   3.28372340e-02  -1.45490287e+00  -1.15245909e-12   4.69328054e-13  -2.81197762e-14
  1.11200000e-05   8.55202401e-02   5.75704148e-02  -1.46899992e+00   1.77593194e-13   1.25924147e-12   5.96888161e-14
  1.12000000e-05   1.20716927e-01   8.12996759e-02  -1.49458429e+00   1.26874280e-12   3.46568866e-13   1.21327830e-13
  1.12800000e-05   1.61674997e-01   1.08315796e-01  -1.52895120e+00   1.08778059e-12  -8.54527768e-13   5.44870683e-14
  1.13600000e-05   2.05712839e-01   1.37552243e-01  -1.56450846e+00   4.21081539e-13  -1.39252876e-12  -6.70648826e-14
  1.14400000e-05   2.49131471e-01   1.66892552e-01  -1.61351917e+00   6.78807615e-14  -1.54107153e-12  -1.48918048e-13
  1.15200000e-05   2.89200430e-01   1.94287935e-01  -1.66335710e+00   3.65971191e-13  -1.60486370e-12  -1.23825863e-13
  1.16000000e-05   3.23187476e-01   2.17254430e-01  -1.72318532e+00   1.36061193e-12  -1.12756487e-12   1.13025727e-13
  1.16800000e-05   3.58498706e-01   2.41520527e-01  -1.77342093e+00   1.61921080e-12   8.56341913e-13   4.43949383e-13
  1.17600000e-05   4.14516529e-01   2.79255820e-01  -1.82030608e+00  -1.13247067e-12   1.66012656e-12  -3.20155494e-15
  1.18400000e-05   4.44306391e-01   2.98933385e-01  -1.87243959e+00  -7.47864571e-13  -1.93352322e-12  -4.86144201e-13
  1.19200000e-05   4.37736389e-01   2.95238163e-01  -1.91103501e+00   1.81687682e-12   1.13133029e-12   5.90949390e-13
  1.20000000e-05   4.82709806e-01   3.24798441e-01  -1.90897867e+00  -2.18738444e-12  -2.10525678e-13  -5.88927655e-13
  1.20800000e-05   4.38692109e-01   2.95381376e-01  -1.91990653e+00   2.14068390e-12  -7.36375367e-13   3.75846196e-13
  1.21600000e-05   4.46531324e-01   3.01366559e-01  -1.86012341e+00  -1.28270914e-12   1.83653836e-12  -1.03748841e-14
  1.22400000e-05   4.17092458e-01   2.79408865e-01  -1.82899299e+00  -8.28104846e-13  -1.97022050e-12  -4.89828756e-13
  1.23200000e-05   3.55354914e-01   2.38966427e-01  -1.77979926e+00   1.93618350e-12  -7.57535957e-13   2.84867328e-13
  1.24000000e-05   3.15801069e-01   2.12689617e-01  -1.69466766e+00   1.46171709e-12   1.25661409e-12   4.30102378e-13
  1.24800000e-05   2.75751181e-01   1.85561222e-01  -1.63285014e+00   6.37051045e-13   1.74029176e-12   3.05354564e-13
  1.25600000e-05   2.29414349e-01   1.54198575e-01  -1.58140526e+00   6.44554979e-13   1.65162606e-12   2.54551162e-13
  1.26400000e-05   1.81097047e-01   1.21750068e-01  -1.53969106e+00   1.24962884e-12   1.15662852e-12   2.38439843e-13
  1.27200000e-05   1.35186129e-01   9.06576850e-02  -1.50881556e+00   1.65301083e-12  -1.66560624e-13   1.38097817e-13
  1.28000000e-05   9.41428063e-02   6.29512354e-02  -1.48155841e+00   5.70440425e-13  -1.52869783e-12  -2.87066336e-14
  1.28800000e-05   5.24621623e-02   3.53669446e-02  -1.45119264e+00  -1.31954709e-12  -9.03821590e-13  -6.97300269e-14
  1.29600000e-05   6.60298693e-03   4.48663669e-03  -1.44838571e+00  -1.09114649e-12   1.17158692e-12  -1.34518117e-15
  1.30400000e-05  -3.64501581e-02  -2.46541384e-02  -1.45869920e+00   1.00375557e-12   1.27731844e-12  -4.66705092e-14
  1.31200000e-05  -7.91181514e-02  -5.27869382e-02  -1.47579048e+00   1.52021842e-12  -6.92382549e-13  -5.67344197e-14
  1.32000000e-05  -1.27228688e-01  -8.53274757e-02  -1.50059851e+00  -4.64626242e-14  -1.73364186e-12   1.02518203e-13
  1.32800000e-05  -1.79921687e-01  -1.20192064e-01  -1.52094848e+00  -1.45502244e-12  -1.04376905e-12   2.54606158e-13
  1.33600000e-05  -2.28583116e-01  -1.53418696e-01  -1.56590457e+00  -1.89656622e-12  -1.11801438e-13   2.87805180e-13
  1.34400000e-05  -2.77854246e-01  -1.86416358e-01  -1.60848684e+00  -2.00691055e-12   1.70386600e-13   3.26931968e-13
  1.35200000e-05  -3.24959708e-01  -2.18486516e-01  -1.66907117e+00  -2.07603480e-12  -5.26702988e-13   4.73140497e-13
  1.36000000e-05  -3.60196891e-01  -2.41342849e-01  -1.73042582e+00  -1.04035573e-12  -2.04478721e-12   5.01742208e-13
  1.36800000e-05  -3.71477658e-01  -2.48646788e-01  -1.78686113e+00   1.78928066e-12  -1.73134009e-12  -1.31059786e-13
  1.37600000e-05  -3.89551012e-01  -2.62665711e-01  -1.80633949e+00   1.53450503e-12   1.98308363e-12  -6.19294471e-13
  1.38400000e-05  -4.30721594e-01  -2.89363091e-01  -1.80555104e+00  -2.37890136e-12   1.07993635e-12   3.94422783e-13
  1.39200000e-05  -4.11899297e-01  -2.75006030e-01  -1.81148288e+00  -3.53014617e-13  -2.59861738e-12   4.74772316e-13
  1.40000000e-05  -3.63314584e-01  -2.43618783e-01  -1.77985456e+00   2.53885487e-12  -3.01824979e-13  -4.76933782e-13
  1.40800000e-05  -3.37640457e-01  -2.27303089e-01  -1.71661881e+00   1.06493644e-12   2.19857639e-12  -5.00582206e-13
  1.41600000e-05  -3.06116652e-01  -2.06086248e-01  -1.64984675e+00  -5.78957175e-13   2.28776905e-12  -1.78349478e-13
  1.42400000e-05  -2.59419716e-01  -1.74457860e-01  -1.59612196e+00  -9.20672386e-13   2.05526810e-12  -7.50049859e-14
  1.43200000e-05  -2.05333255e-01  -1.37945127e-01  -1.54468565e+00  -2.58427327e-13   2.12611769e-12  -1.55516334e-13
  1.44000000e-05  -1.50349136e-01  -1.00654072e-01  -1.51237046e+00   1.19225974e-12   1.68166905e-12  -2.30447546e-13
  1.44800000e-05  -9.85229632e-02  -6.63114154e-02  -1.48693417e+00   2.00284715e-12  -2.52199921e-13  -1.21459783e-13
  1.45600000e-05  -5.33084924e-02  -3.54576250e-02  -1.46645375e+00   2.57756924e-13  -1.97909175e-12   3.84828094e-14
  1.46400000e-05  -3.77770532e-03  -2.31097977e-03  -1.45040725e+00  -1.90681971e-12  -5.55121758e-13   5.85096230e-15
  1.47200000e-05   4.70148225e-02   3.17591393e-02  -1.44896608e+00  -8.73060564e-13   1.80182171e-12   1.11648709e-14
  1.48000000e-05   9.20578512e-02   6.17588380e-02  -1.47797402e+00   1.56474078e-12   1.34976755e-12   1.53863834e-13
  1.48800000e-05   1.40650935e-01   9.36283571e-02  -1.51325691e+00   2.00610627e-12  -8.32893677e-13   1.34926366e-13
  1.49600000e-05   1.95330522e-01   1.29431780e-01  -1.55588510e+00   9.11831752e-13  -2.11673318e-12  -6.16137859e-14
  1.50400000e-05   2.48651604e-01   1.65382330e-01  -1.60125001e+00   1.46550917e-13  -2.43733564e-12  -2.28978688e-13
  1.51200000e-05   2.93787512e-01   1.96071562e-01  -1.65308639e+00   4.45574898e-13  -2.57171282e-12  -2.25841439e-13
  1.52000000e-05   3.23624505e-01   2.16288919e-01  -1.71141306e+00   1.90213660e-12  -2.05116669e-12   1.00462823e-13
  1.52800000e-05   3.42704204e-01   2.29622879e-01  -1.74628447e+00   2.82300043e-12   4.89692236e-13   6.18397903e-13
  1.53600000e-05   3.72362918e-01   2.50118478e-01  -1.74432370e+00   3.83445390e-13   2.92648709e-12   5.01483378e-13
  1.54400000e-05   3.91768285e-01   2.62775157e-01  -1.73039186e+00  -2.68642277e-12   1.28951006e-12  -4.12394469e-13
  1.55200000e-05   3.68612616e-01   2.46156467e-01  -1.70655026e+00  -2.22583291e-12  -1.80905244e-12  -7.41718588e-13
  1.56000000e-05   3.19938954e-01   2.13221552e-01  -1.67906209e+00  -3.81697470e-13  -2.82031700e-12  -4.30878799e-13
  1.56800000e-05   2.67473808e-01   1.78376408e-01  -1.62037700e+00   3.43101237e-13  -2.70086175e-12  -2.40684373e-13
  1.57600000e-05   2.18909041e-01   1.45242104e-01  -1.56565457e+00  -3.15817569e-13  -2.56756933e-12  -2.82344844e-13
  1.58400000e-05   1.67748571e-01   1.11555335e-01  -1.50560241e+00  -1.79558667e-12  -1.66574199e-12  -3.23478164e-13
  1.59200000e-05   1.10354372e-01   7.40030603e-02  -1.46945965e+00  -2.25708723e-12   7.54546088e-13  -1.31504613e-13
  1.60000000e-05   4.89283689e-02   3.30259169e-02  -1.45038002e+00   1.33558345e-13   2.33809116e-12   5.77451395e-14
  1.60800000e-05  -6.26861997e-03  -4.18215037e-03  -1.45733553e+00   2.35576783e-12   1.90022830e-13  -1.06784725e-14
  1.61600000e-05  -6.16134094e-02  -4.06269533e-02  -1.47627495e+00   5.89136342e-13  -2.35855446e-12   4.03191717e-14
  1.62400000e-05  -1.23430807e-01  -8.23466381e-02  -1.48942921e+00  -2.08722747e-12  -1.36832027e-12   2.48621918e-13
  1.63200000e-05  -1.82560853e-01  -1.21407021e-01  -1.51419347e+00  -2.43113933e-12   9.60941250e-13   2.16066085e-13
  1.64000000e-05  -2.33895013e-01  -1.56412788e-01  -1.55451929e+00  -1.61159645e-12   2.26534026e-12   1.45486700e-14
  1.64800000e-05  -2.84390668e-01  -1.90527427e-01  -1.60208014e+00  -1.36488325e-12   2.63331758e-12  -7.08823241e-14
  1.65600000e-05  -3.32073604e-01  -2.22854956e-01  -1.64600626e+00  -2.24649375e-12   2.20737759e-12   1.54359219e-13
  1.66400000e-05  -3.68336176e-01  -2.46344789e-01  -1.68239889e+00  -3.22716241e-12   3.19345725e-13   6.59779031e-13
  1.67200000e-05  -3.72681506e-01  -2.47897970e-01  -1.70402842e+00  -2.24927117e-12  -2.40351234e-12   8.41586666e-13
  1.68000000e-05  -3.43920841e-01  -2.28407658e-01  -1.71119894e+00   3.66196868e-13  -3.37183905e-12   3.76467699e-13
  1.68800000e-05  -3.00143011e-01  -1.99231516e-01  -1.67621276e+00   2.03891461e-12  -2.60597550e-12  -5.53471037e-14
  1.69600000e-05  -2.53652706e-01  -1.68310585e-01  -1.61380339e+00   2.25092595e-12  -2.19020099e-12  -1.25368089e-13
  1.70400000e-05  -2.06712350e-01  -1.36546260e-01  -1.56439210e+00   1.32407200e-12  -2.69338398e-12   6.01316475e-14
  1.71200000e-05  -1.56311658e-01  -1.03364446e-01  -1.50846753e+00  -9.31976523e-13  -2.69334935e-12   2.81129922e-13
  1.72000000e-05  -9.76568165e-02  -6.44271019e-02  -1.46701118e+00  -2.74022841e-12  -2.73460433e-13   1.94422681e-13
  1.72800000e-05  -3.06138573e-02  -2.08136798e-02  -1.44936047e+00  -8.57603454e-13   2.57966576e-12  -1.89309615e-14
  1.73600000e-05   2.83138467e-02   1.90121769e-02  -1.46282949e+00   2.45674937e-12   1.26064491e-12   6.39361114e-14
  1.74400000e-05   8.78468550e-02   5.78661365e-02  -1.48342470e+00   1.82185665e-12  -2.19765239e-12   2.21613700e-14
  1.75200000e-05   1.56530670e-01   1.02957616e-01  -1.50550504e+00  -1.20312831e-12  -2.70312423e-12  -3.09951607e-13
  1.76000000e-05   2.23958704e-01   1.47488087e-01  -1.54284739e+00  -2.87506233e-12  -1.18093822e-12  -5.30233614e-13
  1.76800000e-05   2.82348445e-01   1.87752326e-01  -1.58070211e+00  -3.28683527e-12  -1.81198071e-13  -6.08623964e-13
  1.77600000e-05   3.29027894e-01   2.18475329e-01  -1.62527543e+00  -3.41786214e-12  -6.00235116e-13  -7.72612765e-13
  1.78400000e-05   3.52900890e-01   2.33834958e-01  -1.65591373e+00  -2.88419733e-12  -2.13613025e-12  -9.16314478e-13
  1.79200000e-05   3.44251850e-01   2.27616715e-01  -1.66798509e+00  -1.22987076e-12  -3.48198741e-12  -7.28989625e-13
  1.80000000e-05   3.10930881e-01   2.04928569e-01  -1.65557582e+00   3.63282845e-13  -3.67993895e-12  -3.87278407e-13
  1.80800000e-05   2.65498051e-01   1.75059334e-01  -1.60341158e+00   6.47289238e-13  -3.48459160e-12  -2.73264994e-13
  1.81600000e-05   2.15499747e-01   1.41609191e-01  -1.55104381e+00  -6.90358574e-13  -3.29338359e-12  -3.96600973e-13
  1.82400000e-05   1.56349294e-01   1.03181931e-01  -1.48797175e+00  -2.72693935e-12  -1.63575651e-12  -3.99964283e-13
  1.83200000e-05   8.63314887e-02   5.73163502e-02  -1.45958445e+00  -2.51399287e-12   1.82601435e-12  -7.69919606e-14
  1.84000000e-05   1.55246172e-02   1.03976221e-02  -1.45570870e+00   1.28046410e-12   2.81712683e-12   3.37774551e-14
  1.84800000e-05  -4.72184125e-02  -3.16456186e-02  -1.47298521e+00   3.03099252e-12  -9.13609982e-13  -7.75343168e-14
  1.85600000e-05  -1.17489781e-01  -7.71605228e-02  -1.48904424e+00  -2.69310901e-14  -3.27193458e-12   1.71672744e-13
  1.86400000e-05  -1.93392198e-01  -1.26868376e-01  -1.51631732e+00  -2.84437617e-12  -1.86944492e-12   5.19187895e-13
  1.87200000e-05  -2.58785839e-01  -1.71150871e-01  -1.55587907e+00  -3.61159774e-12   4.59288149e-15   6.00203638e-13
  1.88000000e-05  -3.11724090e-01  -2.07066799e-01  -1.58655083e+00  -3.76987877e-12   5.10702313e-13   6.74048707e-13
  1.88800000e-05  -3.44047993e-01  -2.27674432e-01  -1.62746246e+00  -3.94450190e-12  -3.67397147e-13   8.85270741e-13
  1.89600000e-05  -3.47335375e-01  -2.28960332e-01  -1.63335682e+00  -3.53905509e-12  -1.85105553e-12   1.01206135e-12
  1.90400000e-05  -3.19707084e-01  -2.10364838e-01  -1.61252746e+00  -2.87196441e-12  -2.71129523e-12   9.23115163e-13
  1.91200000e-05  -2.71245028e-01  -1.78307003e-01  -1.56994966e+00  -2.98026343e-12  -2.38367556e-12   7.85635178e-13
  1.92000000e-05  -2.09103286e-01  -1.37115362e-01  -1.50446326e+00  -3.59166083e-12  -5.04242911e-13   5.45156237e-13
  1.92800000e-05  -1.31468375e-01  -8.65437017e-02  -1.47077033e+00  -2.43394665e-12   2.54644277e-12   6.77253456e-14
  1.93600000e-05  -5.17124333e-02  -3.42839793e-02  -1.46308722e+00   1.74470903e-12   3.00347627e-12  -1.32045626e-13
  1.94400000e-05   1.62777320e-02   1.06939988e-02  -1.47178323e+00   3.24987671e-12  -1.34336807e-12   2.61822833e-14
  1.95200000e-05   9.14516673e-02   5.95984175e-02  -1.47668454e+00  -7.10688424e-13  -3.52153675e-12  -1.86141083e-13
  1.96000000e-05   1.72517671e-01   1.13229141e-01  -1.48728978e+00  -3.58824678e-12  -9.13152308e-13  -4.85736835e-13
  1.96800000e-05   2.39660314e-01   1.57493192e-01  -1.52753130e+00  -3.50844469e-12   1.82620476e-12  -3.62166156e-13
  1.97600000e-05   2.92304691e-01   1.93330069e-01  -1.57295042e+00  -3.01769352e-12   2.95422473e-12  -1.97682965e-13
  1.98400000e-05   3.26042982e-01   2.15459291e-01  -1.60237312e+00  -3.33890224e-12   2.87060450e-12  -2.93394358e-13
  1.99200000e-05   3.30347671e-01   2.18058272e-01  -1.59806220e+00  -3.84718359e-12   2.16898701e-12  -4.99318851e-13
  2.00000000e-05   2.98588368e-01   1.96731461e-01  -1.57225885e+00  -3.84226073e-12   1.96922014e-12  -4.83283526e-13
  2.00800000e-05   2.36754336e-01   1.55529039e-01  -1.52402336e+00  -2.89340625e-12   2.95412094e-12  -1.48012748e-13
  2.01600000e-05   1.54939019e-01   1.02266045e-01  -1.49036137e+00   4.76583091e-14   3.95743489e-12   2.76506994e-13
  2.02400000e-05   7.59329727e-02   4.97979387e-02  -1.47886825e+00   3.62495733e-12   1.38840652e-12   2.32876436e-13
  2.03200000e-05   4.67534325e-03   2.93687076e-03  -1.47148350e+00   1.97261067e-12  -3.34247823e-12  -4.03534628e-16
  2.04000000e-05  -7.79928039e-02  -4.96521396e-02  -1.46244083e+00  -2.98901455e-12  -2.52314631e-12   2.45070590e-13
  2.04800000e-05  -1.59667110e-01  -1.05026428e-01  -1.46787207e+00  -3.56006529e-12   1.90076509e-12   2.51244491e-13
  2.05600000e-05  -2.23563418e-01  -1.46865367e-01  -1.53166091e+00  -1.15453695e-12   4.19175867e-12  -2.33414555e-13
  2.06400000e-05  -2.70639480e-01  -1.78119024e-01  -1.57744736e+00   5.26882058e-13   4.56204708e-12  -6.05524141e-13
  2.07200000e-05  -2.97177894e-01  -1.95557189e-01  -1.60491314e+00   7.21161810e-13   4.71591930e-12  -7.08166220e-13
  2.08000000e-05  -2.92137078e-01  -1.92008546e-01  -1.59576093e+00   4.81465600e-13   4.75560679e-12  -6.60356495e-13
  2.08800000e-05  -2.48101870e-01  -1.63167993e-01  -1.56642755e+00   1.31558205e-12   4.44641518e-12  -6.71535055e-13
  2.09600000e-05  -1.78349060e-01  -1.15908279e-01  -1.53396867e+00   3.49684675e-12   2.75825740e-12  -6.14982701e-13
  2.10400000e-05  -1.06036874e-01  -6.84699550e-02  -1.49833473e+00   4.00548699e-12  -1.62647419e-12  -2.09141989e-13
  2.11200000e-05  -3.37709485e-02  -2.17704219e-02  -1.46397674e+00  -6.94781781e-13  -4.17151785e-12   7.80607644e-14
  2.12000000e-05   5.53034477e-02   3.55739657e-02  -1.44188499e+00  -4.20695117e-12   9.77244718e-15  -1.61116359e-13
  2.12800000e-05   1.34831371e-01   8.81378112e-02  -1.46715902e+00  -1.36461437e-12   4.15860144e-12   1.24415418e-13
  2.13600000e-05   1.97244923e-01   1.28601657e-01  -1.53172635e+00   2.67032467e-12   3.82332313e-12   6.64866590e-13
  2.14400000e-05   2.47137195e-01   1.60727898e-01  -1.58894872e+00   4.46586214e-12   2.17400760e-12   9.14506740e-13
  2.15200000e-05   2.74928015e-01   1.78854445e-01  -1.62043531e+00   4.93438265e-12   1.54990009e-12   1.00825163e-12
  2.16000000e-05   2.66985271e-01   1.73470196e-01  -1.61307519e+00   5.03367964e-12   1.22960955e-12   9.65372813e-13
  2.16800000e-05   2.27097286e-01   1.46353360e-01  -1.58117346e+00   5.04931427e-12  -3.41461662e-13   6.93606068e-13
  2.17600000e-05   1.68676230e-01   1.08532288e-01  -1.53041415e+00   3.34643487e-12  -3.53058148e-12   1.18452859e-13
  2.18400000e-05   9.85452697e-02   6.26086962e-02  -1.46871259e+00  -1.80081619e-12  -4.25376533e-12  -3.02158925e-13
  2.19200000e-05   5.33045653e-03   3.39690538e-03  -1.42822968e+00  -4.40256474e-12   8.99725205e-13  -1.42913979e-14
  2.20000000e-05  -8.31378327e-02  -5.32889114e-02  -1.46252865e+00   5.35024323e-15   4.65745896e-12  -1.70004003e-13
  2.20800000e-05  -1.54693733e-01  -9.99515897e-02  -1.51901730e+00   4.54639130e-12   1.94482846e-12  -5.90965581e-13
  2.21600000e-05  -2.23293643e-01  -1.42808250e-01  -1.57823744e+00   4.96361901e-12  -1.96022945e-12  -5.24894172e-13
  2.22400000e-05  -2.73260203e-01  -1.73746799e-01  -1.61194543e+00   4.13146696e-12  -3.81618136e-12  -2.89039687e-13
  2.23200000e-05  -2.84217252e-01  -1.80689513e-01  -1.61169082e+00   3.44487043e-12  -4.53560649e-12  -9.89985662e-14
  2.24000000e-05  -2.57490736e-01  -1.63561132e-01  -1.57600832e+00   1.85403767e-12  -5.21618061e-12   2.38429502e-13
  2.24800000e-05  -1.99955745e-01  -1.27235545e-01  -1.51097144e+00  -1.81561153e-12  -4.86799653e-12   6.50193726e-13
  2.25600000e-05  -1.12231490e-01  -7.15411305e-02  -1.44482634e+00  -4.88164609e-12  -5.22018136e-13   4.05045345e-13
  2.26400000e-05  -8.74356518e-03  -5.57850222e-03  -1.43824268e+00  -1.57719760e-12   4.62121666e-12  -8.33596279e-15
  2.27200000e-05   7.89346611e-02   4.99410612e-02  -1.48218844e+00   4.45224596e-12   2.46930981e-12   3.20307772e-13
  2.28000000e-05   1.64407688e-01   1.04436025e-01  -1.53125351e+00   4.27401609e-12  -3.35908140e-12   2.29793430e-13
  2.28800000e-05   2.52516326e-01   1.59334102e-01  -1.56258405e+00   9.05682913e-13  -5.66914746e-12  -4.31713607e-13
  2.29600000e-05   3.04764333e-01   1.92145289e-01  -1.57739530e+00  -1.26763599e-12  -5.76183854e-12  -9.46776229e-13
  2.30400000e-05   3.04736421e-01   1.91966095e-01  -1.56449934e+00  -2.75027783e-12  -5.16845090e-12  -1.16988043e-12
  2.31200000e-05   2.53507491e-01   1.60743775e-01  -1.51271118e+00  -4.71349116e-12  -3.01100093e-12  -1.10986485e-12
  2.32000000e-05   1.61432907e-01   1.02464894e-01  -1.45582930e+00  -5.04472343e-12   1.79665851e-12  -4.32942203e-13
  2.32800000e-05   5.24096374e-02   3.34429838e-02  -1.45267438e+00   1.44851589e-13   5.29483147e-12   1.27121800e-13
  2.33600000e-05  -4.25525318e-02  -2.62687590e-02  -1.48628809e+00   5.41573832e-12   6.79546077e-13  -1.67063311e-13
  2.34400000e-05  -1.41540081e-01  -8.86514440e-02  -1.50999032e+00   2.19841893e-12  -5.25845853e-12   1.02653339e-13
  2.35200000e-05  -2.46072140e-01  -1.53867437e-01  -1.52440208e+00  -3.01044744e-12  -5.05884348e-12   9.96573374e-13
  2.36000000e-05  -3.14441342e-01  -1.96908098e-01  -1.53036571e+00  -5.34043922e-12  -2.78747969e-12   1.45594754e-12
  2.36800000e-05  -3.21955407e-01  -2.02154056e-01  -1.52122116e+00  -6.03322164e-12  -7.27980878e-13   1.37362842e-12
  2.37600000e-05  -2.64734015e-01  -1.67731195e-01  -1.48490101e+00  -5.50527899e-12   2.27513090e-12   7.24509027e-13
  2.38400000e-05  -1.62669457e-01  -1.03209590e-01  -1.45829100e+00  -1.69384243e-12   5.50583489e-12  -2.00727106e-13
  2.39200000e-05  -5.42299526e-02  -3.37676364e-02  -1.48394641e+00   4.77820211e-12   3.26028115e-12  -2.48805254e-13
  2.40000000e-05   4.52328664e-02   2.83626456e-02  -1.48899791e+00   3.90213894e-12  -4.37852895e-12   3.51365599e-14
  2.40800000e-05   1.61864669e-01   9.95902297e-02  -1.48293746e+00  -3.16381345e-12  -5.06359712e-12  -6.85392639e-13
  2.41600000e-05   2.63488130e-01   1.64252627e-01  -1.48881149e+00  -6.14842590e-12  -5.09783445e-13  -1.14438297e-12
  2.42400000e-05   3.13429255e-01   1.96388090e-01  -1.50434892e+00  -5.75918028e-12   2.94348094e-12  -8.15655839e-13
  2.43200000e-05   2.98468183e-01   1.87465212e-01  -1.50495508e+00  -4.06947701e-12   5.11853124e-12  -1.69482043e-13
  2.44000000e-05   2.20864135e-01   1.38487228e-01  -1.49444154e+00  -1.31997896e-13   6.35602219e-12   5.69493199e-13
  2.44800000e-05   1.17071665e-01   7.32009110e-02  -1.50216742e+00   5.42456235e-12   3.13115929e-12   5.75346159e-13
  2.45600000e-05   1.82596776e-02   1.09348335e-02  -1.50427948e+00   4.17446651e-12  -4.69664367e-12   1.65311011e-14
  2.46400000e-05  -9.98009255e-02  -5.98983080e-02  -1.47018177e+00  -3.84338188e-12  -4.90865581e-12   4.60890796e-13
  2.47200000e-05  -2.13996058e-01  -1.32068208e-01  -1.46488751e+00  -6.22253836e-12   1.48927988e-12   7.74743550e-13
  2.48000000e-05  -2.85370312e-01  -1.77501289e-01  -1.49103785e+00  -3.66575759e-12   5.70232965e-12   2.27543033e-14
  2.48800000e-05  -2.96542005e-01  -1.84381086e-01  -1.52234945e+00  -4.28845126e-13   6.96456350e-12  -7.59985291e-13
  2.49600000e-05  -2.44405369e-01  -1.51424669e-01  -1.52391598e+00   3.54107380e-12   5.88303012e-12  -1.15248699e-12
  2.50400000e-05  -1.56889659e-01  -9.54127406e-02  -1.52803741e+00   6.78741741e-12   4.38061798e-13  -7.24244230e-13
  2.51200000e-05  -5.88245895e-02  -3.48219056e-02  -1.49485187e+00   2.14362303e-12  -6.28933585e-12   6.21525897e-14
  2.52000000e-05   6.52447274e-02   3.92706357e-02  -1.44114655e+00  -5.66246152e-12  -3.12604690e-12  -3.41538900e-13
  2.52800000e-05   1.83330127e-01   1.11877747e-01  -1.45188735e+00  -5.09062410e-12   4.37248336e-12  -3.05864760e-13
  2.53600000e-05   2.57151148e-01   1.57732642e-01  -1.50246702e+00   7.84488596e-14   7.13232126e-12   7.62195161e-13
  2.54400000e-05   2.77127348e-01   1.68961467e-01  -1.55277840e+00   4.33862517e-12   6.00558634e-12   1.42780474e-12
  2.55200000e-05   2.38460783e-01   1.43810471e-01  -1.56134079e+00   7.11747605e-12   2.13208570e-12   1.28341947e-12
  2.56000000e-05   1.61911464e-01   9.56381866e-02  -1.53405531e+00   5.68345674e-12  -4.55300769e-12   3.16009077e-13
  2.56800000e-05   5.67621683e-02   3.31846673e-02  -1.46377662e+00  -2.66774511e-12  -6.38038343e-12  -2.48096529e-13
  2.57600000e-05  -7.34587627e-02  -4.38311672e-02  -1.42803377e+00  -6.69645553e-12   1.25110929e-12   3.06068223e-13
  2.58400000e-05  -1.84537362e-01  -1.11444736e-01  -1.46820057e+00  -1.40295649e-12   7.05262819e-12  -3.58997543e-13
  2.59200000e-05  -2.53427598e-01  -1.50944197e-01  -1.54555220e+00   4.89024424e-12   5.93000830e-12  -1.38101009e-12
  2.60000000e-05  -2.71715903e-01  -1.61126132e-01  -1.57837094e+00   7.78843580e-12   1.63073617e-12  -1.50724777e-12
  2.60800000e-05  -2.34977529e-01  -1.37156436e-01  -1.55999399e+00   6.77025610e-12  -4.10990126e-12  -6.58437561e-13
  2.61600000e-05  -1.53235381e-01  -8.78493576e-02  -1.49989026e+00  -3.17317627e-13  -7.52686584e-12   4.73271036e-13
  2.62400000e-05  -2.52817082e-02  -1.44703944e-02  -1.42872133e+00  -6.96767711e-12  -1.60272237e-12   1.39528122e-13
  2.63200000e-05   1.06863337e-01   6.29862819e-02  -1.43488991e+00  -3.43988623e-12   6.42249291e-12   2.57380210e-14
  2.64000000e-05   2.04740536e-01   1.20191591e-01  -1.51886246e+00   4.61723559e-12   6.35235996e-12   1.12507589e-12
  2.64800000e-05   2.65128576e-01   1.53413901e-01  -1.57405055e+00   8.28690466e-12   8.33227828e-13   1.47703259e-12
  2.65600000e-05   2.72231400e-01   1.55434204e-01  -1.57721186e+00   7.00843701e-12  -4.81997664e-12   7.34668191e-13
  2.66400000e-05   2.15992612e-01   1.21636051e-01  -1.52321468e+00   6.79524593e-13  -8.12172230e-12  -5.52201829e-13
  2.67200000e-05   1.00583226e-01   5.73484859e-02  -1.43778944e+00  -6.80814073e-12  -3.35961282e-12  -6.10279533e-13
  2.68000000e-05  -4.02833763e-02  -2.33460402e-02  -1.42504924e+00  -4.90705465e-12   5.75469323e-12   4.44359594e-14
  2.68800000e-05  -1.57594015e-01  -9.04310443e-02  -1.49785824e+00   4.24553126e-12   6.87035560e-12  -8.61472542e-13
  2.69600000e-05  -2.45540952e-01  -1.39082064e-01  -1.56791755e+00   8.67757079e-12  -1.77262937e-13  -1.34321151e-12
  2.70400000e-05  -2.92029076e-01  -1.61400318e-01  -1.58523929e+00   6.21229446e-12  -6.56522507e-12  -4.75979367e-13
  2.71200000e-05  -2.61336346e-01  -1.43134965e-01  -1.52080197e+00  -5.29158423e-13  -8.60181908e-12   9.00517903e-13
  2.72000000e-05  -1.54283700e-01  -8.42765804e-02  -1.43411544e+00  -7.27556341e-12  -3.30437492e-12   9.76896437e-13
  2.72800000e-05  -1.03426492e-02  -6.09474941e-03  -1.42886971e+00  -5.32045550e-12   5.93188964e-12   1.32091987e-14
  2.73600000e-05   1.17044722e-01   6.58001937e-02  -1.49380125e+00   4.62576843e-12   7.04261468e-12   6.72664582e-13
  2.74400000e-05   2.23305401e-01   1.22938502e-01  -1.56102546e+00   8.91357920e-12  -1.52803337e-12   1.15475134e-12
  2.75200000e-05   2.99422818e-01   1.61103381e-01  -1.57017252e+00   4.67493351e-12  -8.17870157e-12   5.23288302e-14
  2.76000000e-05   2.92541628e-01   1.55707278e-01  -1.49989214e+00  -2.51912878e-12  -8.58166938e-12  -1.38221834e-12
  2.76800000e-05   1.92356544e-01   1.03160179e-01  -1.43174973e+00  -8.08999348e-12  -2.29684034e-12  -1.25238763e-12
  2.77600000e-05   4.78485078e-02   2.63063099e-02  -1.42400027e+00  -4.94819914e-12   6.73538523e-12  -4.18404512e-14
  2.78400000e-05  -8.65958854e-02  -4.72087435e-02  -1.50276822e+00   5.60037856e-12   6.89896580e-12  -5.39445298e-13
  2.79200000e-05  -2.06728796e-01  -1.08717373e-01  -1.56238254e+00   8.92714682e-12  -3.21146672e-12  -9.57739892e-13
  2.80000000e-05  -3.02370077e-01  -1.56551207e-01  -1.55091907e+00   2.59742316e-12  -9.39975601e-12   4.42421606e-13
  2.80800000e-05  -3.12171609e-01  -1.61074738e-01  -1.48760711e+00  -4.86505293e-12  -7.90429959e-12   1.87678210e-12
  2.81600000e-05  -2.18952118e-01  -1.13777231e-01  -1.42252008e+00  -8.80926589e-12  -4.03823315e-13   1.38820770e-12
  2.82400000e-05  -7.87733801e-02  -4.14949296e-02  -1.43352194e+00  -3.79256244e-12   8.01349734e-12  -2.35549555e-14
  2.83200000e-05   5.80501981e-02   2.99034156e-02  -1.51601971e+00   7.26955633e-12   5.98416808e-12   3.96397386e-13
  2.84000000e-05   1.86758745e-01   9.46713047e-02  -1.55333526e+00   8.21344586e-12  -5.51730606e-12   6.51245290e-13
  2.84800000e-05   2.99543394e-01   1.49080053e-01  -1.51487674e+00  -3.53709504e-13  -9.93288801e-12  -1.04744285e-12
  2.85600000e-05   3.23207991e-01   1.60816842e-01  -1.45163265e+00  -7.33652643e-12  -5.97549450e-12  -2.29547339e-12
  2.86400000e-05   2.40437751e-01   1.21118481e-01  -1.42347500e+00  -9.04339613e-12   2.31526331e-12  -1.33051347e-12
  2.87200000e-05   1.09275710e-01   5.47486045e-02  -1.44198673e+00  -1.81813970e-12   9.22952359e-12   2.12640674e-13
  2.88000000e-05  -2.45690140e-02  -1.23235790e-02  -1.52922447e+00   8.93666755e-12   4.47399175e-12  -1.79633995e-13
  2.88800000e-05  -1.57598385e-01  -7.56519870e-02  -1.55643521e+00   6.84525834e-12  -7.80913434e-12  -3.13553127e-13
  2.89600000e-05  -2.82371518e-01  -1.34183682e-01  -1.48800970e+00  -3.78277963e-12  -9.40319623e-12   1.56578597e-12
  2.90400000e-05  -3.34500184e-01  -1.60182472e-01  -1.42927151e+00  -9.40587835e-12  -2.67424389e-12   2.50101888e-12
  2.91200000e-05  -2.86511282e-01  -1.38525754e-01  -1.41622272e+00  -8.20302637e-12   5.53664092e-12   1.11796840e-12
  2.92000000e-05  -1.74074200e-01  -8.49458501e-02  -1.46949616e+00   5.62197370e-13   1.01341696e-11  -6.52413897e-13
  2.92800000e-05  -4.86657446e-02  -2.26677816e-02  -1.55605119e+00   1.03593875e-11   2.71325302e-12  -3.63516790e-13
  2.93600000e-05   8.13778799e-02   3.67823782e-02  -1.54848871e+00   5.14571222e-12  -9.48274714e-12   4.51725344e-14
  2.94400000e-05   2.12342913e-01   9.47935609e-02  -1.46390533e+00  -6.72997739e-12  -7.86276552e-12  -1.48534369e-12
  2.95200000e-05   3.05363432e-01   1.39512900e-01  -1.40323664e+00  -1.00012108e-11   1.64156431e-12  -2.01319191e-12
  2.96000000e-05   3.22868344e-01   1.50103549e-01  -1.42924889e+00  -5.35349124e-12   9.20646467e-12  -2.42469896e-13
  2.96800000e-05   2.63312771e-01   1.21330433e-01  -1.51055327e+00   4.60264353e-12   1.00450252e-11   1.60914688e-12
  2.97600000e-05   1.64968347e-01   7.32240710e-02  -1.57789045e+00   1.14857583e-11  -3.17570127e-13   1.18609805e-12
  2.98400000e-05   5.19179366e-02   2.19744526e-02  -1.54881446e+00   3.31317948e-12  -1.08585293e-11  -4.29985621e-14
  2.99200000e-05  -6.65529689e-02  -2.77657510e-02  -1.46019730e+00  -8.56132969e-12  -6.57879852e-12   5.15305151e-13
  3.00000000e-05  -1.79970522e-01  -7.75181008e-02  -1.41126052e+00  -9.40910807e-12   4.89290883e-12   9.31134311e-13
  3.00800000e-05  -2.86088036e-01  -1.25413618e-01  -1.46384903e+00  -4.74614241e-13   1.12691573e-11  -8.72715909e-13
  3.01600000e-05  -3.53519723e-01  -1.52680500e-01  -1.55883102e+00   1.00137512e-11   6.49601271e-12  -2.90722532e-12
  3.02400000e-05  -3.63764155e-01  -1.49813640e-01  -1.58082993e+00   1.09498531e-11  -5.83809026e-12  -1.96639654e-12
  3.03200000e-05  -3.02279402e-01  -1.18462228e-01  -1.51592212e+00   3.13370429e-13  -1.19877131e-11   8.74296745e-13
  3.04000000e-05  -1.95777606e-01  -7.48642578e-02  -1.44053090e+00  -9.80327711e-12  -5.51698799e-12   1.61904708e-12
  3.04800000e-05  -1.04948869e-01  -4.07713428e-02  -1.42443843e+00  -9.58285644e-12   5.85045938e-12   5.38583379e-13
  3.05600000e-05  -2.65665794e-02  -1.02553170e-02  -1.49993743e+00   5.12237096e-13   1.18875673e-11  -9.03498743e-14
  3.06400000e-05   5.33868219e-02   2.04929803e-02  -1.57312190e+00   1.15205215e-11   5.04676720e-12   4.56714342e-13
  3.07200000e-05   1.39192504e-01   5.09164638e-02  -1.58081062e+00   9.14695212e-12  -8.92201872e-12   5.18031395e-13
  3.08000000e-05   2.30418523e-01   8.08152657e-02  -1.48131615e+00  -4.65087727e-12  -1.11771145e-11  -1.33322637e-12
  3.08800000e-05   3.39403948e-01   1.22154620e-01  -1.35241569e+00  -1.11036407e-11  -1.38044929e-13  -2.79905237e-12
  3.09600000e-05   4.83475664e-01   1.83895908e-01  -1.34605003e+00  -5.86478847e-12   1.03815165e-11  -6.88209259e-13
  3.10400000e-05   5.56918160e-01   2.10966342e-01  -1.46970960e+00   5.96292694e-12   1.12182137e-11   3.86983103e-12
  3.11200000e-05   5.03582176e-01   1.78038832e-01  -1.56897936e+00   1.31729256e-11  -2.09284762e-12   3.99051928e-12
  3.12000000e-05   3.71337188e-01   1.19207392e-01  -1.51984893e+00   2.98209756e-12  -1.29576712e-11  -2.87717057e-13
  3.12800000e-05   2.55383007e-01   7.65237650e-02  -1.44962391e+00  -9.36816240e-12  -8.21887201e-12  -2.08427061e-12
  3.13600000e-05   2.25308768e-01   6.70581848e-02  -1.41671717e+00  -1.18544470e-11   3.30249392e-12  -1.72896303e-12
  3.14400000e-05   2.89125201e-01   9.21425955e-02  -1.43454426e+00  -3.89558174e-12   1.21504256e-11  -4.69772779e-15
  3.15200000e-05   4.52578336e-01   1.47339758e-01  -1.51881822e+00   1.01795975e-11   8.52356998e-12   3.86018943e-12
  3.16000000e-05   6.97609350e-01   2.13543177e-01  -1.48375854e+00   9.40206844e-12  -1.07116343e-11   2.87888786e-12
  3.16800000e-05   7.44428076e-01   2.14233694e-01  -1.23135733e+00  -4.49561347e-12  -1.12511228e-11  -4.67535325e-12
  3.17600000e-05   4.58012894e-01   1.21082428e-01  -1.24453130e+00  -1.11812791e-11   7.58543088e-13  -4.04113883e-12
  3.18400000e-05   3.70621969e-01   9.89639622e-02  -1.40355590e+00  -5.10570428e-12   1.21631189e-11  -4.90593738e-13
  3.19200000e-05   4.62267168e-01   1.26922741e-01  -1.52689419e+00   8.93676289e-12   1.09412355e-11   3.61509247e-12
  3.20000000e-05   7.17882956e-01   1.82367523e-01  -1.48877262e+00   1.08590928e-11  -9.65926027e-12   4.05301804e-12
  3.20800000e-05   8.53508906e-01   2.01437427e-01  -1.12461133e+00  -4.49697641e-12  -1.12274406e-11  -5.42395048e-12
  3.21600000e-05   4.68003803e-01   9.60787139e-02  -1.19886265e+00  -1.10958113e-11   1.88835929e-12  -4.18017091e-12
  3.22400000e-05   4.34724487e-01   9.18215119e-02  -1.39713941e+00  -3.97249858e-12   1.32643520e-11  -3.64308351e-13
  3.23200000e-05   7.39109465e-01   1.61353756e-01  -1.50577164e+00   1.21837925e-11   7.22376892e-12   6.75450271e-12
  3.24000000e-05   9.95348194e-01   1.86436070e-01  -1.31614706e+00   5.54849123e-12  -1.47433714e-11   2.10765544e-12
  3.24800000e-05   4.59251741e-01   6.40384159e-02  -1.22310828e+00  -9.94600910e-12  -6.51038193e-12  -4.07538450e-12
  3.25600000e-05   4.18661106e-01   5.73377473e-02  -1.24187679e+00  -1.04791261e-11   6.43265575e-12  -3.23572239e-12
  3.26400000e-05   9.87051198e-01   1.64634233e-01  -1.31593551e+00   4.67786186e-12   1.44370497e-11   5.31494264e-12
  3.27200000e-05   8.25349987e-01   9.90425522e-02  -1.50379618e+00   1.17556067e-11  -1.02608924e-11   5.77619826e-12
  3.28000000e-05   4.69804790e-01   3.74935673e-02  -1.34039914e+00  -5.87902324e-12  -1.26102753e-11  -2.41330913e-12
  3.28800000e-05   8.61539461e-01   8.31963723e-02  -7.97563533e-01  -7.87016649e-12   3.30784357e-12  -8.15641407e-12
  3.29600000e-05   6.86275393e-01   5.78448181e-02  -1.38269589e+00   1.96534518e-12   1.50657194e-11   1.60573403e-12
  3.30400000e-05   7.47414180e-01   4.11258298e-02  -1.61722026e+00   1.61696642e-11  -1.95816933e-12   7.42317246e-12
  3.31200000e-05   1.05294432e+00   2.33003116e-02  -9.80299957e-01  -3.55315350e-12  -1.37385930e-11  -4.14300365e-12
  3.32000000e-05   3.49617763e-01   3.70824564e-03  -1.21442870e+00  -1.23390528e-11   2.33662838e-12  -3.54511324e-12
  3.32800000e-05   7.87062381e-01   1.05261142e-02  -1.17953442e+00  -2.55539194e-12   1.42494095e-11  -1.57796324e-12
  3.33600000e-05   1.00044433e+00  -2.92704063e-02  -1.52415727e+00   1.51903391e-11  -3.07388122e-12   1.00298458e-11
  3.34400000e-05   5.08958035e-01  -2.60601387e-02  -1.36894721e+00  -3.83243821e-12  -1.49075014e-11  -1.14106567e-12
  3.35200000e-05   9.03461487e-01  -5.78206375e-02  -7.08728170e-01  -7.49895807e-12   1.07494012e-12  -9.64710283e-12
  3.36000000e-05   6.12756196e-01  -4.08980855e-02  -1.41281809e+00   1.29548531e-12   1.62376475e-11   9.18221214e-14
  3.36800000e-05   7.96287636e-01  -8.66020196e-02  -1.59951639e+00   1.69128865e-11  -9.80784243e-13   8.47284863e-12
  3.37600000e-05   9.45952340e-01  -1.42623250e-01  -1.03776013e+00  -4.89058481e-12  -1.43115393e-11  -2.49103992e-12
  3.38400000e-05   3.36878094e-01  -3.31236983e-02  -1.23882041e+00  -1.33477983e-11   2.66160359e-12  -3.70089398e-12
  3.39200000e-05   7.49890220e-01  -1.12069882e-01  -1.25702421e+00  -1.25702546e-12   1.59071114e-11  -2.16808807e-12
  3.40000000e-05   9.32362321e-01  -1.92008339e-01  -1.53307563e+00   1.65405762e-11  -3.08686748e-12   1.04460041e-11
  3.40800000e-05   4.47131289e-01  -9.22494145e-02  -1.35322695e+00  -5.47530108e-12  -1.50730572e-11  -7.81611486e-13
  3.41600000e-05   4.58370166e-01  -8.91244897e-02  -1.12849606e+00  -1.27368605e-11   4.02900063e-13  -5.20525086e-12
  3.42400000e-05   8.80820995e-01  -2.09945835e-01  -1.20524727e+00  -1.17947827e-12   1.67522286e-11  -3.78011216e-12
  3.43200000e-05   5.68422773e-01  -1.57259109e-01  -1.59320168e+00   1.78013145e-11  -3.28377215e-12   6.67528524e-12
  3.44000000e-05   3.87949397e-01  -1.11448738e-01  -1.41889489e+00  -1.74117925e-12  -1.70027932e-11   8.59436738e-13
  3.44800000e-05   4.54816727e-01  -1.27139984e-01  -1.17354790e+00  -1.36313819e-11  -2.33773776e-12  -5.02967161e-12
  3.45600000e-05   7.24128772e-01  -2.20261029e-01  -1.23728408e+00  -5.04027979e-12   1.53106722e-11  -5.67545979e-12
  3.46400000e-05   4.95728405e-01  -1.66869475e-01  -1.59884176e+00   1.83426645e-11   5.02066925e-12   5.16322726e-12
  3.47200000e-05   2.71033994e-01  -9.82628935e-02  -1.46504486e+00   2.78555502e-12  -1.74907302e-11   1.68846015e-12
  3.48000000e-05   1.60437563e-01  -5.38741020e-02  -1.37469627e+00  -1.50425045e-11  -7.09222650e-12  -1.47763217e-12
  3.48800000e-05   1.58314097e-01  -5.12848137e-02  -1.45378470e+00  -1.19528425e-11   1.30597861e-11  -1.76234635e-12
  3.49600000e-05   2.14826448e-01  -7.78369189e-02  -1.61717876e+00   1.21999601e-11   1.58275346e-11   8.58846034e-13
  3.50400000e-05   2.56903517e-01  -1.06014202e-01  -1.58629364e+00   1.61337007e-11  -1.11036895e-11   3.35496098e-12
  3.51200000e-05   2.77504476e-01  -1.19204445e-01  -1.38259655e+00  -7.36767538e-12  -1.59962811e-11  -9.96205943e-14
  3.52000000e-05   2.31110966e-01  -9.48603276e-02  -1.34914344e+00  -1.67548792e-11   2.36546179e-12  -3.03646350e-12
  3.52800000e-05   1.27730262e-01  -5.24021309e-02  -1.54673950e+00   1.49992781e-13   1.95280955e-11  -6.49207701e-13
  3.53600000e-05  -2.00525208e-02   8.76234450e-03  -1.62133977e+00   2.04003612e-11  -1.90309261e-12  -2.62594076e-13
  3.54400000e-05  -1.55396007e-01   7.63321712e-02  -1.43566230e+00  -2.22750679e-12  -1.83290542e-11  -7.33425156e-13
  3.55200000e-05  -2.24629004e-01   1.07317234e-01  -1.33844866e+00  -1.72869709e-11  -1.90498195e-12   2.74849367e-12
  3.56000000e-05  -1.24880759e-01   5.80719964e-02  -1.50020344e+00  -4.71603357e-12   1.89188265e-11   1.12491135e-12
  3.56800000e-05   5.24164554e-02  -2.67803991e-02  -1.62822883e+00   2.11145268e-11   1.47220059e-12   6.55511384e-13
  3.57600000e-05   1.77493612e-01  -9.80944846e-02  -1.45307751e+00  -1.59559182e-14  -1.93432473e-11   1.30387662e-12
  3.58400000e-05   1.43531029e-01  -7.75525719e-02  -1.34553881e+00  -1.76250456e-11  -3.26962561e-12  -1.69164430e-12
  3.59200000e-05  -6.35000436e-02   3.26719918e-02  -1.51441829e+00  -3.15601300e-12   1.99395740e-11   5.62508103e-13
  3.60000000e-05  -1.34619405e-01   7.57806938e-02  -1.63145502e+00   2.20819984e-11  -7.78233934e-15  -1.82245616e-12
  3.60800000e-05  -7.50524793e-02   4.54452389e-02  -1.43832545e+00  -8.61460091e-13  -1.94397340e-11  -5.69265211e-13
  3.61600000e-05   1.29214931e-01  -7.58833994e-02  -1.36497734e+00  -1.86159046e-11   1.20417143e-12  -1.82920944e-12
  3.62400000e-05   1.39909874e-01  -8.07349232e-02  -1.55819173e+00   7.86539434e-13   2.16000687e-11  -1.04854571e-12
  3.63200000e-05  -1.81179398e-02   1.12713961e-02  -1.55383393e+00   2.03716371e-11  -6.45617056e-12  -2.84368967e-13
  3.64000000e-05  -1.43219280e-01   9.42430197e-02  -1.41728179e+00  -7.79724710e-12  -1.84514174e-11  -4.39010214e-13
  3.64800000e-05  -3.90270008e-02   2.43186812e-02  -1.39604924e+00  -1.83308944e-11   6.87182368e-12   6.32150712e-13
  3.65600000e-05   7.72413442e-02  -4.81102206e-02  -1.59887480e+00   1.24120378e-11   1.90550391e-11   2.62561833e-14
  3.66400000e-05   2.59655709e-02  -1.77253453e-02  -1.49065070e+00   1.59534422e-11  -1.39550580e-11   4.43831982e-13
  3.67200000e-05  -1.00042870e-01   6.88016828e-02  -1.39502147e+00  -1.57265608e-11  -1.25255274e-11   5.10065932e-13
  3.68000000e-05  -7.62208126e-02   4.90389291e-02  -1.51018749e+00  -1.30606667e-11   1.75532999e-11   1.22917828e-12
