       time             b_x              b_y              b_z              F_x              F_y              F_z
  0.00000000e+00   3.33859004e-05   3.29967194e-05  -1.16405361e-03   5.90613114e-15   1.77270388e-15   2.19641876e-16
  8.00000000e-08   4.43352900e-05   4.47304149e-05  -1.05599425e-03   5.39005131e-15   1.59310223e-15   2.93779641e-16
  1.60000000e-07   5.01100041e-05   5.02394344e-05  -9.55213433e-04   4.89589286e-15   1.43280118e-15   3.32194169e-16
  2.40000000e-07   5.16725397e-05   5.14395165e-05  -8.59721472e-04   4.41839367e-15   1.28697764e-15   3.42565749e-16
  3.20000000e-07   5.21926395e-05   5.16986913e-05  -7.69081539e-04   3.96392880e-15   1.14745889e-15   3.46140190e-16
  4.00000000e-07   4.90819140e-05   4.86536039e-05  -6.84363910e-04   3.53144454e-15   1.02353832e-15   3.26038357e-16
  4.80000000e-07   4.74904072e-05   4.73284612e-05  -6.00219048e-04   3.10725673e-15   8.93392778e-16   3.16297514e-16
  5.60000000e-07   4.05234977e-05   4.05113267e-05  -5.20750960e-04   2.69280363e-15   7.82409287e-16   2.70413827e-16
  6.40000000e-07   2.14982501e-05   2.11844716e-05  -4.44471709e-04   2.26224118e-15   7.05926630e-16   1.43066269e-16
