       time             b_x              b_y              b_z              F_x              F_y              F_z
  0.00000000e+00  -7.90902347e-03  -4.60584642e-03  -4.50953158e-02   1.84008943e-16  -1.77339328e-16  -1.41596378e-17
  8.00000000e-08  -7.74227611e-03  -4.50832315e-03  -4.46442777e-02   2.28185511e-16  -1.00902562e-16  -2.93827999e-17
  1.60000000e-07  -7.61043050e-03  -4.43139805e-03  -4.41777331e-02   2.43768137e-16  -1.58862241e-17  -4.04000423e-17
  2.40000000e-07  -7.52561610e-03  -4.38827988e-03  -4.37691103e-02   2.31108349e-16   6.75168985e-17  -4.65057604e-17
  3.20000000e-07  -7.49256636e-03  -4.36892421e-03  -4.33587333e-02   1.92992918e-16   1.39850322e-16  -4.74416006e-17
  4.00000000e-07  -7.48581172e-03  -4.36483398e-03  -4.29425541e-02   1.34938016e-16   1.94080362e-16  -4.32496199e-17
  4.80000000e-07  -7.49801797e-03  -4.37164592e-03  -4.25241543e-02   6.44043035e-17   2.25272898e-16  -3.45149244e-17
  5.60000000e-07  -7.52006351e-03  -4.38397439e-03  -4.21072236e-02  -1.03362075e-17   2.31358865e-16  -2.22418465e-17
  6.40000000e-07  -7.54210995e-03  -4.39604167e-03  -4.16951355e-02  -8.11797026e-17   2.13084236e-16  -7.78174563e-18
  7.20000000e-07  -7.55467165e-03  -4.40230449e-03  -4.12905940e-02  -1.41036061e-16   1.73666956e-16   7.28849556e-18
  8.00000000e-07  -7.54957321e-03  -4.39801200e-03  -4.08953864e-02  -1.84467423e-16   1.18240879e-16   2.13379940e-17
  8.80000000e-07  -7.52070667e-03  -4.37964413e-03  -4.05102624e-02  -2.08083589e-16   5.31716344e-17   3.28821074e-17
  9.60000000e-07  -7.29885231e-03  -4.24808342e-03  -4.02852024e-02  -2.14839541e-16  -1.11879751e-17   4.01042923e-17
  1.04000000e-06  -7.23560898e-03  -4.20987865e-03  -3.99725566e-02  -1.98235914e-16  -7.70794219e-17   4.40015032e-17
  1.12000000e-06  -7.14953282e-03  -4.15847663e-03  -3.96650434e-02  -1.63407227e-16  -1.33600481e-16   4.34604291e-17
  1.20000000e-06  -7.04431506e-03  -4.09607996e-03  -3.93605921e-02  -1.14465755e-16  -1.75870243e-16   3.87878164e-17
  1.28000000e-06  -6.92531704e-03  -4.02584797e-03  -3.90569219e-02  -5.65864252e-17  -2.00634409e-16   3.07142116e-17
  1.36000000e-06  -6.79899416e-03  -3.95155851e-03  -3.87517518e-02   4.55106519e-18  -2.06457945e-16   2.02542582e-17
  1.44000000e-06  -6.67225379e-03  -3.87723322e-03  -3.84429961e-02   6.33216521e-17  -1.93728209e-16   8.54853546e-18
  1.52000000e-06  -6.55181262e-03  -3.80676423e-03  -3.81289320e-02   1.14663692e-16  -1.64483649e-16  -3.28109239e-18
  1.60000000e-06  -6.44361321e-03  -3.74357705e-03  -3.78083312e-02   1.54493792e-16  -1.22100231e-16  -1.42404226e-17
  1.68000000e-06  -6.21861369e-03  -3.61425563e-03  -3.76262659e-02   1.77689964e-16  -6.80635025e-17  -2.28294338e-17
  1.76000000e-06  -6.16346657e-03  -3.58260290e-03  -3.73387944e-02   1.87230154e-16  -1.35330392e-17  -2.96073644e-17
  1.84000000e-06  -6.12642336e-03  -3.56147716e-03  -3.70461806e-02   1.81163709e-16   4.04633061e-17  -3.38495009e-17
  1.92000000e-06  -6.10707734e-03  -3.55060386e-03  -3.67493620e-02   1.60702976e-16   8.95388968e-17  -3.53568767e-17
  2.00000000e-06  -6.10361324e-03  -3.54889358e-03  -3.64495965e-02   1.28164661e-16   1.29982819e-16  -3.41173246e-17
  2.08000000e-06  -6.11301803e-03  -3.55456721e-03  -3.61483444e-02   8.66932720e-17   1.59009840e-16  -3.02965105e-17
  2.16000000e-06  -6.13137383e-03  -3.56532805e-03  -3.58471380e-02   3.99414088e-17   1.74908657e-16  -2.42279439e-17
  2.24000000e-06  -6.15420325e-03  -3.57856368e-03  -3.55474517e-02  -8.26036158e-18   1.77088795e-16  -1.63974507e-17
  2.32000000e-06  -5.97216785e-03  -3.47356876e-03  -3.53868013e-02  -5.74412186e-17   1.71550564e-16  -7.14515216e-18
  2.40000000e-06  -5.99263226e-03  -3.48519623e-03  -3.51352823e-02  -9.95532590e-17   1.47780586e-16   2.32079334e-18
  2.48000000e-06  -6.00513210e-03  -3.49207533e-03  -3.48877595e-02  -1.33160309e-16   1.13908451e-16   1.15188926e-17
  2.56000000e-06  -6.00673343e-03  -3.49252576e-03  -3.46444526e-02  -1.56179503e-16   7.27857781e-17   1.97411817e-17
  2.64000000e-06  -5.99537096e-03  -3.48537817e-03  -3.44052613e-02  -1.67400912e-16   2.76365055e-17   2.63711671e-17
  2.72000000e-06  -5.96996171e-03  -3.47003781e-03  -3.41697903e-02  -1.66516200e-16  -1.81952806e-17   3.09405952e-17
  2.80000000e-06  -5.93044281e-03  -3.44650385e-03  -3.39373947e-02  -1.54081560e-16  -6.14885735e-17   3.31696789e-17
  2.88000000e-06  -5.87773539e-03  -3.41534593e-03  -3.37072381e-02  -1.31423057e-16  -9.93638139e-17   3.29849556e-17
  2.96000000e-06  -5.81364170e-03  -3.37764198e-03  -3.34783593e-02  -1.00495530e-16  -1.29462921e-16   3.05129769e-17
  3.04000000e-06  -5.52197106e-03  -3.20495578e-03  -3.33715422e-02  -6.73737549e-17  -1.45148920e-16   2.50881961e-17
  3.12000000e-06  -5.45689185e-03  -3.16688152e-03  -3.31707638e-02  -2.82772404e-17  -1.56680541e-16   1.96104785e-17
  3.20000000e-06  -5.38937795e-03  -3.12750385e-03  -3.29685960e-02   1.17493558e-17  -1.57680833e-16   1.30374279e-17
  3.28000000e-06  -5.32237353e-03  -3.08852985e-03  -3.27643614e-02   5.00798583e-17  -1.48476699e-16   5.86097197e-18
  3.36000000e-06  -5.25871976e-03  -3.05159988e-03  -3.25575266e-02   8.43263186e-17  -1.30045495e-16  -1.43136365e-18
  3.44000000e-06  -5.20097676e-03  -3.01818508e-03  -3.23477296e-02   1.12481268e-16  -1.03910865e-16  -8.38977700e-18
  3.52000000e-06  -5.15127296e-03  -2.98950105e-03  -3.21347981e-02   1.33024846e-16  -7.20089330e-17  -1.46251583e-17
  3.60000000e-06  -5.11118954e-03  -2.96644231e-03  -3.19187544e-02   1.44992096e-16  -3.65367751e-17  -1.98221347e-17
  3.68000000e-06  -5.08168537e-03  -2.94954021e-03  -3.16998089e-02   1.47998954e-16   2.04659705e-19  -2.37442368e-17
  3.76000000e-06  -4.87581803e-03  -2.82955125e-03  -3.15972708e-02   1.39371097e-16   4.04709015e-17  -2.51307338e-17
  3.84000000e-06  -4.87165704e-03  -2.82675755e-03  -3.14014763e-02   1.24618093e-16   7.24892576e-17  -2.58588531e-17
  3.92000000e-06  -4.87567375e-03  -2.82865523e-03  -3.12047066e-02   1.03046634e-16   9.95464994e-17  -2.51245592e-17
  4.00000000e-06  -4.88652944e-03  -2.83445050e-03  -3.10075628e-02   7.61548470e-17   1.20260350e-16  -2.29945486e-17
  4.08000000e-06  -4.80821125e-03  -2.78824010e-03  -3.08514277e-02   4.43122612e-17   1.36033887e-16  -1.92003384e-17
  4.16000000e-06  -4.80218072e-03  -2.78437508e-03  -3.06580423e-02   1.11793732e-17   1.41804827e-16  -1.46298708e-17
  4.24000000e-06  -4.79721674e-03  -2.78102359e-03  -3.04658371e-02  -2.18298890e-17   1.39537771e-16  -9.30009319e-18
  4.32000000e-06  -4.79129658e-03  -2.77700890e-03  -3.02754934e-02  -5.29030479e-17   1.29649550e-16  -3.51980261e-18
  4.40000000e-06  -4.78249362e-03  -2.77121601e-03  -3.00875719e-02  -8.04237757e-17   1.12953201e-16   2.38000176e-18
  4.48000000e-06  -4.73856208e-03  -2.74653126e-03  -2.99347531e-02  -1.03696193e-16   9.13942571e-17   8.02925165e-18
  4.56000000e-06  -4.72297370e-03  -2.73752171e-03  -2.97745759e-02  -1.20656789e-16   6.45888433e-17   1.32007080e-17
  4.64000000e-06  -4.70095718e-03  -2.72473246e-03  -2.96171276e-02  -1.30991739e-16   3.49384024e-17   1.75772872e-17
  4.72000000e-06  -4.67188569e-03  -2.70781895e-03  -2.94623159e-02  -1.34376779e-16   4.07522707e-18   2.09337913e-17
  4.80000000e-06  -4.63550857e-03  -2.68665610e-03  -2.93099161e-02  -1.30860084e-16  -2.63718733e-17   2.31135153e-17
  4.88000000e-06  -4.59195263e-03  -2.66133794e-03  -2.91595871e-02  -1.20840669e-16  -5.48610761e-17   2.40366398e-17
  4.96000000e-06  -4.54170372e-03  -2.63216591e-03  -2.90108935e-02  -1.05030417e-16  -8.00121075e-17   2.37022061e-17
  5.04000000e-06  -4.48557084e-03  -2.59962705e-03  -2.88633301e-02  -8.44026447e-17  -1.00668662e-16   2.21836848e-17
  5.12000000e-06  -4.42463509e-03  -2.56436355e-03  -2.87163482e-02  -6.01305499e-17  -1.15946200e-16   1.96189274e-17
  5.20000000e-06  -4.32989114e-03  -2.50562680e-03  -2.86082457e-02  -3.42652366e-17  -1.24700028e-16   1.61078202e-17
  5.28000000e-06  -4.27428585e-03  -2.47225922e-03  -2.84760343e-02  -6.63817610e-18  -1.28226192e-16   1.21288605e-17
  5.36000000e-06  -4.21809898e-03  -2.43865599e-03  -2.83428463e-02   2.07308236e-17  -1.25550984e-16   7.71732635e-18
  5.44000000e-06  -4.16266562e-03  -2.40559333e-03  -2.82082939e-02   4.65412045e-17  -1.16983686e-16   3.10829514e-18
  5.52000000e-06  -4.10925590e-03  -2.37380477e-03  -2.80720583e-02   6.96162884e-17  -1.03105658e-16  -1.47187075e-18
  5.60000000e-06  -4.05901673e-03  -2.34394774e-03  -2.79339034e-02   8.89545795e-17  -8.47292414e-17  -5.81612992e-18
  5.68000000e-06  -4.01292170e-03  -2.31657498e-03  -2.77936845e-02   1.03769782e-16  -6.28473313e-17  -9.74428030e-18
  5.76000000e-06  -3.97173132e-03  -2.29211216e-03  -2.76513526e-02   1.13518104e-16  -3.85768032e-17  -1.31075341e-17
  5.84000000e-06  -3.89451354e-03  -2.24957686e-03  -2.75322595e-02   1.17429635e-16  -1.20822225e-17  -1.56235420e-17
  5.92000000e-06  -3.86890435e-03  -2.23520410e-03  -2.74021975e-02   1.16368296e-16   1.32760433e-17  -1.75129193e-17
  6.00000000e-06  -3.84835920e-03  -2.22378234e-03  -2.72706661e-02   1.10146210e-16   3.75477910e-17  -1.86053502e-17
  6.08000000e-06  -3.83264687e-03  -2.21515844e-03  -2.71379368e-02   9.91856425e-17   5.96917045e-17  -1.88802166e-17
  6.16000000e-06  -3.82132775e-03  -2.20905897e-03  -2.70043298e-02   8.41026448e-17   7.88013294e-17  -1.83474486e-17
  6.24000000e-06  -3.81377901e-03  -2.20510566e-03  -2.68701981e-02   6.56699604e-17   9.41386493e-17  -1.70462601e-17
  6.32000000e-06  -3.80922680e-03  -2.20283468e-03  -2.67359116e-02   4.47750749e-17   1.05157933e-16  -1.50435850e-17
  6.40000000e-06  -3.80678364e-03  -2.20171899e-03  -2.66018397e-02   2.23757442e-17   1.11519534e-16  -1.24320083e-17
  6.48000000e-06  -3.80548916e-03  -2.20119236e-03  -2.64683356e-02  -5.44747764e-19   1.13093847e-16  -9.32692877e-18
  6.56000000e-06  -3.74831656e-03  -2.16730101e-03  -2.63648491e-02  -2.39632914e-17   1.11343174e-16  -5.74599047e-18
  6.64000000e-06  -3.74862450e-03  -2.16730188e-03  -2.62446209e-02  -4.53814018e-17   1.03557368e-16  -2.06984298e-18
  6.72000000e-06  -3.74731320e-03  -2.16629363e-03  -2.61256232e-02  -6.45914304e-17   9.16934268e-17   1.66156546e-18
  6.80000000e-06  -3.74361214e-03  -2.16383579e-03  -2.60079954e-02  -8.08775444e-17   7.63379371e-17   5.29034993e-18
  6.88000000e-06  -3.73685960e-03  -2.15955343e-03  -2.58918187e-02  -9.36670308e-17   5.81970620e-17   8.66454694e-18
  6.96000000e-06  -3.72652636e-03  -2.15315053e-03  -2.57771144e-02  -1.02546727e-16   3.80633190e-17   1.16454860e-17
  7.04000000e-06  -3.71223321e-03  -2.14441962e-03  -2.56638449e-02  -1.07272287e-16   1.67806739e-17   1.41146012e-17
  7.12000000e-06  -3.69376205e-03  -2.13324765e-03  -2.55519180e-02  -1.07770385e-16  -4.79064905e-18   1.59791448e-17
  7.20000000e-06  -3.67106022e-03  -2.11961802e-03  -2.54411911e-02  -1.04134206e-16  -2.58083137e-17   1.71763462e-17
  7.28000000e-06  -3.56231587e-03  -2.05790212e-03  -2.53908002e-02  -9.81784219e-17  -4.36496425e-17   1.73121461e-17
  7.36000000e-06  -3.53440983e-03  -2.04187631e-03  -2.52954741e-02  -8.74839945e-17  -6.16714259e-17   1.72018802e-17
  7.44000000e-06  -3.50334620e-03  -2.02405473e-03  -2.52006154e-02  -7.36833148e-17  -7.70909241e-17   1.64350911e-17
  7.52000000e-06  -3.46959457e-03  -2.00471706e-03  -2.51059804e-02  -5.73677429e-17  -8.93867662e-17   1.50656529e-17
  7.60000000e-06  -3.43371692e-03  -1.98419486e-03  -2.50113211e-02  -3.92052574e-17  -9.81710673e-17   1.31704472e-17
  7.68000000e-06  -3.39634431e-03  -1.96285786e-03  -2.49163943e-02  -1.99125665e-17  -1.03199411e-16   1.08440933e-17
  7.76000000e-06  -3.36747424e-03  -1.94379194e-03  -2.48248416e-02  -1.46889761e-19  -1.04591531e-16   8.20947125e-18
  7.84000000e-06  -3.33048386e-03  -1.92227944e-03  -2.47262394e-02   1.92580689e-17  -1.01972368e-16   5.33363354e-18
  7.92000000e-06  -3.29405524e-03  -1.90113334e-03  -2.46267522e-02   3.76299626e-17  -9.57271707e-17   2.35658116e-18
  8.00000000e-06  -3.19229789e-03  -1.84418756e-03  -2.45635995e-02   5.32348377e-17  -8.47823317e-17  -5.53133036e-19
  8.08000000e-06  -3.16202141e-03  -1.82697941e-03  -2.44726226e-02   6.75660013e-17  -7.26207779e-17  -3.30853289e-18
  8.16000000e-06  -3.13381739e-03  -1.81100578e-03  -2.43806222e-02   7.92763671e-17  -5.80909240e-17  -5.87493858e-18
  8.24000000e-06  -3.12034633e-03  -1.79877902e-03  -2.42700934e-02   8.80463049e-17  -4.20704087e-17  -8.20184713e-18
  8.32000000e-06  -3.09829174e-03  -1.78604775e-03  -2.41739574e-02   9.36265467e-17  -2.45790651e-17  -1.01838093e-17
  8.40000000e-06  -3.07920160e-03  -1.77504718e-03  -2.40768388e-02   9.58846644e-17  -6.53066346e-18  -1.17812799e-17
  8.48000000e-06  -3.06317317e-03  -1.76582154e-03  -2.39788198e-02   9.48229258e-17   1.14403305e-17  -1.29556261e-17
  8.56000000e-06  -3.05019735e-03  -1.75835363e-03  -2.38800125e-02   9.05581724e-17   2.87229187e-17  -1.36819587e-17
  8.64000000e-06  -2.96557725e-03  -1.71078835e-03  -2.38310879e-02   8.23238843e-17   4.66528064e-17  -1.35936268e-17
  8.72000000e-06  -2.95916058e-03  -1.70702862e-03  -2.37438309e-02   7.20998052e-17   6.07722823e-17  -1.33548343e-17
  8.80000000e-06  -2.95488884e-03  -1.70447043e-03  -2.36563447e-02   5.96184151e-17   7.26616065e-17  -1.26822361e-17
  8.88000000e-06  -2.95241298e-03  -1.70290678e-03  -2.35688056e-02   4.53419615e-17   8.19767786e-17  -1.16029218e-17
  8.96000000e-06  -2.95132951e-03  -1.70210073e-03  -2.34813895e-02   2.97782862e-17   8.84689608e-17  -1.01556433e-17
  9.04000000e-06  -2.90981766e-03  -1.68611246e-03  -2.34451572e-02   1.29140905e-17   9.32170243e-17  -8.30670626e-18
  9.12000000e-06  -2.90177639e-03  -1.68191277e-03  -2.33609684e-02  -3.96916172e-18   9.37903803e-17  -6.25957008e-18
  9.20000000e-06  -2.89372280e-03  -1.67767602e-03  -2.32775055e-02  -2.05357549e-17   9.13234304e-17  -4.02905486e-18
  9.28000000e-06  -2.88519537e-03  -1.67313395e-03  -2.31949156e-02  -3.62648912e-17   8.59597054e-17  -1.68962913e-18
  9.36000000e-06  -2.86681466e-03  -1.65548635e-03  -2.30765098e-02  -5.08154518e-17   7.78910299e-17   7.25020609e-19
  9.44000000e-06  -2.85814564e-03  -1.65106295e-03  -2.30060137e-02  -6.34698275e-17   6.75062181e-17   3.04046567e-18
  9.52000000e-06  -2.84718085e-03  -1.64473222e-03  -2.29332513e-02  -7.40439551e-17   5.51293382e-17   5.23883553e-18
  9.60000000e-06  -2.83439491e-03  -1.63732530e-03  -2.28615329e-02  -8.22410277e-17   4.11823103e-17   7.24687676e-18
  9.68000000e-06  -2.81956776e-03  -1.62871949e-03  -2.27908585e-02  -8.78554125e-17   2.61237361e-17   9.00212030e-18
  9.76000000e-06  -2.80254371e-03  -1.61882980e-03  -2.27211970e-02  -9.07655032e-17   1.04347859e-17   1.04520086e-17
  9.84000000e-06  -2.78323501e-03  -1.60761089e-03  -2.26524873e-02  -9.09347525e-17  -5.39602269e-18   1.15557947e-17
  9.92000000e-06  -2.76162323e-03  -1.59505770e-03  -2.25846410e-02  -8.84101569e-17  -2.08877375e-17   1.22859022e-17
  1.00000000e-05  -2.73775849e-03  -1.58120482e-03  -2.25175454e-02  -8.33183423e-17  -3.55811654e-17   1.26286682e-17
  1.00800000e-05  -2.69752597e-03  -1.55552343e-03  -2.24482082e-02  -7.61296296e-17  -4.87549276e-17   1.25266606e-17
  1.01600000e-05  -2.67248390e-03  -1.54054895e-03  -2.23817921e-02  -6.65831286e-17  -6.07368515e-17   1.21308620e-17
  1.02400000e-05  -2.64584981e-03  -1.52468874e-03  -2.23157181e-02  -5.52348064e-17  -7.08012573e-17   1.13862740e-17
  1.03200000e-05  -2.61787774e-03  -1.50809246e-03  -2.22498222e-02  -4.24508871e-17  -7.86870380e-17   1.03281077e-17
  1.04000000e-05  -2.58885673e-03  -1.49092888e-03  -2.21839370e-02  -2.86310474e-17  -8.42032978e-17   9.00033246e-18
  1.04800000e-05  -2.55910174e-03  -1.47338062e-03  -2.21178973e-02  -1.41957884e-17  -8.72330520e-17   7.45350939e-18
  1.05600000e-05  -2.52894391e-03  -1.45563851e-03  -2.20515441e-02   4.26431655e-19  -8.77346259e-17   5.74252206e-18
  1.06400000e-05  -2.49872066e-03  -1.43789590e-03  -2.19847293e-02   1.48119178e-17  -8.57407748e-17   3.92433595e-18
  1.07200000e-05  -2.45345860e-03  -1.41421838e-03  -2.19431251e-02   2.83971909e-17  -8.10245603e-17   2.04688666e-18
  1.08000000e-05  -2.42737936e-03  -1.39920850e-03  -2.18878858e-02   4.11423461e-17  -7.45237424e-17   2.01306415e-19
  1.08800000e-05  -2.40212206e-03  -1.38468973e-03  -2.18319066e-02   5.25535444e-17  -6.60122101e-17  -1.59553629e-18
  1.09600000e-05  -2.37793155e-03  -1.37080151e-03  -2.17751424e-02   6.23304395e-17  -5.57628176e-17  -3.29631663e-18
  1.10400000e-05  -2.35501912e-03  -1.35766352e-03  -2.17175705e-02   7.02252916e-17  -4.40918571e-17  -4.85873862e-18
  1.11200000e-05  -2.33355717e-03  -1.34537267e-03  -2.16591906e-02   7.60487036e-17  -3.13488126e-17  -6.24622428e-18
  1.12000000e-05  -2.31367504e-03  -1.33400076e-03  -2.16000246e-02   7.96734695e-17  -1.79054620e-17  -7.42835346e-18
  1.12800000e-05  -2.29545619e-03  -1.32359298e-03  -2.15401160e-02   8.10364803e-17  -4.14468633e-18  -8.38109749e-18
  1.13600000e-05  -2.27893670e-03  -1.31416709e-03  -2.14795281e-02   8.01387019e-17   9.55065761e-18  -9.08689374e-18
  1.14400000e-05  -2.25287381e-03  -1.29787550e-03  -2.14018512e-02   7.68049792e-17   2.29885390e-17  -9.47900190e-18
  1.15200000e-05  -2.24117517e-03  -1.29078315e-03  -2.13362627e-02   7.16197147e-17   3.53551525e-17  -9.66186836e-18
  1.16000000e-05  -2.23088239e-03  -1.28448677e-03  -2.12701997e-02   6.45527483e-17   4.66102439e-17  -9.58523352e-18
  1.16800000e-05  -2.22186640e-03  -1.27890985e-03  -2.12037732e-02   5.58271477e-17   5.64736599e-17  -9.25614426e-18
  1.17600000e-05  -2.21396524e-03  -1.27395734e-03  -2.11371027e-02   4.57047846e-17   6.47095768e-17  -8.68738005e-18
  1.18400000e-05  -2.20698892e-03  -1.26951859e-03  -2.10703133e-02   3.44779935e-17   7.11313876e-17  -7.89713788e-18
  1.19200000e-05  -2.20072499e-03  -1.26547051e-03  -2.10035315e-02   2.24607431e-17   7.56050404e-17  -6.90864141e-18
  1.20000000e-05  -2.19494442e-03  -1.26168098e-03  -2.09368826e-02   9.97959860e-18   7.80508181e-17  -5.74965715e-18
  1.20800000e-05  -2.18940792e-03  -1.25801250e-03  -2.08704870e-02  -2.63526304e-18   7.84436002e-17  -4.45190204e-18
  1.21600000e-05  -2.15997829e-03  -1.24405414e-03  -2.08676987e-02  -1.55460434e-17   7.76810711e-17  -3.02191167e-18
  1.22400000e-05  -2.15452373e-03  -1.24128234e-03  -2.08196829e-02  -2.76632181e-17   7.40959921e-17  -1.55492219e-18
  1.23200000e-05  -2.14862574e-03  -1.23823190e-03  -2.07722588e-02  -3.89974758e-17   6.86453343e-17  -5.81478589e-20
  1.24000000e-05  -2.14208239e-03  -1.23478685e-03  -2.07254709e-02  -4.92736809e-17   6.14928729e-17   1.42904803e-18
  1.24800000e-05  -2.13470933e-03  -1.23084196e-03  -2.06793470e-02  -5.82484411e-17   5.28420508e-17   2.86775388e-18
  1.25600000e-05  -2.12634423e-03  -1.22630519e-03  -2.06338986e-02  -6.57153900e-17   4.29300168e-17   4.22063903e-18
  1.26400000e-05  -2.11685050e-03  -1.22109987e-03  -2.05891199e-02  -7.15094184e-17   3.20210162e-17   5.45306890e-18
  1.27200000e-05  -2.10612042e-03  -1.21516636e-03  -2.05449890e-02  -7.55097932e-17   2.03993048e-17   6.53415624e-18
  1.28000000e-05  -2.06683107e-03  -1.19098793e-03  -2.04541121e-02  -7.78054984e-17   8.85343007e-18   7.34651752e-18
  1.28800000e-05  -2.05449928e-03  -1.18329679e-03  -2.04017056e-02  -7.80729824e-17  -3.33940155e-18   8.05581612e-18
  1.29600000e-05  -2.04090688e-03  -1.17487888e-03  -2.03498926e-02  -7.64631013e-17  -1.53423341e-17   8.55431807e-18
  1.30400000e-05  -2.02607452e-03  -1.16574870e-03  -2.02986150e-02  -7.30438977e-17  -2.68666842e-17   8.83371511e-18
  1.31200000e-05  -2.01005230e-03  -1.15593764e-03  -2.02478028e-02  -6.79257040e-17  -3.76410556e-17   8.89207251e-18
  1.32000000e-05  -1.99291808e-03  -1.14549299e-03  -2.01973756e-02  -6.12574855e-17  -4.74174457e-17   8.73368430e-18
  1.32800000e-05  -1.97477521e-03  -1.13447649e-03  -2.01472449e-02  -5.32223736e-17  -5.59766399e-17   8.36870785e-18
  1.33600000e-05  -1.95574964e-03  -1.12296269e-03  -2.00973163e-02  -4.40325119e-17  -6.31327882e-17   7.81260209e-18
  1.34400000e-05  -1.93598655e-03  -1.11103691e-03  -2.00474917e-02  -3.39233512e-17  -6.87370761e-17   7.08540412e-18
  1.35200000e-05  -1.89200661e-03  -1.08906786e-03  -2.01053673e-02  -2.36666515e-17  -7.23099266e-17   6.14402494e-18
  1.36000000e-05  -1.87278866e-03  -1.07828989e-03  -2.00721383e-02  -1.24644009e-17  -7.46772616e-17   5.17468161e-18
  1.36800000e-05  -1.85335451e-03  -1.06739630e-03  -2.00385441e-02  -1.08320444e-18  -7.52761382e-17   4.10993098e-18
  1.37600000e-05  -1.83387298e-03  -1.05648550e-03  -2.00045230e-02   1.02058708e-17  -7.41117893e-17   2.97841444e-18
  1.38400000e-05  -1.81451218e-03  -1.04565524e-03  -1.99700236e-02   2.11377303e-17  -7.12312914e-17   1.80914679e-18
  1.39200000e-05  -1.79543549e-03  -1.03500030e-03  -1.99350063e-02   3.14595013e-17  -6.67217256e-17   6.30724718e-19
  1.40000000e-05  -1.77679784e-03  -1.02461031e-03  -1.98994433e-02   4.09363691e-17  -6.07073916e-17  -5.29373262e-19
  1.40800000e-05  -1.75874213e-03  -1.01456766e-03  -1.98633199e-02   4.93568604e-17  -5.33461648e-17  -1.64537935e-18
  1.41600000e-05  -1.74139605e-03  -1.00494573e-03  -1.98266342e-02   5.65374492e-17  -4.48251069e-17  -2.69371444e-18
  1.42400000e-05  -1.70319269e-03  -9.82824492e-04  -1.96991442e-02   6.17747794e-17  -3.49417617e-17  -3.59775698e-18
  1.43200000e-05  -1.68922850e-03  -9.75226873e-04  -1.96529196e-02   6.59911855e-17  -2.49330466e-17  -4.43490411e-18
  1.44000000e-05  -1.67615170e-03  -9.68152100e-04  -1.96061364e-02   6.86506684e-17  -1.44647983e-17  -5.15475399e-18
  1.44800000e-05  -1.66400153e-03  -9.61621127e-04  -1.95588092e-02   6.97148734e-17  -3.78088153e-18  -5.74523116e-18
  1.45600000e-05  -1.65279562e-03  -9.55642261e-04  -1.95109652e-02   6.91825193e-17   6.87462344e-18  -6.19724575e-18
  1.46400000e-05  -1.64252996e-03  -9.50211162e-04  -1.94626425e-02   6.70885314e-17   1.72630602e-17  -6.50469098e-18
  1.47200000e-05  -1.63317927e-03  -9.45311128e-04  -1.94138902e-02   6.35023428e-17   2.71565360e-17  -6.66440799e-18
  1.48000000e-05  -1.62469788e-03  -9.40913653e-04  -1.93647663e-02   5.85254356e-17   3.63428412e-17  -6.67612634e-18
  1.48800000e-05  -1.59727155e-03  -9.20196664e-04  -1.94149171e-02   5.20090534e-17   4.54963622e-17  -6.43516434e-18
  1.49600000e-05  -1.59132343e-03  -9.16510769e-04  -1.93816920e-02   4.45165721e-17   5.27510284e-17  -6.14947084e-18
  1.50400000e-05  -1.58595074e-03  -9.13139380e-04  -1.93485365e-02   3.60728859e-17   5.87795541e-17  -5.73085955e-18
  1.51200000e-05  -1.58105010e-03  -9.10021741e-04  -1.93155216e-02   2.68730930e-17   6.34628563e-17  -5.18962352e-18
  1.52000000e-05  -1.57650824e-03  -9.07091795e-04  -1.92827147e-02   1.71259439e-17   6.67129753e-17  -4.53846802e-18
  1.52800000e-05  -1.57220452e-03  -9.04279671e-04  -1.92501784e-02   7.04903852e-18   6.84743777e-17  -3.79230346e-18
  1.53600000e-05  -1.56801364e-03  -9.01513252e-04  -1.92179688e-02  -3.13604471e-18   6.87245307e-17  -2.96798870e-18
  1.54400000e-05  -1.56380843e-03  -8.98719751e-04  -1.91861349e-02  -1.32085799e-17   6.74737601e-17  -2.08402123e-18
  1.55200000e-05  -1.52928450e-03  -8.81262533e-04  -1.90749376e-02  -2.31323650e-17   6.50189376e-17  -1.14929794e-18
  1.56000000e-05  -1.52239315e-03  -8.76673788e-04  -1.90508887e-02  -3.24026547e-17   6.09972419e-17  -2.17580590e-19
  1.56800000e-05  -1.51436362e-03  -8.71843290e-04  -1.90199937e-02  -4.09436068e-17   5.56680189e-17   7.08187412e-19
  1.57600000e-05  -1.50590008e-03  -8.66750763e-04  -1.89895745e-02  -4.85969199e-17   4.91774700e-17   1.60917222e-18
  1.58400000e-05  -1.49691356e-03  -8.61347444e-04  -1.89596445e-02  -5.52106016e-17   4.16737338e-17   2.46576006e-18
  1.59200000e-05  -1.48732638e-03  -8.55591241e-04  -1.89302068e-02  -6.06563937e-17   3.33241717e-17   3.25955155e-18
  1.60000000e-05  -1.47707359e-03  -8.49447555e-04  -1.89012543e-02  -6.48320213e-17   2.43116043e-17   3.97382271e-18
  1.60800000e-05  -1.46610427e-03  -8.42889923e-04  -1.88727701e-02  -6.76628743e-17   1.48303090e-17   4.59394728e-18
  1.61600000e-05  -1.45438241e-03  -8.35900502e-04  -1.88447278e-02  -6.91031045e-17   5.08186109e-18   5.10776332e-18
  1.62400000e-05  -1.44188754e-03  -8.28470347e-04  -1.88170920e-02  -6.91361278e-17  -4.72909965e-18   5.50586881e-18
  1.63200000e-05  -1.42358162e-03  -8.17476733e-04  -1.87741026e-02  -6.77893957e-17  -1.43004062e-17   5.76293786e-18
  1.64000000e-05  -1.41067672e-03  -8.09792509e-04  -1.87453058e-02  -6.50669500e-17  -2.36516637e-17   5.91835487e-18
  1.64800000e-05  -1.39710033e-03  -8.01729268e-04  -1.87167699e-02  -6.10574533e-17  -3.24740536e-17   5.94861122e-18
  1.65600000e-05  -1.38289033e-03  -7.93311550e-04  -1.86884420e-02  -5.58552565e-17  -4.05917328e-17   5.85621771e-18
  1.66400000e-05  -1.36809703e-03  -7.84570821e-04  -1.86602651e-02  -4.95779106e-17  -4.78453669e-17   5.64651521e-18
  1.67200000e-05  -1.35278198e-03  -7.75544761e-04  -1.86321800e-02  -4.23634589e-17  -5.40951458e-17   5.32743513e-18
  1.68000000e-05  -1.33701663e-03  -7.66276426e-04  -1.86041258e-02  -3.43673561e-17  -5.92233624e-17   4.90919024e-18
  1.68800000e-05  -1.32088077e-03  -7.56813321e-04  -1.85760416e-02  -2.57590774e-17  -6.31365073e-17   4.40391024e-18
  1.69600000e-05  -1.29455372e-03  -7.46886712e-04  -1.85643284e-02  -1.67670138e-17  -6.55677588e-17   3.80716644e-18
  1.70400000e-05  -1.27862661e-03  -7.37881883e-04  -1.85421158e-02  -7.48983702e-18  -6.69114186e-17   3.17921802e-18
  1.71200000e-05  -1.26262531e-03  -7.28840062e-04  -1.85196676e-02   1.85580884e-18  -6.69178591e-17   2.50702261e-18
  1.72000000e-05  -1.24663455e-03  -7.19810822e-04  -1.84969360e-02   1.10811917e-17  -6.55973612e-17   1.80589337e-18
  1.72800000e-05  -1.23073804e-03  -7.10843007e-04  -1.84738791e-02   2.00018520e-17  -6.29869274e-17   1.09109607e-18
  1.73600000e-05  -1.21501677e-03  -7.01983756e-04  -1.84504618e-02   2.84413092e-17  -5.91492195e-17   3.77504022e-19
  1.74400000e-05  -1.19954742e-03  -6.93277565e-04  -1.84266562e-02   3.62345593e-17  -5.41709754e-17  -3.20706604e-19
  1.75200000e-05  -1.18440085e-03  -6.84765423e-04  -1.84024423e-02   4.32312906e-17  -4.81609475e-17  -9.90315611e-19
  1.76000000e-05  -1.16964076e-03  -6.76484022e-04  -1.83778086e-02   4.92987511e-17  -4.12474099e-17  -1.61926895e-18
  1.76800000e-05  -1.15996860e-03  -6.69223402e-04  -1.83429311e-02   5.43323334e-17  -3.36809132e-17  -2.20704888e-18
  1.77600000e-05  -1.14736272e-03  -6.61707168e-04  -1.83168885e-02   5.82434952e-17  -2.54391526e-17  -2.72934704e-18
  1.78400000e-05  -1.13523124e-03  -6.54473846e-04  -1.82904749e-02   6.09587089e-17  -1.67624178e-17  -3.18371540e-18
  1.79200000e-05  -1.12359917e-03  -6.47536745e-04  -1.82637083e-02   6.24349895e-17  -7.82519644e-18  -3.56361366e-18
  1.80000000e-05  -1.11248133e-03  -6.40903133e-04  -1.82366136e-02   6.26543089e-17   1.19498931e-18  -3.86407383e-18
  1.80800000e-05  -1.10188213e-03  -6.34574155e-04  -1.82092220e-02   6.16235680e-17   1.01211668e-17  -4.08169768e-18
  1.81600000e-05  -1.09179561e-03  -6.28544868e-04  -1.81815705e-02   5.93740637e-17   1.87804147e-17  -4.21463455e-18
  1.82400000e-05  -1.08220562e-03  -6.22804397e-04  -1.81537006e-02   5.59604731e-17   2.70072094e-17  -4.26254399e-18
  1.83200000e-05  -1.06608661e-03  -6.17076738e-04  -1.81362602e-02   5.14666982e-17   3.48448832e-17  -4.21089704e-18
  1.84000000e-05  -1.05760392e-03  -6.12292235e-04  -1.81126461e-02   4.59612160e-17   4.17709134e-17  -4.09574436e-18
  1.84800000e-05  -1.04946912e-03  -6.07715408e-04  -1.80889699e-02   3.95730911e-17   4.78434406e-17  -3.90325893e-18
  1.85600000e-05  -1.04163465e-03  -6.03318064e-04  -1.80652880e-02   3.24315895e-17   5.29530454e-17  -3.63843611e-18
  1.86400000e-05  -1.03404724e-03  -5.99068596e-04  -1.80416567e-02   2.46789148e-17   5.70099568e-17  -3.30745891e-18
  1.87200000e-05  -1.02664895e-03  -5.94932617e-04  -1.80181312e-02   1.64672942e-17   5.99454603e-17  -2.91759669e-18
  1.88000000e-05  -1.01937838e-03  -5.90873637e-04  -1.79947644e-02   7.95593499e-18   6.17128760e-17  -2.47708826e-18
  1.88800000e-05  -1.01217179e-03  -5.86853766e-04  -1.79716061e-02  -6.92085874e-19   6.22881000e-17  -1.99500791e-18
  1.89600000e-05  -1.00496435e-03  -5.82834451e-04  -1.79487021e-02  -9.31293868e-18   6.16697134e-17  -1.48111335e-18
  1.90400000e-05  -9.94416530e-04  -5.73369880e-04  -1.79274670e-02  -1.78796939e-17   5.99487284e-17  -9.25559202e-19
  1.91200000e-05  -9.87502159e-04  -5.68932615e-04  -1.79052030e-02  -2.59819959e-17   5.69965061e-17  -3.78096479e-19
  1.92000000e-05  -9.80422285e-04  -5.64395050e-04  -1.78832665e-02  -3.35863996e-17   5.29749413e-17   1.69435486e-19
  1.92800000e-05  -9.73124597e-04  -5.59727261e-04  -1.78616754e-02  -4.05549999e-17   4.79669059e-17   7.06354961e-19
  1.93600000e-05  -9.65560935e-04  -5.54901807e-04  -1.78404409e-02  -4.67630471e-17   4.20727026e-17   1.22229898e-18
  1.94400000e-05  -9.57688157e-04  -5.49894217e-04  -1.78195679e-02  -5.21010567e-17   3.54080086e-17   1.70744352e-18
  1.95200000e-05  -9.49468898e-04  -5.44683429e-04  -1.77990544e-02  -5.64766143e-17   2.81015785e-17   2.15271686e-18
  1.96000000e-05  -9.40872227e-04  -5.39252149e-04  -1.77788921e-02  -5.98158495e-17   2.02927480e-17   2.54999936e-18
  1.96800000e-05  -9.24032820e-04  -5.26426688e-04  -1.77675671e-02  -6.22662542e-17   1.23264354e-17   2.87304940e-18
  1.97600000e-05  -9.14738547e-04  -5.21003518e-04  -1.77525168e-02  -6.34241198e-17   3.92975583e-18   3.15274004e-18
  1.98400000e-05  -9.05058633e-04  -5.15364853e-04  -1.77377758e-02  -6.34387333e-17  -4.52420172e-18   3.36836977e-18
  1.99200000e-05  -8.94991355e-04  -5.09510849e-04  -1.77233088e-02  -6.23158947e-17  -1.28800179e-17   3.51710263e-18
  2.00000000e-05  -8.84541960e-04  -5.03445530e-04  -1.77090757e-02  -6.00821158e-17  -2.09850715e-17   3.59758997e-18
  2.00800000e-05  -8.73722527e-04  -4.97176700e-04  -1.76950323e-02  -5.67839952e-17  -2.86922816e-17   3.60997305e-18
  2.01600000e-05  -8.62551710e-04  -4.90715773e-04  -1.76811313e-02  -5.24872410e-17  -3.58627351e-17   3.55584538e-18
  2.02400000e-05  -8.51054355e-04  -4.84077546e-04  -1.76673231e-02  -4.72753573e-17  -4.23681536e-17   3.43817625e-18
  2.03200000e-05  -8.38219767e-04  -4.80929030e-04  -1.76536661e-02  -4.11650289e-17  -4.80629652e-17   3.26392353e-18
  2.04000000e-05  -8.20715325e-04  -4.69598878e-04  -1.76170779e-02  -3.44942181e-17  -5.27273331e-17   3.01245361e-18
  2.04800000e-05  -8.08949206e-04  -4.62259369e-04  -1.76047490e-02  -2.72372670e-17  -5.66161592e-17   2.73817682e-18
  2.05600000e-05  -7.97028031e-04  -4.54845381e-04  -1.75923044e-02  -1.95375279e-17  -5.94831972e-17   2.42308307e-18
  2.06400000e-05  -7.84994511e-04  -4.47381009e-04  -1.75796860e-02  -1.15366258e-17  -6.12810567e-17   2.07467692e-18
  2.07200000e-05  -7.72893068e-04  -4.39891081e-04  -1.75668391e-02  -3.38091525e-18  -6.19820450e-17   1.70084296e-18
  2.08000000e-05  -7.60769024e-04  -4.32400710e-04  -1.75537135e-02   4.78122238e-18  -6.15785714e-17   1.30964950e-18
  2.08800000e-05  -7.48667766e-04  -4.24934824e-04  -1.75402639e-02   1.28021116e-17  -6.00831756e-17   9.09159946e-19
  2.09600000e-05  -7.36633929e-04  -4.17517725e-04  -1.75264513e-02   2.05374913e-17  -5.75281790e-17   5.07257368e-19
  2.10400000e-05  -7.24710584e-04  -4.10172643e-04  -1.75122431e-02   2.78491467e-17  -5.39649656e-17   1.11486643e-19
  2.11200000e-05  -7.07404058e-04  -4.03472152e-04  -1.75196355e-02   3.46405428e-17  -4.93716360e-17  -2.61693818e-19
  2.12000000e-05  -6.96805411e-04  -3.97695855e-04  -1.75054417e-02   4.07567511e-17  -4.40284606e-17  -6.22068763e-19
  2.12800000e-05  -6.86409148e-04  -3.92033442e-04  -1.74908503e-02   4.60954321e-17  -3.79271876e-17  -9.58878506e-19
  2.13600000e-05  -6.76241050e-04  -3.86501244e-04  -1.74758744e-02   5.05646182e-17  -3.11814286e-17  -1.26701583e-18
  2.14400000e-05  -6.66322571e-04  -3.81113110e-04  -1.74605341e-02   5.40887071e-17  -2.39156293e-17  -1.54210440e-18
  2.15200000e-05  -6.56377848e-04  -3.69683392e-04  -1.74585963e-02   5.65018940e-17  -1.62645363e-17  -1.77986031e-18
  2.16000000e-05  -6.46992180e-04  -3.64030976e-04  -1.74456301e-02   5.79772677e-17  -8.37041867e-18  -1.97549455e-18
  2.16800000e-05  -6.37886349e-04  -3.58535950e-04  -1.74323902e-02   5.83893721e-17  -3.67682494e-19  -2.12902279e-18
  2.17600000e-05  -6.22357609e-04  -3.57696295e-04  -1.74001371e-02   5.77818459e-17   7.73559662e-18  -2.22572762e-18
  2.18400000e-05  -6.13456364e-04  -3.52853695e-04  -1.73833663e-02   5.60625895e-17   1.55272411e-17  -2.29361771e-18
  2.19200000e-05  -6.04789886e-04  -3.48154533e-04  -1.73664485e-02   5.33320346e-17   2.30017471e-17  -2.31842668e-18
  2.20000000e-05  -5.96347191e-04  -3.43592080e-04  -1.73494207e-02   4.96441661e-17   3.00289018e-17  -2.30110575e-18
  2.20800000e-05  -5.88113275e-04  -3.39157151e-04  -1.73323215e-02   4.50694403e-17   3.64874744e-17  -2.24326118e-18
  2.21600000e-05  -5.80069408e-04  -3.34838283e-04  -1.73151908e-02   3.96933495e-17   4.22672610e-17  -2.14710859e-18
  2.22400000e-05  -5.72193483e-04  -3.30621953e-04  -1.72980688e-02   3.36147411e-17   4.72708991e-17  -2.01542341e-18
  2.23200000e-05  -5.64460430e-04  -3.26492828e-04  -1.72809958e-02   2.69439285e-17   5.14154264e-17  -1.85148760e-18
  2.24000000e-05  -5.56842671e-04  -3.22434041e-04  -1.72640108e-02   1.98006311e-17   5.46335618e-17  -1.65903258e-18
  2.24800000e-05  -5.44442285e-04  -3.17299196e-04  -1.72720320e-02   1.22719356e-17   5.70855619e-17  -1.43553252e-18
  2.25600000e-05  -5.37375861e-04  -3.13575359e-04  -1.72616588e-02   4.53464416e-18   5.83268762e-17  -1.20073509e-18
  2.26400000e-05  -5.30329380e-04  -3.09867742e-04  -1.72515258e-02  -3.28856739e-18   5.85362157e-17  -9.50319483e-19
  2.27200000e-05  -5.23273541e-04  -3.06158277e-04  -1.72416619e-02  -1.10617637e-17   5.77138159e-17  -6.89100288e-19
  2.28000000e-05  -5.16179193e-04  -3.02428925e-04  -1.72320915e-02  -1.86505862e-17   5.58776892e-17  -4.22002458e-19
  2.28800000e-05  -5.09017846e-04  -2.98661981e-04  -1.72228337e-02  -2.59245284e-17   5.30631907e-17  -1.53976409e-19
  2.29600000e-05  -5.01762158e-04  -2.94840384e-04  -1.72139023e-02  -3.27591246e-17   4.93223002e-17   1.10090268e-19
  2.30400000e-05  -4.94386407e-04  -2.90948005e-04  -1.72053055e-02  -3.90380184e-17   4.47226357e-17   3.65463086e-19
  2.31200000e-05  -4.81794009e-04  -2.75784382e-04  -1.71791142e-02  -4.48626041e-17   3.94073171e-17   6.25562598e-19
  2.32000000e-05  -4.74300534e-04  -2.71295390e-04  -1.71681870e-02  -4.97235194e-17   3.33159297e-17   8.47231784e-19
  2.32800000e-05  -4.66652473e-04  -2.66708775e-04  -1.71575324e-02  -5.37414045e-17   2.66515036e-17   1.04737494e-18
  2.33600000e-05  -4.58835703e-04  -2.62017489e-04  -1.71471407e-02  -5.68504737e-17   1.95304997e-17   1.22280997e-18
  2.34400000e-05  -4.50838976e-04  -2.57216264e-04  -1.71369974e-02  -5.90007529e-17   1.20766134e-17   1.37092497e-18
  2.35200000e-05  -4.39601898e-04  -2.55951767e-04  -1.71107667e-02  -6.00158041e-17   4.48808615e-18   1.47476313e-18
  2.36000000e-05  -4.30830861e-04  -2.51808368e-04  -1.71048149e-02  -6.01706472e-17  -3.20551035e-18   1.56274980e-18
  2.36800000e-05  -4.21872262e-04  -2.47551643e-04  -1.70991499e-02  -5.93232233e-17  -1.08438381e-17   1.62062047e-18
  2.37600000e-05  -4.12729932e-04  -2.43182054e-04  -1.70937290e-02  -5.74901631e-17  -1.82969044e-17   1.64840509e-18
  2.38400000e-05  -3.96091819e-04  -2.29517849e-04  -1.71272894e-02  -5.50653085e-17  -2.53287936e-17   1.61288385e-18
  2.39200000e-05  -3.87370047e-04  -2.24001524e-04  -1.71220671e-02  -5.13987733e-17  -3.21192690e-17   1.58305130e-18
  2.40000000e-05  -3.78509679e-04  -2.18415250e-04  -1.71168177e-02  -4.68801652e-17  -3.83642594e-17   1.52621452e-18
  2.40800000e-05  -3.69522526e-04  -2.12766248e-04  -1.71114932e-02  -4.15886326e-17  -4.39576436e-17   1.44468044e-18
  2.41600000e-05  -3.60422486e-04  -2.07062767e-04  -1.71060468e-02  -3.56164562e-17  -4.88046999e-17   1.34119871e-18
  2.42400000e-05  -3.51225303e-04  -2.01313941e-04  -1.71004338e-02  -2.90674429e-17  -5.28237302e-17   1.21887988e-18
  2.43200000e-05  -3.41948284e-04  -1.95529630e-04  -1.70946125e-02  -2.20551162e-17  -5.59474584e-17   1.08110640e-18
  2.44000000e-05  -3.32610002e-04  -1.89720244e-04  -1.70885448e-02  -1.47007335e-17  -5.81241779e-17   9.31439422e-19
  2.44800000e-05  -3.23229964e-04  -1.83896565e-04  -1.70821966e-02  -7.13116569e-18  -5.93186243e-17   7.73524503e-19
  2.45600000e-05  -3.01764594e-04  -1.76251686e-04  -1.70508743e-02   4.39874737e-19  -5.91624094e-17   6.03765860e-19
  2.46400000e-05  -2.92421443e-04  -1.71022801e-04  -1.70479824e-02   8.00756105e-18  -5.83830536e-17   4.48337557e-19
  2.47200000e-05  -2.83100926e-04  -1.65802942e-04  -1.70447395e-02   1.54063608e-17  -5.66241353e-17   2.94923440e-19
  2.48000000e-05  -2.73817132e-04  -1.60601220e-04  -1.70411199e-02   2.25100559e-17  -5.39169467e-17   1.46439230e-19
  2.48800000e-05  -2.64583438e-04  -1.55426379e-04  -1.70371042e-02   2.91976833e-17  -5.03090574e-17   5.52506880e-21
  2.49600000e-05  -2.55412280e-04  -1.50286653e-04  -1.70326801e-02   3.53556435e-17  -4.58634607e-17  -1.25499893e-19
  2.50400000e-05  -2.46314942e-04  -1.45189622e-04  -1.70278418e-02   4.08796726e-17  -4.06574440e-17  -2.44671951e-19
  2.51200000e-05  -2.37301369e-04  -1.40142087e-04  -1.70225912e-02   4.56766442e-17  -3.47812024e-17  -3.50406107e-19
  2.52000000e-05  -2.24291345e-04  -1.32252573e-04  -1.70466048e-02   4.96762224e-17  -2.82800435e-17  -4.34211874e-19
  2.52800000e-05  -2.16023767e-04  -1.27701076e-04  -1.70397996e-02   5.27969573e-17  -2.13762690e-17  -5.09138913e-19
  2.53600000e-05  -2.07841500e-04  -1.23202496e-04  -1.70327381e-02   5.49908848e-17  -1.41323309e-17  -5.68801651e-19
  2.54400000e-05  -1.99747151e-04  -1.18758749e-04  -1.70254561e-02   5.62229048e-17  -6.67246498e-18  -6.13079110e-19
  2.55200000e-05  -1.91741782e-04  -1.14370789e-04  -1.70179935e-02   5.64744899e-17   8.75884413e-19  -6.42184692e-19
  2.56000000e-05  -1.83824892e-04  -1.10038587e-04  -1.70103929e-02   5.57439029e-17   8.38427560e-18  -6.56640375e-19
  2.56800000e-05  -1.75994436e-04  -1.05761143e-04  -1.70026992e-02   5.40461206e-17   1.57254765e-17  -6.57246285e-19
  2.57600000e-05  -1.68246866e-04  -1.01536505e-04  -1.69949589e-02   5.14124685e-17   2.27756275e-17  -6.45046830e-19
  2.58400000e-05  -1.60577198e-04  -9.73618032e-05  -1.69872190e-02   4.78899797e-17   2.94163229e-17  -6.21294457e-19
  2.59200000e-05  -1.44974077e-04  -9.00340257e-05  -1.69810933e-02   4.34520108e-17   3.57157723e-17  -5.60331994e-19
  2.60000000e-05  -1.37419559e-04  -8.55745229e-05  -1.69755774e-02   3.83234704e-17   4.12069052e-17  -5.17959152e-19
  2.60800000e-05  -1.29901280e-04  -8.11528652e-05  -1.69701118e-02   3.25307293e-17   4.59826404e-17  -4.68907128e-19
  2.61600000e-05  -1.22413655e-04  -7.67655824e-05  -1.69647286e-02   2.61726285e-17   4.99639065e-17  -4.14943008e-19
  2.62400000e-05  -1.14950578e-04  -7.24086124e-05  -1.69594582e-02   1.93572116e-17   5.30852162e-17  -3.57850435e-19
  2.63200000e-05  -1.07505521e-04  -6.80773724e-05  -1.69543294e-02   1.21998762e-17   5.52956965e-17  -2.99389003e-19
  2.64000000e-05  -1.00071653e-04  -6.37668379e-05  -1.69493683e-02   4.82141830e-18   5.65598706e-17  -2.41255681e-19
  2.64800000e-05  -9.26419531e-05  -5.94716291e-05  -1.69445984e-02  -2.65399818e-18   5.68581808e-17  -1.85048768e-19
  2.65600000e-05  -7.48488551e-05  -4.63031141e-05  -1.69404921e-02  -1.03180201e-17   5.64224612e-17  -1.08629883e-19
  2.66400000e-05  -6.66082992e-05  -4.19196081e-05  -1.69386137e-02  -1.76473486e-17   5.47913394e-17  -6.62020884e-20
  2.67200000e-05  -5.83493421e-05  -3.75350915e-05  -1.69370003e-02  -2.47028457e-17   5.22270691e-17  -3.06401966e-20
  2.68000000e-05  -5.00684968e-05  -3.31466532e-05  -1.69356631e-02  -3.13665671e-17   4.87731644e-17  -2.72739871e-21
  2.68800000e-05  -4.17626556e-05  -2.87514506e-05  -1.69346086e-02  -3.75271898e-17   4.44879022e-17   1.70150599e-20
  2.69600000e-05  -3.34291430e-05  -2.43467568e-05  -1.69338388e-02  -4.30818348e-17   3.94433473e-17   2.83380064e-20
  2.70400000e-05  -3.05003914e-05  -1.69333516e-05  -1.69534529e-02  -4.80593313e-17   3.36296080e-17   5.28722050e-20
  2.71200000e-05  -2.26822132e-05  -1.21453935e-05  -1.69538452e-02  -5.21357242e-17   2.72955721e-17   5.01973526e-20
  2.72000000e-05  -1.48281769e-05  -7.34083304e-06  -1.69544961e-02  -5.53586293e-17   2.04875556e-17   3.95453700e-20
  2.72800000e-05   5.81600771e-06   3.55228896e-06  -1.69124148e-02  -5.76935011e-17   1.35829926e-17  -1.69872331e-20
  2.73600000e-05   1.37723111e-05   8.41182322e-06  -1.69162897e-02  -5.91039743e-17   6.19134768e-18  -4.50404795e-20
  2.74400000e-05   2.17284960e-05   1.32712851e-05  -1.69204417e-02  -5.95482125e-17  -1.32424295e-18  -7.75078763e-20
  2.75200000e-05   2.96844779e-05   1.81306230e-05  -1.69248288e-02  -5.90174230e-17  -8.83816897e-18  -1.12978567e-19
  2.76000000e-05   3.76401647e-05   2.29897806e-05  -1.69294049e-02  -5.75190488e-17  -1.62245245e-17  -1.49918130e-19
  2.76800000e-05   4.55954602e-05   2.78486993e-05  -1.69341209e-02  -5.50767242e-17  -2.33591925e-17  -1.86710119e-19
  2.77600000e-05   5.35502689e-05   3.27073206e-05  -1.69389251e-02  -5.17299636e-17  -3.01219196e-17  -2.21700062e-19
  2.78400000e-05   6.15044996e-05   3.75655890e-05  -1.69437644e-02  -4.75335845e-17  -3.63983461e-17  -2.53240929e-19
  2.79200000e-05   8.14246235e-05   4.81617724e-05  -1.69925135e-02  -4.28019687e-17  -4.19207937e-17  -3.23914053e-19
  2.80000000e-05   8.94760055e-05   5.29934739e-05  -1.69977329e-02  -3.71309804e-17  -4.69595099e-17  -3.41862024e-19
  2.80800000e-05   9.75044241e-05   5.78134422e-05  -1.70027321e-02  -3.08489447e-17  -5.12215241e-17  -3.51073061e-19
  2.81600000e-05   1.05514209e-04   6.26236620e-05  -1.70074741e-02  -2.40617692e-17  -5.46329012e-17  -3.50444214e-19
  2.82400000e-05   1.13510007e-04   6.74262842e-05  -1.70119261e-02  -1.68843108e-17  -5.71340798e-17  -3.39107808e-19
  2.83200000e-05   1.21496703e-04   7.22235907e-05  -1.70160600e-02  -9.43842017e-18  -5.86809687e-17  -3.16459110e-19
  2.84000000e-05   1.29479339e-04   7.70179572e-05  -1.70198533e-02  -1.85084828e-18  -5.92457737e-17  -2.82178406e-19
  2.84800000e-05   1.37463033e-04   8.18118138e-05  -1.70232891e-02   5.74894689e-18  -5.88175387e-17  -2.36247051e-19
  2.85600000e-05   1.45452893e-04   8.66076043e-05  -1.70263566e-02   1.32310535e-17  -5.74023879e-17  -1.78957152e-19
  2.86400000e-05   1.60614711e-04   9.46829184e-05  -1.69874726e-02   2.03122391e-17  -5.47241170e-17  -1.12965285e-19
  2.87200000e-05   1.68168662e-04   9.88449895e-05  -1.69933981e-02   2.71473998e-17  -5.14737278e-17  -3.07518362e-20
  2.88000000e-05   1.75761126e-04   1.03028108e-04  -1.69989166e-02   3.35055602e-17  -4.73583758e-17   5.93997342e-20
  2.88800000e-05   1.83399402e-04   1.07235780e-04  -1.70040220e-02   3.92772841e-17  -4.24466760e-17   1.55941224e-19
  2.89600000e-05   1.91090009e-04   1.11471094e-04  -1.70087156e-02   4.43629684e-17  -3.68211301e-17   2.57093390e-19
  2.90400000e-05   1.98838574e-04   1.15736671e-04  -1.70130056e-02   4.86746173e-17  -3.05767212e-17   3.60873538e-19
  2.91200000e-05   2.06649735e-04   1.20034615e-04  -1.70169073e-02   5.21374098e-17  -2.38192776e-17   4.65128238e-19
  2.92000000e-05   2.14527060e-04   1.24366476e-04  -1.70204425e-02   5.46910332e-17  -1.66636392e-17   5.67570937e-19
  2.92800000e-05   2.22472981e-04   1.28733228e-04  -1.70236393e-02   5.62907546e-17  -9.23165998e-18   6.65824173e-19
  2.93600000e-05   2.35162976e-04   1.38118312e-04  -1.70503160e-02   5.68644475e-17  -1.55517290e-18   7.71693315e-19
  2.94400000e-05   2.43752340e-04   1.42850619e-04  -1.70525177e-02   5.64659023e-17   6.06159685e-18   8.57914292e-19
  2.95200000e-05   2.52430219e-04   1.47638866e-04  -1.70546114e-02   5.50759639e-17   1.35655443e-17   9.32629820e-19
  2.96000000e-05   2.61193728e-04   1.52481506e-04  -1.70566439e-02   5.27176615e-17   2.08281933e-17   9.93480129e-19
  2.96800000e-05   2.70038479e-04   1.57376041e-04  -1.70586629e-02   4.94306190e-17   2.77251484e-17   1.03826679e-18
  2.97600000e-05   2.78958659e-04   1.62319059e-04  -1.70607163e-02   4.52703601e-17   3.41382201e-17   1.06501054e-18
  2.98400000e-05   2.86010688e-04   1.63681521e-04  -1.70703319e-02   4.04135264e-17   3.99338621e-17   1.06003421e-18
  2.99200000e-05   2.94868140e-04   1.68347182e-04  -1.70751372e-02   3.47456763e-17   4.50774891e-17   1.04444614e-18
  3.00000000e-05   3.12016668e-04   1.82951972e-04  -1.70648597e-02   2.81817312e-17   4.95821521e-17   1.04684847e-18
  3.00800000e-05   3.20941355e-04   1.88479537e-04  -1.70685891e-02   2.13364444e-17   5.30463293e-17   9.86952987e-19
  3.01600000e-05   3.29912782e-04   1.94042390e-04  -1.70724432e-02   1.40939414e-17   5.55904929e-17   9.04187140e-19
  3.02400000e-05   3.38916249e-04   1.99630529e-04  -1.70764518e-02   6.57759867e-18   5.71697652e-17   7.98882912e-19
  3.03200000e-05   3.47936421e-04   2.05233457e-04  -1.70806421e-02  -1.08433521e-18   5.77556513e-17   6.71878269e-19
  3.04000000e-05   3.56957592e-04   2.10840366e-04  -1.70850383e-02  -8.76090475e-18   5.73365428e-17   5.24528306e-19
  3.04800000e-05   3.65963947e-04   2.16440317e-04  -1.70896610e-02  -1.63206583e-17   5.59179397e-17   3.58703667e-19
  3.05600000e-05   3.74939830e-04   2.22022426e-04  -1.70945268e-02  -2.36338680e-17   5.35223894e-17   1.76775428e-19
  3.06400000e-05   3.83870016e-04   2.27576053e-04  -1.70996485e-02  -3.05747245e-17   5.01891433e-17  -1.84139974e-20
  3.07200000e-05   4.03412288e-04   2.36919645e-04  -1.71268256e-02  -3.71858128e-17   4.62547386e-17  -2.36036594e-19
  3.08000000e-05   4.12863167e-04   2.42512662e-04  -1.71383325e-02  -4.30904380e-17   4.12214602e-17  -4.54754198e-19
  3.08800000e-05   4.22204245e-04   2.48044921e-04  -1.71501579e-02  -4.82905720e-17   3.54474478e-17  -6.76141010e-19
  3.09600000e-05   4.32743768e-04   2.48243231e-04  -1.71543066e-02  -5.25495229e-17   2.90578398e-17  -9.05141012e-19
  3.10400000e-05   4.42036755e-04   2.52744700e-04  -1.71641031e-02  -5.60514174e-17   2.21309679e-17  -1.11764079e-18
  3.11200000e-05   4.51180975e-04   2.57163621e-04  -1.71741887e-02  -5.86155653e-17   1.47918779e-17  -1.31839095e-18
  3.12000000e-05   4.60169048e-04   2.61497119e-04  -1.71845300e-02  -6.01941801e-17   7.16614229e-18  -1.50283849e-18
  3.12800000e-05   4.68996204e-04   2.65743754e-04  -1.71950889e-02  -6.07562342e-17  -6.15043000e-19  -1.66663209e-18
  3.13600000e-05   4.84767212e-04   2.78469709e-04  -1.71704053e-02  -6.03863201e-17  -8.21442755e-18  -1.83809158e-18
  3.14400000e-05   4.92782368e-04   2.83701928e-04  -1.71847798e-02  -5.89587504e-17  -1.59198967e-17  -1.95349248e-18
  3.15200000e-05   5.00615086e-04   2.88820086e-04  -1.71993682e-02  -5.65246391e-17  -2.33890595e-17  -2.03800029e-18
  3.16000000e-05   5.08273941e-04   2.93827520e-04  -1.72141203e-02  -5.31212296e-17  -3.04906005e-17  -2.08893127e-18
  3.16800000e-05   5.15770490e-04   2.98729458e-04  -1.72289833e-02  -4.88029344e-17  -3.70986137e-17  -2.10421947e-18
  3.17600000e-05   5.23119092e-04   3.03532939e-04  -1.72439019e-02  -4.36405784e-17  -4.30948576e-17  -2.08247117e-18
  3.18400000e-05   5.30336671e-04   3.08246704e-04  -1.72588200e-02  -3.77203415e-17  -4.83709157e-17  -2.02300364e-18
  3.19200000e-05   5.37442436e-04   3.12881051e-04  -1.72736813e-02  -3.11424121e-17  -5.28302191e-17  -1.92586790e-18
  3.20000000e-05   5.44457558e-04   3.17447662e-04  -1.72884302e-02  -2.40193675e-17  -5.63898937e-17  -1.79185534e-18
  3.20800000e-05   5.62458094e-04   3.25150959e-04  -1.73266611e-02  -1.65755539e-17  -5.88338141e-17  -1.64214705e-18
  3.21600000e-05   5.70037818e-04   3.29077622e-04  -1.73409946e-02  -8.73617196e-18  -6.04081239e-17  -1.43353428e-18
  3.22400000e-05   5.77582366e-04   3.32979837e-04  -1.73550174e-02  -7.44073331e-19  -6.09295798e-17  -1.19378072e-18
  3.23200000e-05   5.85122515e-04   3.36874916e-04  -1.73686991e-02   7.25881263e-18  -6.03836659e-17  -9.26635184e-19
  3.24000000e-05   5.92689133e-04   3.40780301e-04  -1.73820147e-02   1.51293998e-17  -5.87750032e-17  -6.36424064e-19
  3.24800000e-05   6.00312626e-04   3.44713257e-04  -1.73949462e-02   2.27260569e-17  -5.61274352e-17  -3.27976417e-19
  3.25600000e-05   6.08022391e-04   3.48690559e-04  -1.74074821e-02   2.99112208e-17  -5.24837505e-17  -6.54295173e-21
  3.26400000e-05   6.15846286e-04   3.52728186e-04  -1.74196182e-02   3.65539599e-17  -4.79050448e-17   3.22289551e-19
  3.27200000e-05   6.28144800e-04   3.59402907e-04  -1.74068942e-02   4.23986575e-17  -4.22913771e-17   6.56800246e-19
  3.28000000e-05   6.35886458e-04   3.63493152e-04  -1.74212427e-02   4.75864374e-17  -3.61389939e-17   9.82897409e-19
  3.28800000e-05   6.43834062e-04   3.67703158e-04  -1.74351559e-02   5.19106385e-17  -2.93326722e-17   1.29830334e-18
  3.29600000e-05   6.52006483e-04   3.72043546e-04  -1.74486404e-02   5.52890738e-17  -2.19921077e-17   1.59707646e-18
  3.30400000e-05   6.60418519e-04   3.76522575e-04  -1.74617108e-02   5.76562953e-17  -1.42474740e-17   1.87340117e-18
  3.31200000e-05   6.69080606e-04   3.81145979e-04  -1.74743892e-02   5.89649260e-17  -6.23708232e-18   2.12167928e-18
  3.32000000e-05   6.77998608e-04   3.85916851e-04  -1.74867050e-02   5.91866552e-17   1.89512839e-18   2.33662270e-18
  3.32800000e-05   6.85597263e-04   3.96098802e-04  -1.74957456e-02   5.81792206e-17   9.96521646e-18   2.50545051e-18
  3.33600000e-05   6.94957951e-04   4.01814191e-04  -1.75052545e-02   5.62045320e-17   1.78777047e-17   2.64168121e-18
  3.34400000e-05   7.10364048e-04   4.02952548e-04  -1.75364148e-02   5.33594157e-17   2.56283197e-17   2.75036876e-18
  3.35200000e-05   7.20851177e-04   4.08900571e-04  -1.75515382e-02   4.93300588e-17   3.28130283e-17   2.79046180e-18
  3.36000000e-05   7.31581015e-04   4.14975558e-04  -1.75666141e-02   4.43614959e-17   3.94093120e-17   2.77844832e-18
  3.36800000e-05   7.42530155e-04   4.21163011e-04  -1.75816923e-02   3.85397201e-17   4.52938701e-17   2.71265168e-18
  3.37600000e-05   7.53670972e-04   4.27446255e-04  -1.75968227e-02   3.19668590e-17   5.03556298e-17   2.59233271e-18
  3.38400000e-05   7.64972100e-04   4.33806732e-04  -1.76120546e-02   2.47594156e-17   5.44978518e-17   2.41776431e-18
  3.39200000e-05   7.76398983e-04   4.40224329e-04  -1.76274356e-02   1.70462394e-17   5.76399888e-17   2.19029071e-18
  3.40000000e-05   7.87914487e-04   4.46677735e-04  -1.76430105e-02   8.96626403e-18   5.97192607e-17   1.91236713e-18
  3.40800000e-05   7.99479562e-04   4.53144820e-04  -1.76588210e-02   6.66050038e-19   6.06919220e-17   1.58757617e-18
  3.41600000e-05   8.19144152e-04   4.70252112e-04  -1.76586373e-02  -7.97261038e-18   6.06527827e-17   1.24536122e-18
  3.42400000e-05   8.31521415e-04   4.77334080e-04  -1.76738841e-02  -1.62788179e-17   5.93420414e-17   8.36816230e-19
  3.43200000e-05   8.43821233e-04   4.84372748e-04  -1.76894205e-02  -2.43430468e-17   5.69134453e-17   3.97194590e-19
  3.44000000e-05   8.55999146e-04   4.91342969e-04  -1.77052682e-02  -3.20150057e-17   5.34057051e-17  -6.57600770e-20
  3.44800000e-05   8.68012585e-04   4.98220654e-04  -1.77214435e-02  -3.91505428e-17   4.88776605e-17  -5.43483035e-19
  3.45600000e-05   8.79821670e-04   5.04983226e-04  -1.77379563e-02  -4.56143298e-17   4.34073884e-17  -1.02675148e-18
  3.46400000e-05   8.91389963e-04   5.11610045e-04  -1.77548104e-02  -5.12824157e-17   3.70909592e-17  -1.50587490e-18
  3.47200000e-05   9.02685170e-04   5.18082807e-04  -1.77720033e-02  -5.60446061e-17   3.00408565e-17  -1.97090800e-18
  3.48000000e-05   9.20980177e-04   5.24764143e-04  -1.77913067e-02  -5.98304711e-17   2.25546678e-17  -2.43190664e-18
  3.48800000e-05   9.31892707e-04   5.31447853e-04  -1.78135766e-02  -6.25648464e-17   1.44266306e-17  -2.84259155e-18
  3.49600000e-05   9.42426617e-04   5.37918156e-04  -1.78361916e-02  -6.41644446e-17   5.96848407e-18  -3.21031113e-18
  3.50400000e-05   9.52570257e-04   5.44169611e-04  -1.78591230e-02  -6.45904372e-17  -2.66315882e-18  -3.52627279e-18
  3.51200000e-05   9.62319083e-04   5.50200771e-04  -1.78823356e-02  -6.38256479e-17  -1.13067284e-17  -3.78259368e-18
  3.52000000e-05   9.71675806e-04   5.56014240e-04  -1.79057892e-02  -6.18751917e-17  -1.97986547e-17  -3.97251190e-18
  3.52800000e-05   9.79314966e-04   5.62484327e-04  -1.79271620e-02  -5.87785001e-17  -2.80024511e-17  -4.08952653e-18
  3.53600000e-05   9.87853972e-04   5.67963312e-04  -1.79495509e-02  -5.45576426e-17  -3.57050146e-17  -4.13236648e-18
  3.54400000e-05   9.96056226e-04   5.73256101e-04  -1.79719598e-02  -4.93017815e-17  -4.27820156e-17  -4.09707115e-18
  3.55200000e-05   1.01134114e-03   5.82436828e-04  -1.79768781e-02  -4.31977520e-17  -4.88606615e-17  -4.01326150e-18
  3.56000000e-05   1.01912949e-03   5.87133731e-04  -1.80021406e-02  -3.62046075e-17  -5.42979189e-17  -3.82050803e-18
  3.56800000e-05   1.02665645e-03   5.91700419e-04  -1.80273441e-02  -2.85056640e-17  -5.87386276e-17  -3.55133813e-18
  3.57600000e-05   1.03397330e-03   5.96167968e-04  -1.80524205e-02  -2.02438101e-17  -6.20884007e-17  -3.20991164e-18
  3.58400000e-05   1.04113542e-03   6.00569437e-04  -1.80773039e-02  -1.15746149e-17  -6.42729991e-17  -2.80191894e-18
  3.59200000e-05   1.04820131e-03   6.04939242e-04  -1.81019320e-02  -2.66346022e-18  -6.52401312e-17  -2.33445568e-18
  3.60000000e-05   1.05523149e-03   6.09312497e-04  -1.81262470e-02   6.31759078e-18  -6.49608467e-17  -1.81587148e-18
  3.60800000e-05   1.06228728e-03   6.13724340e-04  -1.81501973e-02   1.51931305e-17  -6.34304812e-17  -1.25559853e-18
  3.61600000e-05   1.07327352e-03   6.19401506e-04  -1.81813987e-02   2.37749048e-17  -6.06168327e-17  -6.61620255e-19
  3.62400000e-05   1.08155147e-03   6.24185221e-04  -1.82058048e-02   3.19111649e-17  -5.66528865e-17  -4.65965200e-20
  3.63200000e-05   1.09005715e-03   6.29114554e-04  -1.82297783e-02   3.94290136e-17  -5.15709974e-17   5.77945212e-19
  3.64000000e-05   1.09632935e-03   6.35317663e-04  -1.82563958e-02   4.61627443e-17  -4.55339660e-17   1.18758593e-18
  3.64800000e-05   1.10502347e-03   6.40542486e-04  -1.82819567e-02   5.20187060e-17  -3.85312547e-17   1.79417256e-18
  3.65600000e-05   1.11410547e-03   6.45997617e-04  -1.83071045e-02   5.68420166e-17  -3.07433153e-17   2.37437292e-18
  3.66400000e-05   1.12361234e-03   6.51705247e-04  -1.83318474e-02   6.05276606e-17  -2.23195588e-17   2.91644655e-18
  3.67200000e-05   1.13357261e-03   6.57682540e-04  -1.83562020e-02   6.29925136e-17  -1.34238603e-17   3.40909025e-18
  3.68000000e-05   1.14400566e-03   6.63941241e-04  -1.83801931e-02   6.41773308e-17  -4.23137588e-18   3.84162694e-18
  3.68800000e-05   1.16073802e-03   6.69452180e-04  -1.83922126e-02   6.40109623e-17   5.22137074e-18   4.22980189e-18
  3.69600000e-05   1.17318855e-03   6.76494549e-04  -1.84151603e-02   6.25330917e-17   1.44666743e-17   4.51528700e-18
  3.70400000e-05   1.18616335e-03   6.83841957e-04  -1.84378601e-02   5.97520365e-17   2.34483017e-17   4.71370365e-18
  3.71200000e-05   1.19964239e-03   6.91481167e-04  -1.84603581e-02   5.57144114e-17   3.19822638e-17   4.81856863e-18
  3.72000000e-05   1.21359508e-03   6.99392814e-04  -1.84827050e-02   5.04929197e-17   3.98919259e-17   4.82494771e-18
  3.72800000e-05   1.22798080e-03   7.07551753e-04  -1.85049547e-02   4.41851419e-17   4.70117079e-17   4.72963721e-18
  3.73600000e-05   1.24274963e-03   7.15927516e-04  -1.85271635e-02   3.69117983e-17   5.31905941e-17   4.53133226e-18
  3.74400000e-05   1.25784329e-03   7.24484894e-04  -1.85493889e-02   2.88145167e-17   5.82953786e-17   4.23077375e-18
  3.75200000e-05   1.27319626e-03   7.33184613e-04  -1.85716884e-02   2.00531493e-17   6.22135795e-17   3.83086515e-18
  3.76000000e-05   1.28531219e-03   7.41569215e-04  -1.86083753e-02   1.08429326e-17   6.48076002e-17   3.33161136e-18
  3.76800000e-05   1.30164182e-03   7.51077435e-04  -1.86369160e-02   1.27813671e-18   6.61430406e-17   2.75486682e-18
  3.77600000e-05   1.31798976e-03   7.60590263e-04  -1.86657267e-02  -8.40475944e-18   6.60977074e-17   2.09988533e-18
  3.78400000e-05   1.33426830e-03   7.70056333e-04  -1.86948560e-02  -1.80058145e-17   6.46596080e-17   1.37829107e-18
  3.79200000e-05   1.35039027e-03   7.79424719e-04  -1.87243457e-02  -2.73243342e-17   6.18454650e-17   6.03779132e-19
  3.80000000e-05   1.36627084e-03   7.88645991e-04  -1.87542305e-02  -3.61630008e-17   5.77008054e-17  -2.08110098e-19
  3.80800000e-05   1.38182933e-03   7.97673270e-04  -1.87845369e-02  -4.43320056e-17   5.22994686e-17  -1.04029061e-18
  3.81600000e-05   1.39699091e-03   8.06463228e-04  -1.88152827e-02  -5.16531014e-17   4.57425331e-17  -1.87449972e-18
  3.82400000e-05   1.41977870e-03   8.15115974e-04  -1.88338580e-02  -5.79523503e-17   3.83449038e-17  -2.70916181e-18
  3.83200000e-05   1.43531998e-03   8.24019898e-04  -1.88639502e-02  -6.31477469e-17   2.99168637e-17  -3.49794879e-18
  3.84000000e-05   1.45022701e-03   8.32549612e-04  -1.88944893e-02  -6.70718547e-17   2.07748985e-17  -4.23262467e-18
  3.84800000e-05   1.46445601e-03   8.40682772e-04  -1.89254630e-02  -6.96283444e-17   1.11063048e-17  -4.89450475e-18
  3.85600000e-05   1.47797696e-03   8.48405105e-04  -1.89568494e-02  -7.07486753e-17   1.11218710e-18  -5.46616816e-18
  3.86400000e-05   1.49077434e-03   8.55710801e-04  -1.89886178e-02  -7.03940467e-17  -8.99655842e-18  -5.93197944e-18
  3.87200000e-05   1.50284768e-03   8.62602733e-04  -1.90207292e-02  -6.85567697e-17  -1.90035628e-17  -6.27856623e-18
  3.88000000e-05   1.51421173e-03   8.69092490e-04  -1.90531368e-02  -6.52610128e-17  -2.86915285e-17  -6.49523405e-18
  3.88800000e-05   1.52489626e-03   8.75200224e-04  -1.90857875e-02  -6.05628849e-17  -3.78469088e-17  -6.57430247e-18
  3.89600000e-05   1.53779111e-03   8.83252097e-04  -1.91438554e-02  -5.46432783e-17  -4.63184008e-17  -6.52641640e-18
  3.90400000e-05   1.53770089e-03   8.86969334e-04  -1.91381315e-02  -4.73179265e-17  -5.38592236e-17  -6.29801804e-18
  3.91200000e-05   1.54369030e-03   8.90652241e-04  -1.91725685e-02  -3.90082102e-17  -6.03078318e-17  -5.94233898e-18
  3.92000000e-05   1.54922132e-03   8.94077291e-04  -1.92070997e-02  -2.98069213e-17  -6.54949407e-17  -5.45293453e-18
  3.92800000e-05   1.55439672e-03   8.97304725e-04  -1.92416447e-02  -1.99074783e-17  -6.92917521e-17  -4.83949979e-18
  3.93600000e-05   1.55932757e-03   9.00399417e-04  -1.92761223e-02  -9.52181104e-18  -7.15984790e-17  -4.11466839e-18
  3.94400000e-05   1.56413088e-03   9.03429483e-04  -1.93104526e-02   1.12403002e-18  -7.23471950e-17  -3.29368039e-18
  3.95200000e-05   1.56892703e-03   9.06464796e-04  -1.93445582e-02   1.17947119e-17  -7.15040259e-17  -2.39399833e-18
  3.96000000e-05   1.60017921e-03   9.19391562e-04  -1.94803684e-02   2.22513752e-17  -6.90211280e-17  -1.42970883e-18
  3.96800000e-05   1.60607896e-03   9.22544334e-04  -1.95263450e-02   3.23383720e-17  -6.50557745e-17  -4.13741398e-19
  3.97600000e-05   1.61235907e-03   9.25932544e-04  -1.95718269e-02   4.17495574e-17  -5.95822820e-17   6.20591204e-19
  3.98400000e-05   1.61913968e-03   9.29623150e-04  -1.96168040e-02   5.02583844e-17  -5.27066237e-17   1.65052610e-18
  3.99200000e-05   1.62653015e-03   9.33676571e-04  -1.96612781e-02   5.76553680e-17  -4.45695586e-17   2.65316636e-18
  4.00000000e-05   1.63462642e-03   9.38145209e-04  -1.97052626e-02   6.37534721e-17  -3.53440203e-17   3.60590407e-18
  4.00800000e-05   1.64350858e-03   9.43072119e-04  -1.97487823e-02   6.83930809e-17  -2.52316496e-17   4.48682601e-18
  4.01600000e-05   1.65323881e-03   9.48489883e-04  -1.97918734e-02   7.14464126e-17  -1.44585392e-17   5.27510468e-18
  4.02400000e-05   1.66385968e-03   9.54419718e-04  -1.98345825e-02   7.28212517e-17  -3.27028264e-18   5.95137923e-18
  4.03200000e-05   1.69113430e-03   9.74679084e-04  -1.97841415e-02   7.16698894e-17   8.52746258e-18   6.54640219e-18
  4.04000000e-05   1.70515545e-03   9.82502295e-04  -1.98192927e-02   6.94646215e-17   1.96244645e-17   6.94924191e-18
  4.04800000e-05   1.72012888e-03   9.90877955e-04  -1.98539863e-02   6.55722438e-17   3.03230676e-17   7.19448312e-18
  4.05600000e-05   1.73600546e-03   9.99775376e-04  -1.98882856e-02   6.00668865e-17   4.03650952e-17   7.27224429e-18
  4.06400000e-05   1.75271394e-03   1.00915105e-03  -1.99222640e-02   5.30623844e-17   4.95044972e-17   7.17592621e-18
  4.07200000e-05   1.77016231e-03   1.01894955e-03  -1.99560030e-02   4.47101518e-17   5.75134873e-17   6.90256297e-18
  4.08000000e-05   1.78823983e-03   1.02910468e-03  -1.99895909e-02   3.51960992e-17   6.41883310e-17   6.45313751e-18
  4.08800000e-05   1.80681944e-03   1.03954101e-03  -2.00231201e-02   2.47366610e-17   6.93546363e-17   5.83284065e-18
  4.09600000e-05   1.82576062e-03   1.05017550e-03  -2.00566854e-02   1.35740178e-17   7.28720144e-17   5.05124895e-18
  4.10400000e-05   1.86677848e-03   1.07466083e-03  -2.01769566e-02   1.68264511e-18   7.52584875e-17   4.16408064e-18
  4.11200000e-05   1.88751657e-03   1.08709551e-03  -2.02276903e-02  -1.02586228e-17   7.52138558e-17   3.08494563e-18
  4.12000000e-05   1.90813486e-03   1.09945083e-03  -2.02789261e-02  -2.20953300e-17   7.32970020e-17   1.89485281e-18
  4.12800000e-05   1.92845651e-03   1.11162373e-03  -2.03307078e-02  -3.35327952e-17   6.95268413e-17   6.20792420e-19
  4.13600000e-05   1.94830968e-03   1.12351431e-03  -2.03830657e-02  -4.42802676e-17   6.39686641e-17  -7.06565182e-19
  4.14400000e-05   1.96753189e-03   1.13502836e-03  -2.04360155e-02  -5.40582457e-17   5.67337350e-17  -2.05357666e-18
  4.15200000e-05   1.98597426e-03   1.14607983e-03  -2.04895582e-02  -6.26057511e-17   4.79777526e-17  -3.38450812e-18
  4.16000000e-05   2.00350544e-03   1.15659307e-03  -2.05436795e-02  -6.96873818e-17   3.78981588e-17  -4.66256790e-18
  4.16800000e-05   2.04165763e-03   1.17551125e-03  -2.05061123e-02  -7.51301806e-17   2.73298755e-17  -5.91353098e-18
  4.17600000e-05   2.05843611e-03   1.18472775e-03  -2.05531714e-02  -7.87733320e-17   1.54299735e-17  -6.99987124e-18
  4.18400000e-05   2.07394791e-03   1.19321183e-03  -2.06009202e-02  -8.04822408e-17   3.00187693e-18  -7.92848564e-18
  4.19200000e-05   2.08815915e-03   1.20094686e-03  -2.06493261e-02  -8.01854680e-17  -9.64433503e-18  -8.66964626e-18
  4.20000000e-05   2.10106828e-03   1.20793485e-03  -2.06983393e-02  -7.78615793e-17  -2.21868303e-17  -9.19845487e-18
  4.20800000e-05   2.11270659e-03   1.21419672e-03  -2.07478944e-02  -7.35409694e-17  -3.42999946e-17  -9.49577959e-18
  4.21600000e-05   2.12313794e-03   1.21977199e-03  -2.07979113e-02  -6.73064215e-17  -4.56627750e-17  -9.54898729e-18
  4.22400000e-05   2.13245754e-03   1.22471807e-03  -2.08482979e-02  -5.92923308e-17  -5.59671990e-17  -9.35243822e-18
  4.23200000e-05   2.14078996e-03   1.22910902e-03  -2.08989513e-02  -4.96825494e-17  -6.49268515e-17  -8.90772358e-18
  4.24000000e-05   2.16862645e-03   1.24601469e-03  -2.10097972e-02  -3.90486673e-17  -7.22083071e-17  -8.31300666e-18
  4.24800000e-05   2.17609540e-03   1.25059332e-03  -2.10746072e-02  -2.69646749e-17  -7.78884889e-17  -7.40628412e-18
  4.25600000e-05   2.18304352e-03   1.25488889e-03  -2.11391268e-02  -1.40487336e-17  -8.15663207e-17  -6.29286478e-18
  4.26400000e-05   2.18969591e-03   1.25903366e-03  -2.12032561e-02  -6.36698986e-19  -8.31056029e-17  -5.00050219e-18
  4.27200000e-05   2.19628772e-03   1.26316517e-03  -2.12669051e-02   1.29136843e-17  -8.24260190e-17  -3.56213138e-18
  4.28000000e-05   2.20305782e-03   1.26742253e-03  -2.13299955e-02   2.62322190e-17  -7.95071400e-17  -2.01491114e-18
  4.28800000e-05   2.21024232e-03   1.27194268e-03  -2.13924638e-02   3.89464185e-17  -7.43908115e-17  -3.99197847e-19
  4.29600000e-05   2.21806802e-03   1.27685650e-03  -2.14542626e-02   5.06921150e-17  -6.71817828e-17   1.24250662e-18
  4.30400000e-05   2.22674589e-03   1.28228511e-03  -2.15153630e-02   6.11242006e-17  -5.80464828e-17   2.86659915e-18
  4.31200000e-05   2.25029199e-03   1.29493653e-03  -2.15337242e-02   6.95109656e-17  -4.67607242e-17   4.45198418e-18
  4.32000000e-05   2.26252711e-03   1.30217469e-03  -2.15921429e-02   7.63087714e-17  -3.45667293e-17   5.91135139e-18
  4.32800000e-05   2.27621694e-03   1.31025268e-03  -2.16497325e-02   8.09875958e-17  -2.12913177e-17   7.22634014e-18
  4.33600000e-05   2.29146163e-03   1.31922449e-03  -2.17065088e-02   8.33798081e-17  -7.29558062e-18   8.35865056e-18
  4.34400000e-05   2.30831760e-03   1.32911892e-03  -2.17625113e-02   8.33805013e-17   7.03095908e-18   9.27345455e-18
  4.35200000e-05   2.32679528e-03   1.33993841e-03  -2.18178024e-02   8.09521940e-17   2.12811411e-17   9.94025873e-18
  4.36000000e-05   2.34685802e-03   1.35165854e-03  -2.18724662e-02   7.61276115e-17   3.50417840e-17   1.03337786e-17
  4.36800000e-05   2.36842247e-03   1.36422830e-03  -2.19266060e-02   6.90104057e-17   4.79057813e-17   1.04348215e-17
  4.37600000e-05   2.39736802e-03   1.38179644e-03  -2.19963061e-02   5.97377173e-17   5.96257956e-17   1.02564496e-17
  4.38400000e-05   2.42468512e-03   1.39792573e-03  -2.20622512e-02   4.85781916e-17   6.96401543e-17   9.75143379e-18
  4.39200000e-05   2.45307266e-03   1.41465829e-03  -2.21282297e-02   3.58077580e-17   7.76927827e-17   8.93644785e-18
  4.40000000e-05   2.48226654e-03   1.43183978e-03  -2.21943865e-02   2.17778895e-17   8.35086759e-17   7.82313000e-18
  4.40800000e-05   2.51197448e-03   1.44930008e-03  -2.22608625e-02   6.88621081e-18   8.68732674e-17   6.43296816e-18
  4.41600000e-05   2.54188423e-03   1.46685807e-03  -2.23277906e-02  -8.43419185e-18   8.76406128e-17   4.79750113e-18
  4.42400000e-05   2.57167253e-03   1.48432682e-03  -2.23952911e-02  -2.37268650e-17   8.57397996e-17   2.95812884e-18
  4.43200000e-05   2.60101473e-03   1.50151918e-03  -2.24634682e-02  -3.85251822e-17   8.11793364e-17   9.65468186e-19
  4.44000000e-05   2.62959461e-03   1.51825345e-03  -2.25324056e-02  -5.23662922e-17   7.40493205e-17  -1.12178364e-18
  4.44800000e-05   2.67048232e-03   1.53967383e-03  -2.25841181e-02  -6.49402707e-17   6.48220666e-17  -3.25968033e-18
  4.45600000e-05   2.69969691e-03   1.55629699e-03  -2.26545330e-02  -7.56435734e-17   5.31958971e-17  -5.35990333e-18
  4.46400000e-05   2.72720499e-03   1.57192165e-03  -2.27259818e-02  -8.41734578e-17   3.97279669e-17  -7.35321465e-18
  4.47200000e-05   2.75279540e-03   1.58643286e-03  -2.27984772e-02  -9.02199919e-17   2.48052513e-17  -9.16751196e-18
  4.48000000e-05   2.77631313e-03   1.59974838e-03  -2.28719993e-02  -9.35435852e-17   8.87103205e-18  -1.07342984e-17
  4.48800000e-05   2.79766536e-03   1.61182200e-03  -2.29464952e-02  -9.39849311e-17  -7.58721477e-18  -1.19917061e-17
  4.49600000e-05   2.81682572e-03   1.62264568e-03  -2.30218811e-02  -9.14728402e-17  -2.40518817e-17  -1.28873366e-17
  4.50400000e-05   2.83383652e-03   1.63225067e-03  -2.30980436e-02  -8.60296026e-17  -3.99909163e-17  -1.33807449e-17
  4.51200000e-05   2.85398638e-03   1.64504501e-03  -2.31801004e-02  -7.78838434e-17  -5.47849134e-17  -1.34772098e-17
  4.52000000e-05   2.86891819e-03   1.65391720e-03  -2.32692490e-02  -6.70851591e-17  -6.81599219e-17  -1.31157091e-17
  4.52800000e-05   2.88207842e-03   1.66178350e-03  -2.33586126e-02  -5.39645031e-17  -7.95202970e-17  -1.23156051e-17
  4.53600000e-05   2.89378914e-03   1.66883496e-03  -2.34479999e-02  -3.89075301e-17  -8.84390815e-17  -1.10960602e-17
  4.54400000e-05   2.87585833e-03   1.65473860e-03  -2.35408555e-02  -2.18446259e-17  -9.51757749e-17  -9.35875408e-18
  4.55200000e-05   2.87777598e-03   1.65561575e-03  -2.36291690e-02  -4.13610551e-18  -9.82811673e-17  -7.38996085e-18
  4.56000000e-05   2.87950007e-03   1.65642759e-03  -2.37169511e-02   1.39447613e-17  -9.80972190e-17  -5.15820934e-18
  4.56800000e-05   2.88150981e-03   1.65744866e-03  -2.38040920e-02   3.17826559e-17  -9.45590387e-17  -2.73670247e-18
  4.57600000e-05   2.88428071e-03   1.65894984e-03  -2.38905019e-02   4.87528911e-17  -8.77179089e-17  -2.05210740e-19
  4.58400000e-05   2.93626136e-03   1.69646511e-03  -2.39657084e-02   6.33561393e-17  -7.66427415e-17   2.33702444e-18
  4.59200000e-05   2.94377243e-03   1.70056880e-03  -2.40573211e-02   7.66097452e-17  -6.40012820e-17   4.85021055e-18
  4.60000000e-05   2.95345682e-03   1.70595129e-03  -2.41480213e-02   8.73253642e-17  -4.89268332e-17   7.22398311e-18
  4.60800000e-05   2.96563495e-03   1.71279615e-03  -2.42378335e-02   9.50625428e-17  -3.19057919e-17   9.37677378e-18
  4.61600000e-05   2.98054245e-03   1.72123717e-03  -2.43268146e-02   9.94764909e-17  -1.35095598e-17   1.12320808e-17
  4.62400000e-05   2.99831980e-03   1.73135242e-03  -2.44150523e-02   1.00334332e-16   5.62374898e-18   1.27204767e-17
  4.63200000e-05   3.01900521e-03   1.74316029e-03  -2.45026632e-02   9.75277370e-17   2.48108270e-17   1.37816038e-17
  4.64000000e-05   3.04253105e-03   1.75661749e-03  -2.45897887e-02   9.10813002e-17   4.33472085e-17   1.43662133e-17
  4.64800000e-05   3.06872405e-03   1.77161932e-03  -2.46765908e-02   8.11561548e-17   6.05329916e-17   1.44382693e-17
  4.65600000e-05   3.14651793e-03   1.81654927e-03  -2.47282438e-02   6.71395602e-17   7.67660580e-17   1.41823722e-17
  4.66400000e-05   3.18018592e-03   1.83625955e-03  -2.48254640e-02   5.10877771e-17   8.91816253e-17   1.31409121e-17
  4.67200000e-05   3.21556495e-03   1.85693448e-03  -2.49228304e-02   3.28293223e-17   9.84147627e-17   1.15682922e-17
  4.68000000e-05   3.25208458e-03   1.87823811e-03  -2.50205534e-02   1.30087151e-17   1.04037748e-16   9.50071330e-18
  4.68800000e-05   3.28912092e-03   1.89980469e-03  -2.51188328e-02  -7.64902884e-18   1.05748332e-16   6.99644757e-18
  4.69600000e-05   3.32601923e-03   1.92125192e-03  -2.52178489e-02  -2.83635688e-17   1.03386351e-16   4.13569971e-18
  4.70400000e-05   3.36211853e-03   1.94219537e-03  -2.53177554e-02  -4.83276924e-17   9.69456130e-17   1.01920136e-18
  4.71200000e-05   3.39677719e-03   1.96226337e-03  -2.54186721e-02  -6.67381254e-17   8.65803723e-17  -2.23461905e-18
  4.72000000e-05   3.42939867e-03   1.98111200e-03  -2.55206799e-02  -8.28276342e-17   7.26058171e-17  -5.49392587e-18
  4.72800000e-05   3.52661358e-03   2.03536987e-03  -2.56075305e-02  -9.69924270e-17   5.69176721e-17  -8.83358492e-18
  4.73600000e-05   3.55872037e-03   2.05340459e-03  -2.57217215e-02  -1.06778995e-16   3.71280531e-17  -1.18093833e-17
  4.74400000e-05   3.58708568e-03   2.06925548e-03  -2.58371188e-02  -1.12435353e-16   1.54516567e-17  -1.43724160e-17
  4.75200000e-05   3.61148038e-03   2.08279858e-03  -2.59536135e-02  -1.13618177e-16  -7.26921373e-18  -1.63934831e-17
  4.76000000e-05   3.63183282e-03   2.09400164e-03  -2.60710500e-02  -1.10158497e-16  -3.01171743e-17  -1.77646338e-17
  4.76800000e-05   3.64823616e-03   2.10292796e-03  -2.61892317e-02  -1.02077030e-16  -5.21353945e-17  -1.84059653e-17
  4.77600000e-05   3.66094888e-03   2.10973634e-03  -2.63079283e-02  -8.95921795e-17  -7.23671667e-17  -1.82708431e-17
  4.78400000e-05   3.67038830e-03   2.11467693e-03  -2.64268847e-02  -7.31197927e-17  -8.98978864e-17  -1.73491133e-17
  4.79200000e-05   3.72699837e-03   2.14865430e-03  -2.65143067e-02  -5.40143440e-17  -1.02589176e-16  -1.59061314e-17
  4.80000000e-05   3.73343990e-03   2.15189299e-03  -2.66478622e-02  -3.18235216e-17  -1.12609763e-16  -1.35521327e-17
  4.80800000e-05   3.73849413e-03   2.15436341e-03  -2.67809191e-02  -7.85752347e-18  -1.17917966e-16  -1.05826635e-17
  4.81600000e-05   3.74309537e-03   2.15661159e-03  -2.69131868e-02   1.68695010e-17  -1.18139882e-16  -7.12058697e-18
  4.82400000e-05   3.74821361e-03   2.15920253e-03  -2.70444035e-02   4.12690468e-17  -1.13119461e-16  -3.31168791e-18
  4.83200000e-05   3.75481197e-03   2.16269540e-03  -2.71743483e-02   6.42255829e-17  -1.02936366e-16   6.82076422e-19
  4.84000000e-05   3.76380282e-03   2.16761800e-03  -2.73028530e-02   8.46480320e-17  -8.79132811e-17   4.68947662e-18
  4.84800000e-05   3.77600472e-03   2.17444177e-03  -2.74298107e-02   1.01523031e-16  -6.86116173e-17   8.53667864e-18
  4.85600000e-05   3.79537322e-03   2.18732292e-03  -2.75354945e-02   1.13735042e-16  -4.56914451e-17   1.20471774e-17
  4.86400000e-05   3.84001483e-03   2.21269569e-03  -2.76634673e-02   1.20707067e-16  -1.99394955e-17   1.51606770e-17
  4.87200000e-05   3.86977242e-03   2.23122903e-03  -2.77994578e-02   1.22274676e-16   6.67744825e-18   1.75569643e-17
  4.88000000e-05   3.90487219e-03   2.25288623e-03  -2.79339261e-02   1.17998732e-16   3.34532105e-17   1.91930143e-17
  4.88800000e-05   3.94517448e-03   2.27756632e-03  -2.80671477e-02   1.07917014e-16   5.90973060e-17   1.99646037e-17
  4.89600000e-05   3.99028518e-03   2.30502012e-03  -2.81994653e-02   9.23555611e-17   8.23265069e-17   1.97978676e-17
  4.90400000e-05   4.03956749e-03   2.33485809e-03  -2.83312734e-02   7.19253548e-17   1.01929358e-16   1.86556355e-17
  4.91200000e-05   4.09216613e-03   2.36656531e-03  -2.84629997e-02   4.75042204e-17   1.16830216e-16   1.65436357e-17
  4.92000000e-05   4.14704332e-03   2.39952335e-03  -2.85950833e-02   2.02041487e-17   1.26149607e-16   1.35158343e-17
  4.92800000e-05   4.20302524e-03   2.43303809e-03  -2.87279527e-02  -8.67503234e-18   1.29257734e-16   9.67794726e-18
  4.93600000e-05   4.29596131e-03   2.48465488e-03  -2.88562229e-02  -3.82393101e-17   1.26629851e-16   5.21055307e-18
  4.94400000e-05   4.36109228e-03   2.52198257e-03  -2.90074432e-02  -6.62364878e-17   1.16741171e-16   1.91528858e-19
  4.95200000e-05   4.42324057e-03   2.55747725e-03  -2.91606456e-02  -9.14499655e-17   1.00515859e-16  -5.05606686e-18
  4.96000000e-05   4.48113221e-03   2.59041157e-03  -2.93160449e-02  -1.12458948e-16   7.86030455e-17  -1.02445326e-17
  4.96800000e-05   4.53368506e-03   2.62017452e-03  -2.94737417e-02  -1.28006615e-16   5.19855128e-17  -1.50686861e-17
  4.97600000e-05   4.58007320e-03   2.64630812e-03  -2.96337143e-02  -1.37077314e-16   2.19454371e-17  -1.92264033e-17
  4.98400000e-05   4.61978037e-03   2.66853734e-03  -2.97958176e-02  -1.38965796e-16  -9.98896132e-18  -2.24409809e-17
  4.99200000e-05   4.65263868e-03   2.68679141e-03  -2.99597882e-02  -1.33333978e-16  -4.21146773e-17  -2.44830895e-17
  5.00000000e-05   4.69224523e-03   2.71264077e-03  -3.01157723e-02  -1.20494335e-16  -7.22803451e-17  -2.52844114e-17
  5.00800000e-05   4.71734316e-03   2.72738912e-03  -3.03043353e-02  -1.00643325e-16  -9.95424064e-17  -2.46255188e-17
  5.01600000e-05   4.73668678e-03   2.73885191e-03  -3.04936196e-02  -7.46707460e-17  -1.21844690e-16  -2.25426338e-17
  5.02400000e-05   4.75164948e-03   2.74784295e-03  -3.06829740e-02  -4.38619638e-17  -1.37702836e-16  -1.91246925e-17
  5.03200000e-05   4.67782786e-03   2.71135524e-03  -3.09219284e-02  -8.67753762e-18  -1.48195707e-16  -1.43071036e-17
  5.04000000e-05   4.66493396e-03   2.70452440e-03  -3.11130106e-02   2.75412622e-17  -1.48208237e-16  -8.75372130e-18
  5.04800000e-05   4.65338997e-03   2.69853355e-03  -3.13022496e-02   6.29820720e-17  -1.39299287e-16  -2.64593306e-18
  5.05600000e-05   4.64524570e-03   2.69456851e-03  -3.14893517e-02   9.54498341e-17  -1.21707962e-16   3.66592149e-18
  5.06400000e-05   4.64239191e-03   2.69371949e-03  -3.16741397e-02   1.22833894e-16  -9.62297495e-17   9.81959192e-18
  5.07200000e-05   4.64643829e-03   2.69691059e-03  -3.18565696e-02   1.43249079e-16  -6.41954828e-17   1.54589315e-17
  5.08000000e-05   4.81664055e-03   2.79011847e-03  -3.19918990e-02   1.52120574e-16  -2.43465015e-17   2.07796512e-17
  5.08800000e-05   4.84382870e-03   2.80651435e-03  -3.21954699e-02   1.53907825e-16   1.42144590e-17   2.43946191e-17
  5.09600000e-05   4.88104108e-03   2.82870591e-03  -3.23971888e-02   1.45866637e-16   5.28314133e-17   2.65895162e-17
  5.10400000e-05   4.92783430e-03   2.85641019e-03  -3.25975961e-02   1.28157618e-16   8.89753216e-17   2.71703938e-17
  5.11200000e-05   4.98313327e-03   2.88898008e-03  -3.27973349e-02   1.01597376e-16   1.20160273e-16   2.60208309e-17
  5.12000000e-05   5.04527886e-03   2.92543358e-03  -3.29971100e-02   6.76415787e-17   1.44114586e-16   2.31192452e-17
  5.12800000e-05   5.11211705e-03   2.96450700e-03  -3.31976415e-02   2.83224260e-17   1.58948667e-16   1.85552938e-17
  5.13600000e-05   5.18112619e-03   3.00472992e-03  -3.33996128e-02  -1.38584262e-17   1.63308197e-16   1.25419050e-17
  5.14400000e-05   5.42238811e-03   3.14512842e-03  -3.35194604e-02  -5.87471264e-17   1.60332237e-16   5.54053535e-18
  5.15200000e-05   5.50129738e-03   3.19083245e-03  -3.37551094e-02  -9.90916283e-17   1.41973327e-16  -2.72905104e-18
  5.16000000e-05   5.57321653e-03   3.23238773e-03  -3.39940814e-02  -1.33495825e-16   1.13006023e-16  -1.11408174e-17
  5.16800000e-05   5.63551754e-03   3.26829115e-03  -3.42365284e-02  -1.59216154e-16   7.50745095e-17  -1.90410682e-17
  5.17600000e-05   5.68619294e-03   3.29740542e-03  -3.44823509e-02  -1.73996219e-16   3.05861086e-17  -2.57674215e-17
  5.18400000e-05   5.72403074e-03   3.31905878e-03  -3.47311998e-02  -1.76273544e-16  -1.74143205e-17  -3.07157353e-17
  5.19200000e-05   5.74873940e-03   3.33311529e-03  -3.49824953e-02  -1.65350935e-16  -6.54330054e-17  -3.34068561e-17
  5.20000000e-05   5.76100900e-03   3.34000790e-03  -3.52354641e-02  -1.41514515e-16  -1.09770848e-16  -3.35429638e-17
  5.20800000e-05   5.76249909e-03   3.34072890e-03  -3.54891900e-02  -1.06082567e-16  -1.46807386e-16  -3.10445060e-17
  5.21600000e-05   5.92515046e-03   3.43656655e-03  -3.56795034e-02  -6.42567683e-17  -1.69469967e-16  -2.69938130e-17
  5.22400000e-05   5.91775447e-03   3.43216358e-03  -3.59715424e-02  -1.43943036e-17  -1.84110806e-16  -1.99346569e-17
  5.23200000e-05   5.90854392e-03   3.42684873e-03  -3.62612296e-02   3.81517024e-17  -1.84262754e-16  -1.11970714e-17
  5.24000000e-05   5.90198811e-03   3.42322184e-03  -3.65475850e-02   8.91451703e-17  -1.69252582e-16  -1.45715236e-18
  5.24800000e-05   5.90246670e-03   3.42381880e-03  -3.68298578e-02   1.34222025e-16  -1.39669967e-16   8.52667892e-18
  5.25600000e-05   5.91389750e-03   3.43089547e-03  -3.71076007e-02   1.69268166e-16  -9.74069946e-17   1.79704791e-17
  5.26400000e-05   5.93938298e-03   3.44622358e-03  -3.73807269e-02   1.90808194e-16  -4.55798644e-17   2.61151834e-17
  5.27200000e-05   5.98090843e-03   3.47091755e-03  -3.76495400e-02   1.96367799e-16   1.16697576e-17   3.22703171e-17
  5.28000000e-05   6.03912190e-03   3.50530972e-03  -3.79147314e-02   1.84771621e-16   6.94843182e-17   3.58547285e-17
  5.28800000e-05   6.22970191e-03   3.61689958e-03  -3.81297720e-02   1.54139879e-16   1.25090213e-16   3.70493754e-17
  5.29600000e-05   6.33885398e-03   3.68131631e-03  -3.84340652e-02   1.10026409e-16   1.68424255e-16   3.42785570e-17
  5.30400000e-05   6.45943337e-03   3.75225920e-03  -3.87383519e-02   5.43056212e-17   1.97567303e-16   2.81918878e-17
  5.31200000e-05   6.58609867e-03   3.82660333e-03  -3.90444601e-02  -8.31299402e-18   2.09081953e-16   1.90890973e-17
  5.32000000e-05   6.71275983e-03   3.90080077e-03  -3.93540878e-02  -7.21520821e-17   2.01005873e-16   7.61659799e-18
  5.32800000e-05   6.83312380e-03   3.97119909e-03  -3.96686256e-02  -1.31050916e-16   1.73164134e-16  -5.23884751e-18
  5.33600000e-05   6.94129731e-03   4.03439182e-03  -3.99890045e-02  -1.78943738e-16   1.27336595e-16  -1.82144061e-17
  5.34400000e-05   7.03239108e-03   4.08756846e-03  -4.03155874e-02  -2.10484753e-16   6.72451817e-17  -2.98976622e-17
  5.35200000e-05   7.10306350e-03   4.12882800e-03  -4.06481171e-02  -2.21661336e-16  -1.66279608e-18  -3.89031536e-17
  5.36000000e-05   7.30362508e-03   4.24300143e-03  -4.09531796e-02  -2.13075889e-16  -6.96496154e-17  -4.52162650e-17
  5.36800000e-05   7.34850495e-03   4.26923574e-03  -4.13548162e-02  -1.80425827e-16  -1.36472064e-16  -4.61491955e-17
  5.37600000e-05   7.37190492e-03   4.28311877e-03  -4.17592717e-02  -1.27268012e-16  -1.91134996e-16  -4.20711737e-17
  5.38400000e-05   7.37965656e-03   4.28809546e-03  -4.21639844e-02  -5.83286690e-17  -2.26869011e-16  -3.32815207e-17
  5.39200000e-05   7.37950295e-03   4.28870309e-03  -4.25662710e-02   1.95005639e-17  -2.38575359e-16  -2.06565995e-17
  5.40000000e-05   7.38032535e-03   4.29011660e-03  -4.29636054e-02   9.77751003e-17  -2.23601061e-16  -5.53171853e-18
  5.40800000e-05   7.39118190e-03   4.29758704e-03  -4.33539059e-02   1.67377595e-16  -1.82287923e-16   1.04654938e-17
  5.41600000e-05   7.42025987e-03   4.31583285e-03  -4.37358021e-02   2.19584771e-16  -1.18192134e-16   2.55918154e-17
  5.42400000e-05   6.90841593e-03   4.02033161e-03  -4.43534533e-02   2.56624912e-16  -5.11381993e-17   3.53361237e-17
  5.43200000e-05   7.50726195e-03   4.37103781e-03  -4.45484974e-02   2.48079858e-16   4.98144708e-17   4.66938625e-17
  5.44000000e-05   7.56947840e-03   4.40799924e-03  -4.50070574e-02   2.17256129e-16   1.33928152e-16   4.96560072e-17
  5.44800000e-05   7.66334945e-03   4.46333520e-03  -4.54649180e-02   1.58039894e-16   2.04665922e-16   4.67307023e-17
  5.45600000e-05   7.78061946e-03   4.53218929e-03  -4.59246262e-02   7.64401774e-17   2.51991454e-16   3.78190319e-17
  5.46400000e-05   7.90974548e-03   4.60780276e-03  -4.63886000e-02  -1.80404227e-17   2.68191248e-16   2.35634880e-17
  5.47200000e-05   8.03722983e-03   4.68229609e-03  -4.68587733e-02  -1.13366202e-16   2.49167946e-16   5.45314910e-18
  5.48000000e-05   8.14932956e-03   4.74766813e-03  -4.73362858e-02  -1.96406817e-16   1.95396499e-16  -1.42154404e-17
  5.48800000e-05   8.23394244e-03   4.79689547e-03  -4.78212822e-02  -2.54716798e-16   1.12350542e-16  -3.25877846e-17
  5.49600000e-05   9.01175562e-03   5.24835195e-03  -4.79886622e-02  -2.87576359e-16   2.80036018e-17  -5.09410973e-17
  5.50400000e-05   9.03497022e-03   5.26170569e-03  -4.85961424e-02  -2.77283684e-16  -8.41580526e-17  -6.06645834e-17
  5.51200000e-05   9.00955663e-03   5.24678712e-03  -4.92069712e-02  -2.24528343e-16  -1.88527481e-16  -6.12121475e-17
  5.52000000e-05   8.94422931e-03   5.20875674e-03  -4.98173579e-02  -1.34505346e-16  -2.68297997e-16  -5.22015973e-17
  5.52800000e-05   8.85429352e-03   5.15659653e-03  -5.04234221e-02  -1.88965416e-17  -3.09090831e-16  -3.49276617e-17
  5.53600000e-05   8.75965196e-03   5.10193691e-03  -5.10217060e-02   1.05340691e-16  -3.01696861e-16  -1.20829076e-17
  5.54400000e-05   8.68187822e-03   5.05734416e-03  -5.16096774e-02   2.18283678e-16  -2.44237882e-16   1.27866964e-17
  5.55200000e-05   8.64076339e-03   5.03430637e-03  -5.21861811e-02   3.00193143e-16  -1.43258451e-16   3.58848060e-17
  5.56000000e-05   8.65088315e-03   5.04123814e-03  -5.27517675e-02   3.35032918e-16  -1.34098716e-17   5.36612971e-17
  5.56800000e-05   8.70933542e-03   5.09265113e-03  -5.33063977e-02   3.13537629e-16   1.24121651e-16   6.30845975e-17
  5.57600000e-05   9.52129296e-03   5.56372856e-03  -5.36516450e-02   2.21287264e-16   2.56695684e-16   6.58903557e-17
  5.58400000e-05   9.74172445e-03   5.69401341e-03  -5.43389811e-02   9.54604798e-17   3.33868002e-16   5.20988526e-17
  5.59200000e-05   9.98465066e-03   5.83721137e-03  -5.50340971e-02  -5.38848499e-17   3.53145384e-16   2.76803459e-17
  5.60000000e-05   1.02184887e-02   5.97478841e-03  -5.57425001e-02  -1.99821689e-16   3.06303264e-16  -3.79922816e-18
  5.60800000e-05   1.04119272e-02   6.08842430e-03  -5.64672696e-02  -3.13313675e-16   1.97402424e-16  -3.64871451e-17
  5.61600000e-05   1.05401290e-02   6.16364616e-03  -5.72083082e-02  -3.68948922e-16   4.36695524e-17  -6.32706278e-17
  5.62400000e-05   1.05902706e-02   6.19306197e-03  -5.79622538e-02  -3.50836434e-16  -1.26338954e-16  -7.76001180e-17
  5.63200000e-05   1.05651223e-02   6.17843667e-03  -5.87230540e-02  -2.57346898e-16  -2.77506540e-16  -7.54977428e-17
  5.64000000e-05   1.12417963e-02   6.57015584e-03  -5.90937797e-02  -1.14019955e-16  -3.55834713e-16  -6.12531242e-17
  5.64800000e-05   1.11458422e-02   6.51410478e-03  -6.00617157e-02   6.33724595e-17  -3.83927080e-16  -2.98792962e-17
  5.65600000e-05   1.10629959e-02   6.46616233e-03  -6.10108931e-02   2.37248252e-16  -3.25131936e-16   8.56110354e-18
  5.66400000e-05   1.10400937e-02   6.45373491e-03  -6.19354358e-02   3.65868084e-16  -1.86011272e-16   4.58340278e-17
  5.67200000e-05   1.11125453e-02   6.49743930e-03  -6.28344853e-02   4.13861578e-16   6.10902941e-18   7.38248840e-17
  5.68000000e-05   1.12947988e-02   6.60553965e-03  -6.37131443e-02   3.62379403e-16   2.07453392e-16   8.57490885e-17
  5.68800000e-05   1.15750568e-02   6.77089645e-03  -6.45819776e-02   2.16401019e-16   3.67149776e-16   7.72783276e-17
  5.69600000e-05   1.19161654e-02   6.97154327e-03  -6.54547659e-02   6.62451598e-18   4.39857357e-16   4.80549183e-17
  5.70400000e-05   1.22632689e-02   7.17522631e-03  -6.63448887e-02  -2.15513579e-16   3.98819827e-16   3.29673521e-18
  5.71200000e-05   1.33215684e-02   7.79298068e-03  -6.67806590e-02  -3.98914223e-16   2.63854362e-16  -4.87858495e-17
  5.72000000e-05   1.36396085e-02   7.97972072e-03  -6.80221380e-02  -4.81549663e-16   2.79469924e-17  -9.32805092e-17
  5.72800000e-05   1.37930898e-02   8.06979043e-03  -6.92992343e-02  -4.27747804e-16  -2.32794966e-16  -1.12246124e-16
  5.73600000e-05   1.37965189e-02   8.07204540e-03  -7.05941019e-02  -2.39633127e-16  -4.40016673e-16  -9.71460414e-17
  5.74400000e-05   1.37112709e-02   8.02279425e-03  -7.18826486e-02   3.67293744e-17  -5.21501177e-16  -5.11985899e-17
  5.75200000e-05   1.36305598e-02   7.97687989e-03  -7.31408892e-02   3.19185227e-16  -4.37677578e-16   1.17495406e-17
  5.76000000e-05   1.36516916e-02   7.99133430e-03  -7.43522084e-02   5.12355526e-16  -2.01354664e-16   7.24313010e-17
  5.76800000e-05   1.38435007e-02   8.10627373e-03  -7.55138692e-02   5.40260245e-16   1.18782282e-16   1.11793699e-16
  5.77600000e-05   1.42199753e-02   8.32949998e-03  -7.66400857e-02   3.77769658e-16   4.15435516e-16   1.15243156e-16
  5.78400000e-05   1.47305073e-02   8.63091374e-03  -7.77589606e-02   6.78252935e-17   5.77477697e-16   7.69462596e-17
  5.79200000e-05   1.59741366e-02   9.34712747e-03  -7.89075480e-02  -2.99951260e-16   5.43019769e-16   3.60184283e-18
  5.80000000e-05   1.67121119e-02   9.77989715e-03  -8.05251434e-02  -5.72996084e-16   2.81012696e-16  -8.47896583e-17
  5.80800000e-05   1.71992213e-02   1.00648783e-02  -8.22297704e-02  -6.32420182e-16  -1.19035351e-16  -1.46847193e-16
  5.81600000e-05   1.73980549e-02   1.01809577e-02  -8.39981189e-02  -4.26513070e-16  -5.00513278e-16  -1.49005745e-16
  5.82400000e-05   1.73916165e-02   1.01776358e-02  -8.57788141e-02  -1.60184956e-17  -6.88223280e-16  -8.49052710e-17
  5.83200000e-05   1.73597363e-02   1.01608215e-02  -8.75114067e-02   4.31134237e-16  -5.71350861e-16   1.91858708e-17
