       time             b_x              b_y              b_z              F_x              F_y              F_z
  0.00000000e+00   2.59454473e-02   1.71507695e-02  -7.04565658e-02   9.57534985e-17   1.32202487e-15   3.57072628e-16
  8.00000000e-08   2.72488045e-02   1.80167980e-02  -7.10448423e-02  -6.66999149e-16   1.24130733e-15   5.89691514e-17
  1.60000000e-07   2.83959869e-02   1.87747005e-02  -7.18508380e-02  -1.22507014e-15   7.10937469e-16  -2.98388136e-16
  2.40000000e-07   2.91431449e-02   1.92387245e-02  -7.29162639e-02  -1.35506786e-15  -1.16368496e-16  -5.72296471e-16
  3.20000000e-07   2.93213391e-02   1.93497717e-02  -7.41357282e-02  -9.71386241e-16  -9.47938585e-16  -6.31608291e-16
  4.00000000e-07   2.62566433e-02   1.73318545e-02  -7.79019048e-02  -1.39511748e-16  -1.50009839e-15  -3.80768576e-16
  4.80000000e-07   2.53587222e-02   1.67399515e-02  -7.89772620e-02   7.94087319e-16  -1.36974919e-15  -3.53582196e-17
  5.60000000e-07   2.47550040e-02   1.63449559e-02  -7.98546971e-02   1.43387951e-15  -6.58171512e-16   3.09786519e-16
  6.40000000e-07   2.47186729e-02   1.63741040e-02  -8.05525023e-02   1.49221330e-15   3.53272253e-16   5.29717239e-16
  7.20000000e-07   2.54038366e-02   1.68337134e-02  -8.12258308e-02   9.13594709e-16   1.24869181e-15   5.44518048e-16
  8.00000000e-07   2.92644518e-02   1.93814111e-02  -7.94977139e-02  -1.34788665e-16   1.64585648e-15   3.51639102e-16
  8.80000000e-07   3.10875985e-02   2.05911278e-02  -8.07997705e-02  -1.13382825e-15   1.32642204e-15  -9.82115626e-17
  9.60000000e-07   3.23092784e-02   2.13976863e-02  -8.24282204e-02  -1.66851675e-15   3.60529760e-16  -5.60415708e-16
  1.04000000e-06   3.24914829e-02   2.15127385e-02  -8.42366521e-02  -1.42224927e-15  -8.56246782e-16  -7.67257475e-16
  1.12000000e-06   3.17281952e-02   2.09466721e-02  -8.59856753e-02  -4.44266021e-16  -1.70925908e-15  -5.80318156e-16
  1.20000000e-06   3.04260605e-02   2.01379152e-02  -8.74704109e-02   8.11647046e-16  -1.70976672e-15  -1.11305239e-16
  1.28000000e-06   2.95286478e-02   1.95473014e-02  -8.85834220e-02   1.70202632e-15  -8.12401888e-16   3.88089221e-16
  1.36000000e-06   2.96173428e-02   1.96139774e-02  -8.93832422e-02   1.73356289e-15   5.40202954e-16   6.92960485e-16
  1.44000000e-06   3.08246185e-02   2.04223043e-02  -9.00851605e-02   8.38603589e-16   1.65489654e-15   6.62111673e-16
  1.52000000e-06   3.26959556e-02   2.16673289e-02  -9.09770764e-02  -5.58279512e-16   1.92396563e-15   2.57578226e-16
  1.60000000e-06   3.43887155e-02   2.27885512e-02  -9.22485809e-02  -1.70919496e-15   1.12193750e-15  -3.60002168e-16
  1.68000000e-06   3.51064060e-02   2.32590152e-02  -9.38546918e-02  -1.91209127e-15  -3.95456262e-16  -8.13220674e-16
  1.76000000e-06   3.45823425e-02   2.29056240e-02  -9.55409457e-02  -9.61332541e-16  -1.75456860e-15  -7.68619350e-16
  1.84000000e-06   3.32980457e-02   2.20518809e-02  -9.70053173e-02   6.26778770e-16  -2.06771824e-15  -2.54899103e-16
  1.92000000e-06   3.22209091e-02   2.13412771e-02  -9.80632447e-02   1.88030245e-15  -1.08328619e-15   3.82063063e-16
  2.00000000e-06   3.22042914e-02   2.13380998e-02  -9.87444339e-02   1.98675565e-15   6.08535183e-16   7.79457024e-16
  2.08000000e-06   3.34516873e-02   2.21730245e-02  -9.93044212e-02   8.25475982e-16   1.96051354e-15   7.15819883e-16
  2.16000000e-06   3.75090471e-02   2.48426439e-02  -9.69031658e-02  -9.26739899e-16   2.08663193e-15   1.76220492e-16
  2.24000000e-06   4.01937909e-02   2.66186430e-02  -9.86029794e-02  -2.11559634e-15   8.74237651e-16  -6.26378811e-16
  2.32000000e-06   4.10583999e-02   2.71821842e-02  -1.00901592e-01  -1.91447560e-15  -1.05156175e-15  -1.06231277e-15
  2.40000000e-06   3.99045599e-02   2.64096093e-02  -1.03229445e-01  -3.22820033e-16  -2.33940825e-15  -7.23290232e-16
  2.48000000e-06   3.79873708e-02   2.51398164e-02  -1.04987931e-01   1.58278838e-15  -1.94229429e-15   1.07603293e-16
  2.56000000e-06   3.71381861e-02   2.45874321e-02  -1.05916929e-01   2.39080905e-15  -9.41613626e-17   8.16442907e-16
  2.64000000e-06   3.84171449e-02   2.54488530e-02  -1.06293628e-01   1.44376275e-15   1.86444262e-15   9.68196975e-16
  2.72000000e-06   4.13452358e-02   2.73977696e-02  -1.06831936e-01  -6.34984106e-16   2.49932998e-15   3.95223572e-16
  2.80000000e-06   4.41712766e-02   2.92685186e-02  -1.08144454e-01  -2.31145544e-15   1.22600553e-15  -6.12297435e-16
  2.88000000e-06   4.50869481e-02   2.98654636e-02  -1.10176545e-01  -2.18386943e-15  -1.13827575e-15  -1.20224446e-15
  2.96000000e-06   4.37346525e-02   2.89608801e-02  -1.12252489e-01  -2.12216562e-16  -2.65726404e-15  -7.68249539e-16
  3.04000000e-06   4.16594042e-02   2.75871009e-02  -1.13654070e-01   2.00867346e-15  -1.93152363e-15   2.67434349e-16
  3.12000000e-06   4.10242886e-02   2.71777506e-02  -1.14152318e-01   2.57254590e-15   4.52773808e-16   1.03232454e-15
  3.20000000e-06   4.27725592e-02   2.83494692e-02  -1.14221651e-01   9.46035047e-16   2.48621001e-15   9.71331381e-16
  3.28000000e-06   4.58437585e-02   3.03895550e-02  -1.14737510e-01  -1.55234754e-15   2.44396333e-15   2.70662374e-17
  3.36000000e-06   4.79687360e-02   3.17911786e-02  -1.16172979e-01  -2.74887335e-15   2.09656934e-16  -1.07765799e-15
  3.44000000e-06   4.75898687e-02   3.15290676e-02  -1.18105452e-01  -1.44140206e-15  -2.33398226e-15  -1.20387685e-15
  3.52000000e-06   4.54163017e-02   3.00845558e-02  -1.19645324e-01   1.26371749e-15  -2.73073429e-15  -2.06941250e-16
  3.60000000e-06   4.38496336e-02   2.90542657e-02  -1.20231876e-01   2.83182785e-15  -5.44678837e-16   9.01170089e-16
  3.68000000e-06   4.47015546e-02   2.96325265e-02  -1.20104343e-01   1.76111050e-15   2.15838915e-15   1.18799119e-15
  3.76000000e-06   4.75344522e-02   3.15176273e-02  -1.20174379e-01  -9.97730050e-16   2.88499332e-15   3.61987251e-16
  3.84000000e-06   5.00208912e-02   3.31608573e-02  -1.21176510e-01  -2.86365950e-15   8.56494600e-16  -9.47714250e-16
  3.92000000e-06   5.00471584e-02   3.31667289e-02  -1.22866988e-01  -1.93012855e-15  -2.11863019e-15  -1.35809858e-15
  4.00000000e-06   4.78800106e-02   3.17244551e-02  -1.24296237e-01   9.79741543e-16  -3.00512764e-15  -3.89601507e-16
  4.08000000e-06   4.60033028e-02   3.04872585e-02  -1.24756648e-01   2.94018187e-15  -8.42030876e-16   8.78404999e-16
  4.16000000e-06   4.65754300e-02   3.08798989e-02  -1.24420089e-01   1.96442304e-15   2.15652052e-15   1.27059050e-15
  4.24000000e-06   4.93033152e-02   3.26955297e-02  -1.24246712e-01  -1.00144800e-15   3.03215388e-15   4.00519016e-16
  4.32000000e-06   5.17145795e-02   3.42885788e-02  -1.25039994e-01  -2.99783647e-15   8.35988516e-16  -1.01061260e-15
  4.40000000e-06   5.15526150e-02   3.41692816e-02  -1.26531846e-01  -1.88760965e-15  -2.32176513e-15  -1.39604587e-15
  4.48000000e-06   4.92051816e-02   3.26078812e-02  -1.27701480e-01   1.24808528e-15  -3.04605566e-15  -2.96888947e-16
  4.56000000e-06   4.73760786e-02   3.14030184e-02  -1.27846838e-01   3.08707201e-15  -5.34230479e-16   1.01275024e-15
  4.64000000e-06   4.81750648e-02   3.19457926e-02  -1.27251754e-01   1.69649035e-15   2.51425539e-15   1.27344739e-15
  4.72000000e-06   5.09593417e-02   3.37969332e-02  -1.26971890e-01  -1.48374043e-15   2.96681566e-15   1.94207042e-16
  4.80000000e-06   5.29832559e-02   3.51311051e-02  -1.27721545e-01  -3.12623836e-15   2.72636432e-16  -1.22187896e-15
  4.88000000e-06   5.22125565e-02   3.46081751e-02  -1.29031994e-01  -1.39178237e-15  -2.79403755e-15  -1.31258187e-15
  4.96000000e-06   4.96204649e-02   3.28867949e-02  -1.29819469e-01   1.88107057e-15  -2.80358037e-15   8.77236210e-18
