       time             b_x              b_y              b_z              F_x              F_y              F_z
  0.00000000e+00   6.02411845e-03   2.13620791e-03  -4.49583047e-02  -5.69039364e-16   5.56956649e-16  -4.97835793e-17
  8.00000000e-08   6.20176980e-03   2.19563729e-03  -4.51750147e-02  -7.27217969e-16   3.32508287e-16  -8.36739263e-17
  1.60000000e-07   6.30507849e-03   2.23037526e-03  -4.54115167e-02  -7.99386699e-16   6.24592098e-17  -1.07921707e-16
  2.40000000e-07   6.32769062e-03   2.23650051e-03  -4.56702789e-02  -7.73995424e-16  -2.21181203e-16  -1.18069685e-16
  3.20000000e-07   5.88107520e-03   2.07992500e-03  -4.60810328e-02  -6.49922943e-16  -4.90512814e-16  -1.05086090e-16
  4.00000000e-07   5.71444074e-03   2.02021622e-03  -4.63567097e-02  -4.38325137e-16  -6.96164876e-16  -8.43715315e-17
  4.80000000e-07   5.85784772e-03   2.06988801e-03  -4.65225392e-02  -1.68116949e-16  -8.09445617e-16  -5.71822886e-17
  5.60000000e-07   5.59257643e-03   1.97595424e-03  -4.68398248e-02   1.29890344e-16  -8.27921231e-16  -1.94175104e-17
  6.40000000e-07   5.34218219e-03   1.88770595e-03  -4.71454640e-02   4.18064761e-16  -7.37278469e-16   1.78514134e-17
  7.20000000e-07   5.14184087e-03   1.81755546e-03  -4.74350358e-02   6.57259794e-16  -5.46055820e-16   5.03222669e-17
  8.00000000e-07   5.02080057e-03   1.77576508e-03  -4.77057385e-02   8.13204215e-16  -2.77011937e-16   7.52745514e-17
  8.80000000e-07   4.99823708e-03   1.76899077e-03  -4.79570607e-02   8.61699302e-16   3.53531427e-17   9.11131068e-17
  9.60000000e-07   5.08033255e-03   1.79926490e-03  -4.81911895e-02   7.92657927e-16   3.49149462e-16   9.65981185e-17
  1.04000000e-06   5.25488624e-03   1.86962830e-03  -4.84103011e-02   6.12124765e-16   6.20624927e-16   9.04143091e-17
  1.12000000e-06   5.50808803e-03   1.96097221e-03  -4.86260835e-02   3.42558135e-16   8.10711794e-16   7.14970939e-17
  1.20000000e-06   5.80374140e-03   2.06710438e-03  -4.88440713e-02   1.94787015e-17   8.90175059e-16   3.99871275e-17
  1.28000000e-06   6.10278240e-03   2.17399778e-03  -4.90715325e-02  -3.12547956e-16   8.44360911e-16  -1.46262831e-18
  1.36000000e-06   6.36484793e-03   2.26722384e-03  -4.93140605e-02  -6.05991696e-16   6.75871992e-16  -4.71405491e-17
  1.44000000e-06   6.56085678e-03   2.32402884e-03  -4.95798671e-02  -8.16909209e-16   4.05297015e-16  -8.91027473e-17
  1.52000000e-06   7.13300484e-03   2.52568445e-03  -4.96914538e-02  -9.12642187e-16   7.63071186e-17  -1.27127563e-16
  1.60000000e-06   7.11374708e-03   2.51752474e-03  -5.00391435e-02  -8.76951188e-16  -2.79101234e-16  -1.38712470e-16
  1.68000000e-06   6.96822661e-03   2.46479860e-03  -5.04007008e-02  -7.07749947e-16  -6.01337047e-16  -1.27258880e-16
  1.76000000e-06   6.72029889e-03   2.37614796e-03  -5.07688609e-02  -4.25703084e-16  -8.39249393e-16  -9.56301287e-17
  1.84000000e-06   6.41012797e-03   2.26594249e-03  -5.11352093e-02  -7.02694141e-17  -9.52322360e-16  -5.10087604e-17
  1.92000000e-06   6.08848713e-03   2.15223658e-03  -5.14909944e-02   3.05259656e-16  -9.18030753e-16  -2.27709493e-18
  2.00000000e-06   5.80908505e-03   2.05403734e-03  -5.18281501e-02   6.41494641e-16  -7.36695139e-16   4.27045458e-17
  2.08000000e-06   5.62007109e-03   1.98829545e-03  -5.21405802e-02   8.82456977e-16  -4.32786118e-16   7.86137067e-17
  2.16000000e-06   5.55608653e-03   1.96710362e-03  -5.24255285e-02   9.85341923e-16  -5.21380647e-17   1.02470765e-16
  2.24000000e-06   5.63221441e-03   1.99558035e-03  -5.26846196e-02   9.28679690e-16   3.44775176e-16   1.12339232e-16
  2.32000000e-06   5.83578367e-03   2.07690233e-03  -5.29197206e-02   7.17031984e-16   6.92333955e-16   1.06243069e-16
  2.40000000e-06   6.14673229e-03   2.18918383e-03  -5.31490990e-02   3.81777087e-16   9.31349662e-16   8.25146097e-17
  2.48000000e-06   6.51324024e-03   2.32083609e-03  -5.33806372e-02  -2.40808070e-17   1.01843177e-15   4.13402543e-17
  2.56000000e-06   6.87779900e-03   2.45120361e-03  -5.36254576e-02  -4.33535201e-16   9.34242822e-16  -1.28996306e-17
  2.64000000e-06   7.66384718e-03   2.72977823e-03  -5.37100999e-02  -7.77236595e-16   6.93446085e-16  -7.56592981e-17
  2.72000000e-06   7.90203546e-03   2.81380371e-03  -5.40548733e-02  -9.94937456e-16   3.22369548e-16  -1.28664559e-16
  2.80000000e-06   7.97887453e-03   2.82614550e-03  -5.44301896e-02  -1.04284845e-15  -1.15303711e-16  -1.58857099e-16
  2.88000000e-06   7.87077472e-03   2.78633106e-03  -5.48321100e-02  -9.06013861e-16  -5.44064809e-16  -1.57699123e-16
  2.96000000e-06   7.60729165e-03   2.69181579e-03  -5.52496056e-02  -6.01499440e-16  -8.85172090e-16  -1.25946634e-16
  3.04000000e-06   7.23975294e-03   2.56102442e-03  -5.56702034e-02  -1.78443160e-16  -1.07192607e-15  -7.25183850e-17
  3.12000000e-06   6.83984162e-03   2.41949068e-03  -5.60801140e-02   2.88954427e-16  -1.06335737e-15  -1.06344423e-17
  3.20000000e-06   6.48688026e-03   2.29532246e-03  -5.64660292e-02   7.13837602e-16  -8.53968842e-16   4.72929517e-17
  3.28000000e-06   6.25306288e-03   2.21396389e-03  -5.68174822e-02   1.01293368e-15  -4.77056642e-16   9.28895757e-17
  3.36000000e-06   6.18942744e-03   2.19324660e-03  -5.71294722e-02   1.12364330e-15  -3.07378038e-19   1.21724116e-16
  3.44000000e-06   6.31146615e-03   2.24527836e-03  -5.73978180e-02   1.01798533e-15   4.85960573e-16   1.30947430e-16
  3.52000000e-06   6.60930918e-03   2.35356725e-03  -5.76455506e-02   7.10844911e-16   8.86559977e-16   1.17698109e-16
  3.60000000e-06   7.02856447e-03   2.50477108e-03  -5.78828658e-02   2.57446679e-16   1.11994694e-15   7.97246510e-17
  3.68000000e-06   7.49338514e-03   2.67154109e-03  -5.81280843e-02  -2.55650720e-16   1.13493518e-15   1.92047730e-17
  3.76000000e-06   7.91724361e-03   2.82284935e-03  -5.83972270e-02  -7.26964771e-16   9.21838744e-16  -5.39982026e-17
  3.84000000e-06   8.75038207e-03   3.11636017e-03  -5.84787440e-02  -1.05897266e-15   5.22588617e-16  -1.30608843e-16
  3.92000000e-06   8.91798396e-03   3.16174593e-03  -5.88845825e-02  -1.18387726e-15   2.11031930e-18  -1.79183170e-16
  4.00000000e-06   8.83510238e-03   3.13046505e-03  -5.93352327e-02  -1.06538756e-15  -5.33205502e-16  -1.86769123e-16
  4.08000000e-06   8.53210696e-03   3.02155921e-03  -5.98136443e-02  -7.18091605e-16  -9.69814180e-16  -1.51423399e-16
  4.16000000e-06   8.07931276e-03   2.86031878e-03  -6.03009295e-02  -2.06845251e-16  -1.20892489e-15  -8.50580262e-17
  4.24000000e-06   7.58099593e-03   2.68391686e-03  -6.07752139e-02   3.63580264e-16  -1.19001517e-15  -7.20032506e-18
  4.32000000e-06   7.15372640e-03   2.53367598e-03  -6.12149506e-02   8.68851431e-16  -9.07471180e-16   6.39759970e-17
  4.40000000e-06   6.90091250e-03   2.44603656e-03  -6.16034335e-02   1.19240231e-15  -4.15593896e-16   1.17073119e-16
  4.48000000e-06   6.88631826e-03   2.44810361e-03  -6.19283379e-02   1.25367500e-15   1.80463713e-16   1.46540327e-16
  4.56000000e-06   7.12889095e-03   2.53732306e-03  -6.22062132e-02   1.03050760e-15   7.47205360e-16   1.48574832e-16
  4.64000000e-06   7.58204961e-03   2.70140516e-03  -6.24519734e-02   5.66347039e-16   1.15344003e-15   1.18650857e-16
  4.72000000e-06   8.15302898e-03   2.90675631e-03  -6.26931270e-02  -3.73203209e-17   1.30089507e-15   5.54624003e-17
  4.80000000e-06   8.71987650e-03   3.10953662e-03  -6.29575929e-02  -6.43240628e-16   1.14778534e-15  -3.24011481e-17
  4.88000000e-06   9.15891202e-03   3.26553798e-03  -6.32660827e-02  -1.10898636e-15   7.20494678e-16  -1.23356867e-16
  4.96000000e-06   9.37385543e-03   3.34060355e-03  -6.36273626e-02  -1.31960280e-15   1.11261011e-16  -1.88568038e-16
  5.04000000e-06   9.32835905e-03   3.30800763e-03  -6.40467242e-02  -1.21598658e-15  -5.39120222e-16  -2.04953077e-16
  5.12000000e-06   9.02412904e-03   3.19855074e-03  -6.44914331e-02  -8.12195312e-16  -1.07226738e-15  -1.66829242e-16
  5.20000000e-06   8.90315571e-03   3.15385496e-03  -6.47723003e-02  -1.98263111e-16  -1.34398356e-15  -9.26923476e-17
  5.28000000e-06   8.28237482e-03   2.93415870e-03  -6.53373927e-02   4.77961304e-16  -1.29380514e-15   2.48594373e-18
  5.36000000e-06   7.77606617e-03   2.75644180e-03  -6.58501424e-02   1.05169847e-15  -9.12064429e-16   8.60138511e-17
  5.44000000e-06   7.52812279e-03   2.67133535e-03  -6.62844057e-02   1.36876705e-15  -2.85652457e-16   1.43942950e-16
  5.52000000e-06   7.61740867e-03   2.70873995e-03  -6.66290495e-02   1.33564747e-15   4.28788374e-16   1.70130730e-16
  5.60000000e-06   8.04032114e-03   2.86307368e-03  -6.69048076e-02   9.50136235e-16   1.04478465e-15   1.58892855e-16
  5.68000000e-06   8.70239535e-03   3.10214659e-03  -6.71457515e-02   3.05496407e-16   1.39611720e-15   1.04094609e-16
  5.76000000e-06   9.44548283e-03   3.36885523e-03  -6.73974039e-02  -4.32254330e-16   1.38191752e-15   8.49630975e-18
  5.84000000e-06   1.00861948e-02   3.59741398e-03  -6.77000429e-02  -1.06712116e-15   9.94840063e-16  -1.06120175e-16
  5.92000000e-06   1.04644086e-02   3.73076637e-03  -6.80769864e-02  -1.42383060e-15   3.27118818e-16  -2.00936351e-16
  6.00000000e-06   1.04974089e-02   3.72539530e-03  -6.85367588e-02  -1.39518685e-15  -4.47411361e-16  -2.38012876e-16
  6.08000000e-06   1.01696355e-02   3.60681723e-03  -6.90485888e-02  -9.75056568e-16  -1.11535143e-15  -2.01870001e-16
  6.16000000e-06   9.59339771e-03   3.40129161e-03  -6.95852496e-02  -2.67333446e-16  -1.48148465e-15  -1.09270247e-16
  6.24000000e-06   8.94470809e-03   3.17163882e-03  -7.01051842e-02   5.35223573e-16  -1.42848636e-15   3.66272262e-18
  6.32000000e-06   8.42381663e-03   2.98883050e-03  -7.05670837e-02   1.20094144e-15  -9.57533715e-16   1.02804369e-16
