       time             b_x              b_y              b_z              F_x              F_y              F_z
  0.00000000e+00   3.10112968e-03   1.12068673e-03  -3.42665151e-02  -6.19504556e-14   7.19939591e-14  -3.25197125e-15
  8.00000000e-08   6.60731706e-03   2.35051642e-03  -3.68871222e-02  -7.99643458e-14   7.56323366e-14  -9.50398721e-15
  1.60000000e-07   1.11411665e-02   3.88485102e-03  -3.94675898e-02  -1.00341007e-13   7.69134925e-14  -2.07542038e-14
  2.40000000e-07   1.67031916e-02   5.68836504e-03  -4.18515903e-02  -1.21769678e-13   7.39083499e-14  -3.85534836e-14
  3.20000000e-07   2.31875744e-02   7.68820265e-03  -4.40834111e-02  -1.42503213e-13   6.40898297e-14  -6.37783733e-14
  4.00000000e-07   3.00617693e-02   9.67419719e-03  -4.71505033e-02  -1.62494790e-13   4.32246696e-14  -9.47331758e-14
  4.80000000e-07   3.70192749e-02   1.15507153e-02  -5.29390351e-02  -1.83927722e-13   3.54945249e-15  -1.27842757e-13
  5.60000000e-07   4.20359049e-02   1.26806987e-02  -6.38689832e-02  -2.06152178e-13  -6.96239726e-14  -1.49504086e-13
  6.40000000e-07   3.73524542e-02   1.09364280e-02  -8.34013081e-02  -2.17005439e-13  -1.95568932e-13  -1.22833940e-13
