       time             b_x              b_y              b_z              F_x              F_y              F_z
  0.00000000e+00   2.95376522e-04   7.08480271e-05  -1.09756413e-02  -1.75421282e-14   1.51481231e-15  -4.62315706e-16
  8.00000000e-08   3.11752156e-04   7.30414917e-05  -1.09434537e-02  -1.75365204e-14   7.62692799e-16  -4.94481902e-16
  1.60000000e-07   3.21458472e-04   7.36099995e-05  -1.09117016e-02  -1.75012697e-14   2.04177312e-17  -5.15449255e-16
  2.40000000e-07   3.20919275e-04   7.11572757e-05  -1.08793858e-02  -1.74365346e-14  -7.08215380e-16  -5.18973663e-16
  3.20000000e-07   3.12879478e-04   6.69922215e-05  -1.08467432e-02  -1.73425973e-14  -1.42381516e-15  -5.09049328e-16
  4.00000000e-07   2.98211216e-04   6.17345758e-05  -1.08166003e-02  -1.72243909e-14  -2.12631925e-15  -4.87008287e-16
  4.80000000e-07   2.72644409e-04   5.48761391e-05  -1.07828349e-02  -1.70734087e-14  -2.81041460e-15  -4.46004613e-16
  5.60000000e-07   2.40230867e-04   4.77090637e-05  -1.07494121e-02  -1.68959906e-14  -3.47836042e-15  -3.93034312e-16
  6.40000000e-07   1.97497235e-04   3.82507645e-05  -1.07156020e-02  -1.66934638e-14  -4.12638956e-15  -3.22403773e-16
