       time             b_x              b_y              b_z              F_x              F_y              F_z
  0.00000000e+00   2.20473582e-04   1.20256211e-04  -1.78813869e-03  -1.08274748e-15  -6.17259182e-16  -1.75012412e-16
  8.00000000e-08   2.10626472e-04   1.14588357e-04  -1.59361701e-03  -9.44664871e-16  -5.87974223e-16  -1.67133274e-16
  1.60000000e-07   2.07705095e-04   1.12155619e-04  -1.40011025e-03  -8.01156076e-16  -5.71966104e-16  -1.64668040e-16
  2.40000000e-07   2.03430572e-04   1.08752183e-04  -1.19678650e-03  -6.53396640e-16  -5.50172072e-16  -1.61059024e-16
  3.20000000e-07   1.94339233e-04   1.04792515e-04  -9.94843179e-04  -5.08905286e-16  -5.16028011e-16  -1.53769096e-16
  4.00000000e-07   1.87931690e-04   9.93718734e-05  -7.92340306e-04  -3.68195875e-16  -4.86496214e-16  -1.48344988e-16
  4.80000000e-07   1.82307712e-04   9.56839460e-05  -5.84245996e-04  -2.20297634e-16  -4.57224106e-16  -1.43622660e-16
  5.60000000e-07   1.72591555e-04   9.15613764e-05  -3.75984546e-04  -7.40629412e-17  -4.18093591e-16  -1.35813728e-16
  6.40000000e-07   1.67552415e-04   8.76600454e-05  -1.67074393e-04   7.24195929e-17  -3.89025556e-16  -1.31485860e-16
