       time             b_x              b_y              b_z              F_x              F_y              F_z
  0.00000000e+00   6.47754553e-03  -5.90371823e-03   2.28472076e-03  -1.84639808e-16  -1.94307430e-16   2.13927427e-17
  8.00000000e-09   6.48019592e-03  -5.90466668e-03   2.26587701e-03  -1.84903211e-16  -1.94024115e-16   2.31968916e-17
  1.60000000e-08   6.48097714e-03  -5.90429654e-03   2.24809893e-03  -1.85111568e-16  -1.93674435e-16   2.49955822e-17
  2.40000000e-08   6.48179871e-03  -5.90388268e-03   2.23033172e-03  -1.85304563e-16  -1.93321706e-16   2.67934162e-17
  3.20000000e-08   6.48266066e-03  -5.90342518e-03   2.21257619e-03  -1.85482224e-16  -1.92965956e-16   2.85903079e-17
  4.00000000e-08   6.48356307e-03  -5.90292412e-03   2.19483310e-03  -1.85644577e-16  -1.92607211e-16   3.03861718e-17
  4.80000000e-08   6.48450596e-03  -5.90237961e-03   2.17710324e-03  -1.85791651e-16  -1.92245493e-16   3.21809229e-17
  5.60000000e-08   6.48548938e-03  -5.90179172e-03   2.15938740e-03  -1.85923476e-16  -1.91880826e-16   3.39744762e-17
  6.40000000e-08   6.48651338e-03  -5.90116055e-03   2.14168636e-03  -1.86040082e-16  -1.91513231e-16   3.57667470e-17
  7.20000000e-08   6.48757798e-03  -5.90048619e-03   2.12400090e-03  -1.86141503e-16  -1.91142728e-16   3.75576510e-17
  8.00000000e-08   6.48868322e-03  -5.89976873e-03   2.10633179e-03  -1.86227772e-16  -1.90769336e-16   3.93471039e-17
  8.80000000e-08   6.48982913e-03  -5.89900827e-03   2.08867983e-03  -1.86298926e-16  -1.90393072e-16   4.11350217e-17
  9.60000000e-08   6.49101574e-03  -5.89820488e-03   2.07104578e-03  -1.86355001e-16  -1.90013952e-16   4.29213209e-17
  1.04000000e-07   6.49224307e-03  -5.89735868e-03   2.05343044e-03  -1.86396034e-16  -1.89631991e-16   4.47059181e-17
  1.12000000e-07   6.49351113e-03  -5.89646975e-03   2.03583457e-03  -1.86422066e-16  -1.89247201e-16   4.64887299e-17
  1.20000000e-07   6.49481995e-03  -5.89553819e-03   2.01825896e-03  -1.86433137e-16  -1.88859595e-16   4.82696736e-17
  1.28000000e-07   6.49616953e-03  -5.89456409e-03   2.00070438e-03  -1.86429289e-16  -1.88469184e-16   5.00486665e-17
  1.36000000e-07   6.49755989e-03  -5.89354755e-03   1.98317160e-03  -1.86410566e-16  -1.88075976e-16   5.18256261e-17
  1.44000000e-07   6.49899103e-03  -5.89248868e-03   1.96566141e-03  -1.86377012e-16  -1.87679980e-16   5.36004704e-17
  1.52000000e-07   6.50046296e-03  -5.89138755e-03   1.94817458e-03  -1.86328673e-16  -1.87281202e-16   5.53731174e-17
  1.60000000e-07   6.50197568e-03  -5.89024428e-03   1.93071188e-03  -1.86265597e-16  -1.86879647e-16   5.71434857e-17
  1.68000000e-07   6.50352918e-03  -5.88905897e-03   1.91327408e-03  -1.86187831e-16  -1.86475321e-16   5.89114937e-17
  1.76000000e-07   6.50512346e-03  -5.88783171e-03   1.89586195e-03  -1.86095426e-16  -1.86068224e-16   6.06770605e-17
  1.84000000e-07   6.50675850e-03  -5.88656260e-03   1.87847627e-03  -1.85988432e-16  -1.85658360e-16   6.24401052e-17
  1.92000000e-07   6.50843430e-03  -5.88525175e-03   1.86111780e-03  -1.85866902e-16  -1.85245727e-16   6.42005472e-17
  2.00000000e-07   6.51015085e-03  -5.88389925e-03   1.84378732e-03  -1.85730889e-16  -1.84830326e-16   6.59583064e-17
  2.08000000e-07   6.51190811e-03  -5.88250522e-03   1.82648558e-03  -1.85580448e-16  -1.84412153e-16   6.77133026e-17
  2.16000000e-07   6.51370607e-03  -5.88106975e-03   1.80921336e-03  -1.85415634e-16  -1.83991205e-16   6.94654561e-17
  2.24000000e-07   6.51554470e-03  -5.87959294e-03   1.79197141e-03  -1.85236504e-16  -1.83567476e-16   7.12146875e-17
  2.32000000e-07   6.51742398e-03  -5.87807491e-03   1.77476051e-03  -1.85043117e-16  -1.83140962e-16   7.29609176e-17
  2.40000000e-07   6.51934388e-03  -5.87651576e-03   1.75758141e-03  -1.84835532e-16  -1.82711654e-16   7.47040673e-17
  2.48000000e-07   6.52130435e-03  -5.87491559e-03   1.74043488e-03  -1.84613810e-16  -1.82279544e-16   7.64440581e-17
  2.56000000e-07   6.52330537e-03  -5.87327451e-03   1.72332167e-03  -1.84378011e-16  -1.81844622e-16   7.81808116e-17
  2.64000000e-07   6.52534689e-03  -5.87159263e-03   1.70624254e-03  -1.84128200e-16  -1.81406878e-16   7.99142497e-17
  2.72000000e-07   6.52742887e-03  -5.86987006e-03   1.68919825e-03  -1.83864440e-16  -1.80966298e-16   8.16442944e-17
  2.80000000e-07   6.52955126e-03  -5.86810691e-03   1.67218955e-03  -1.83586795e-16  -1.80522869e-16   8.33708683e-17
  2.88000000e-07   6.53171401e-03  -5.86630327e-03   1.65521720e-03  -1.83295333e-16  -1.80076578e-16   8.50938941e-17
  2.96000000e-07   6.53391707e-03  -5.86445928e-03   1.63828195e-03  -1.82990121e-16  -1.79627408e-16   8.68132948e-17
  3.04000000e-07   6.53616039e-03  -5.86257503e-03   1.62138455e-03  -1.82671226e-16  -1.79175343e-16   8.85289935e-17
  3.12000000e-07   6.53844390e-03  -5.86065063e-03   1.60452574e-03  -1.82338719e-16  -1.78720364e-16   9.02409139e-17
  3.20000000e-07   6.54076755e-03  -5.85868621e-03   1.58770628e-03  -1.81992669e-16  -1.78262452e-16   9.19489798e-17
  3.28000000e-07   6.54313126e-03  -5.85668187e-03   1.57092691e-03  -1.81633149e-16  -1.77801588e-16   9.36531152e-17
  3.36000000e-07   6.54553498e-03  -5.85463773e-03   1.55418837e-03  -1.81260232e-16  -1.77337750e-16   9.53532446e-17
  3.44000000e-07   6.54797863e-03  -5.85255391e-03   1.53749141e-03  -1.80873990e-16  -1.76870915e-16   9.70492925e-17
  3.52000000e-07   6.55046213e-03  -5.85043050e-03   1.52083677e-03  -1.80474499e-16  -1.76401061e-16   9.87411840e-17
  3.60000000e-07   6.55298542e-03  -5.84826765e-03   1.50422518e-03  -1.80061834e-16  -1.75928162e-16   1.00428844e-16
  3.68000000e-07   6.55554841e-03  -5.84606545e-03   1.48765739e-03  -1.79636073e-16  -1.75452194e-16   1.02112198e-16
  3.76000000e-07   6.55815103e-03  -5.84382403e-03   1.47113412e-03  -1.79197293e-16  -1.74973129e-16   1.03791173e-16
  3.84000000e-07   6.56079318e-03  -5.84154350e-03   1.45465611e-03  -1.78745573e-16  -1.74490941e-16   1.05465693e-16
  3.92000000e-07   6.56347478e-03  -5.83922399e-03   1.43822409e-03  -1.78280993e-16  -1.74005600e-16   1.07135686e-16
  4.00000000e-07   6.56619574e-03  -5.83686561e-03   1.42183879e-03  -1.77803633e-16  -1.73517078e-16   1.08801077e-16
  4.08000000e-07   6.56895596e-03  -5.83446849e-03   1.40550093e-03  -1.77313576e-16  -1.73025343e-16   1.10461795e-16
  4.16000000e-07   6.57175536e-03  -5.83203274e-03   1.38921125e-03  -1.76810903e-16  -1.72530365e-16   1.12117765e-16
  4.24000000e-07   6.57459382e-03  -5.82955849e-03   1.37297047e-03  -1.76295700e-16  -1.72032112e-16   1.13768915e-16
  4.32000000e-07   6.57747126e-03  -5.82704587e-03   1.35677929e-03  -1.75768049e-16  -1.71530549e-16   1.15415174e-16
  4.40000000e-07   6.58038756e-03  -5.82449498e-03   1.34063846e-03  -1.75228038e-16  -1.71025643e-16   1.17056469e-16
  4.48000000e-07   6.58334262e-03  -5.82190596e-03   1.32454867e-03  -1.74675752e-16  -1.70517359e-16   1.18692728e-16
  4.56000000e-07   6.58633633e-03  -5.81927894e-03   1.30851065e-03  -1.74111279e-16  -1.70005661e-16   1.20323880e-16
  4.64000000e-07   6.58936858e-03  -5.81661404e-03   1.29252511e-03  -1.73534707e-16  -1.69490513e-16   1.21949854e-16
  4.72000000e-07   6.59243926e-03  -5.81391138e-03   1.27659275e-03  -1.72946126e-16  -1.68971878e-16   1.23570579e-16
  4.80000000e-07   6.59554823e-03  -5.81117110e-03   1.26071429e-03  -1.72345624e-16  -1.68449716e-16   1.25185984e-16
  4.88000000e-07   6.59869539e-03  -5.80839331e-03   1.24489043e-03  -1.71733294e-16  -1.67923989e-16   1.26795999e-16
  4.96000000e-07   6.60188062e-03  -5.80557816e-03   1.22912187e-03  -1.71109228e-16  -1.67394657e-16   1.28400554e-16
  5.04000000e-07   6.60510378e-03  -5.80272577e-03   1.21340932e-03  -1.70473517e-16  -1.66861680e-16   1.29999579e-16
  5.12000000e-07   6.59956084e-03  -5.79235169e-03   1.19810950e-03  -1.69624318e-16  -1.66079328e-16   1.31420486e-16
  5.20000000e-07   6.60303522e-03  -5.78955903e-03   1.18248245e-03  -1.68970347e-16  -1.65545997e-16   1.33007326e-16
  5.28000000e-07   6.60654880e-03  -5.78673085e-03   1.16691340e-03  -1.68305039e-16  -1.65008920e-16   1.34588603e-16
  5.36000000e-07   6.61010143e-03  -5.78386729e-03   1.15140304e-03  -1.67628488e-16  -1.64468051e-16   1.